-2.698373044036692647e-01 6.627712894974953084e-01 7.962779198195126806e-01 -7.050438115166135500e-01 4.445843081936362573e-02 -5.549045129519787345e-01 5.080938488177586532e-01 8.206690870288610995e-01
6.163562705024743238e-01 5.999038306401636156e-01 -6.188062446307709408e-01 4.178797653735677464e-01 1.184614172602029836e-01 3.714520688988138808e-01 -5.696066787673477183e-01 5.201459542649808920e-01
-9.740284629621538404e-01 5.231083080156804233e-01 -6.852848772037134495e-01 9.940878305696743134e-02 5.153836012732584404e-01 8.956328235552295514e-01 -7.857893851656683193e-01 2.798398893195173098e-01
7.316419771226099211e-01 3.577201015130040407e-01 -7.495462368601524261e-01 3.025550130600909160e-01 -4.187341617948514561e-01 -5.647015896021092551e-01 -2.366753427832868351e-01 -9.506456562069660610e-01
7.376238640088625953e-01 5.345415975561782496e-01 3.925361857293248047e-01 9.419873446123239180e-01 6.598693702121194438e-01 -7.384378968310350011e-01 -4.817121966306066039e-01 -8.268723163716868996e-01
-7.528526286755354846e-02 4.339088774219637124e-01 1.120985729920933593e-01 -7.297939159616757543e-01 7.519400563898754886e-01 -9.702539242204530900e-01 -9.944726620972390574e-01 9.806510888639023982e-01
3.495535704309582492e-01 5.461915405181527738e-02 2.500174633469685048e-01 3.183398384531974656e-01 -6.138502751814820524e-01 1.052659750299436148e-01 2.729168347797314986e-01 9.319527949003347800e-02
-9.652299418853260704e-02 9.700980096729083790e-02 -3.495901045122578044e-01 -5.866132483469677084e-01 -7.542607551518922815e-01 3.204022153098866621e-01 -2.234051331146924557e-01 3.999721926039858655e-01
-6.986838160857726798e-01 3.027147706769239832e-01 -8.517528170310380009e-01 1.373224243003048350e-01 7.425645357222019349e-01 -6.671643535745275244e-02 -6.794545260872395520e-01 -3.886679497445479914e-01
-1.128993633058259505e-01 -1.668462354068602771e-01 6.915279622219769884e-01 -4.713643942931116104e-01 2.720639374398892141e-01 8.368033252638718000e-01 -9.358166620110273115e-01 -1.145152127337059067e-01
