-6.141147946206679809e-01 -6.281689854252801020e-01 8.622194690097697567e-01 4.334449385129710564e-01 1.141229574307922601e-01 9.917317959995117782e-01 -8.445193800772283765e-01 8.001379387196763115e-01
8.910957536862840200e-01 2.770588984385133902e-01 -1.987624395344960160e-01 -2.984105130106968762e-01 -9.249537879391083184e-01 2.015492536505678611e-01 9.297376835184718580e-01 -7.232769834720875757e-01
6.554771128955980686e-01 -6.706770693597399191e-01 2.547037714306796818e-01 -9.851786620552585028e-01 6.370697342115463346e-01 -8.402313733812234453e-01 -3.546529461135154992e-01 5.510806096905853657e-01
-3.411998051426956557e-02 2.900660074845888836e-01 -9.973001966667689455e-01 6.697569497805662131e-01 9.489150254218667868e-01 5.017925077318290406e-01 3.677538482244879781e-01 -1.402463603339429987e-01
-3.717760429270255962e-02 -8.747857599814961027e-01 6.429174074485477508e-01 6.367526770874871733e-01 9.574576127545182391e-01 4.667380808870154052e-01 8.129772035979543343e-01 9.175401430972840444e-02
-5.437535519486644819e-01 -7.282684876538356722e-01 -1.232531542806574176e-01 -1.211649335433999664e-01 -2.219181173269770824e-01 5.412885297543570395e-01 -6.825299754290496956e-01 -9.129626939525450346e-01
-9.521991181761115808e-01 9.699047152811932637e-01 3.598485991382460725e-03 -2.412156916127283779e-03 -5.350146795706758329e-01 9.928749165443111480e-01 -3.812564456653892986e-01 4.485779447053936941e-01
-3.509388277735305817e-01 3.846270429723057660e-01 8.009578048967147534e-01 2.604003578895253135e-02 -3.239218742850189514e-01 -1.742853929247156763e-02 -4.379314548744048796e-01 5.699558401805013830e-01
9.550666711651922824e-01 -5.938008052573902074e-01 -9.457797183070009162e-01 6.306047281353028833e-01 -1.353997795328709675e-01 -5.389861141587624083e-01 1.656568248646901331e-01 3.487297846232708665e-01
-2.110723582592197722e-01 6.418855976932458240e-02 6.342317510895436605e-01 -2.167239149006872090e-01 7.177364725704376003e-01 3.548150940759047245e-01 -2.970391541471193442e-01 6.176248571151330413e-01
