9.815206293131377713e-01 -9.633955223781853761e-03 7.422664754527663611e-01 -7.007359946852573795e-01 -8.532992918583115483e-02 -7.273869888189321564e-02 -4.846089245743738783e-01 9.639359561821634337e-01
7.679497801154413494e-01 1.276808352278073766e-01 4.431237408191264215e-01 -5.783947609821267211e-01 1.603192295876969542e-01 -1.834178546426685763e-01 -4.571839992364612471e-02 3.999386800906024053e-01
-6.539963846353700205e-01 -7.353137897944832524e-01 5.465590568168599006e-01 1.542441549442334914e-01 -2.305971541201639052e-01 -2.533990641630408103e-01 -9.643716732123503999e-01 7.727943183555765483e-01
-6.775361282087120074e-01 -2.473283320027896970e-02 4.202794884755609583e-01 -4.503601888771031625e-01 -1.686065061918962105e-01 -2.245350748845134081e-01 -5.864181223738507143e-01 -7.131766726050310368e-01
-6.592116712240103649e-01 -6.396621463482714542e-01 4.068294804511078944e-01 -1.177714540004728416e-01 -8.981662460712533935e-01 4.479049725794383985e-01 7.962023695326014838e-02 3.630517285209193812e-01
9.192650018503347731e-01 -3.956203759169876211e-01 8.771785852192159894e-01 -2.279587524081108096e-01 -1.881606895998744200e-02 -6.004091837590412872e-01 -8.743562267471856053e-01 1.568456112286051862e-01
4.811882824265261149e-01 2.396403034141092458e-01 -8.568452274401290314e-01 -4.925118447048120185e-01 -7.303080503519234767e-01 -3.304726337922996304e-01 -3.729341172339084576e-01 1.082382589255725946e-02
-6.850856446802500166e-02 -7.817720044086819975e-01 -5.684934487057058394e-01 -2.305373745873318114e-02 -9.579460852537846627e-02 4.615827682218527350e-01 3.972778873624376317e-01 3.865503548589783733e-01
-5.481317941336969479e-01 -4.959267963116273936e-01 -5.149803930152461184e-01 -4.271602756178103366e-01 -9.852040107116835088e-01 -4.647982663420826555e-01 7.292145556901412640e-01 2.267107063455608973e-01
8.196741336465025451e-01 1.083164139078440780e-01 4.028793348884425196e-01 2.006143319925213220e-01 6.193030804249721744e-01 5.240802825600421322e-01 1.546605305361414828e-01 -9.613791937098028484e-01
