7.186865979841510210e-01 4.152513690148997849e-01 -3.384923128816710314e-01 9.317865636778943639e-03 2.528770030148950188e-01 7.610350686662403774e-02 6.934038767544101756e-01 2.986278113457367933e-01
-6.299448427027978248e-01 1.568516385110774181e-01 4.047974824405458083e-01 5.483831066692832490e-01 4.593445191565288521e-01 5.794012814941436051e-01 5.208981011798896610e-01 -4.986806822551337337e-01
-9.654842205250568909e-01 8.275093918110090208e-01 8.569052211559073928e-01 9.342923783558580997e-01 9.806847234960371917e-01 6.301088979591988881e-01 -4.541797983090494206e-01 5.277527042698137993e-01
-7.711986079993875531e-01 1.110503592742451140e-01 -5.326154101432760690e-01 5.877623168854539948e-01 -3.111398822039412870e-02 6.703500653049356828e-01 2.480340738047319693e-01 -4.110813782749378476e-02
-8.684099610866431451e-01 5.373708404168375807e-02 3.598557774645267937e-01 -8.371268572274035424e-01 6.478147693646203464e-01 7.687834792297112418e-01 -1.173791201524203576e-01 7.058533744737309767e-01
-4.322677908710816919e-01 7.374070395497953623e-01 -7.625021782006335958e-01 -7.962819467385340300e-01 1.544557851637602397e-01 5.910309129794815153e-01 5.002521734881713034e-01 7.453012040299102914e-01
8.904833202427682171e-01 5.046727994176551935e-01 2.553534935188754851e-01 2.843468785300526935e-01 3.490921058459828252e-01 5.920932946164021438e-01 6.883588356996952484e-01 -7.450712972347204310e-01
-5.997244553244662768e-01 9.213501562647947729e-01 3.276112133384825320e-01 9.558175184278130398e-01 -5.098684843825218582e-01 6.326077225536685944e-01 -1.143113089013771955e-01 -2.402471061281259423e-01
6.439868490087679032e-01 -2.349574894305213046e-01 9.024240828065059894e-01 -4.409276572542837336e-01 9.555898491848169307e-01 -4.632090796595851323e-01 -7.522793295233858313e-01 9.551067317497115017e-01
-6.646012209553537886e-01 9.324452513781911200e-02 -6.425258150264503421e-01 7.945471028938799751e-01 8.828892527226357423e-01 -7.978025480044068640e-01 8.409727360724303935e-01 8.683463180045378760e-01
