-3.087311277780755425e-01 -4.267329834438771119e-01 -4.443041405292282864e-01 -2.626609257352423565e-01 7.051064322071989299e-01 -5.736634011823242840e-01 5.186870153520972693e-01 -3.721720638667640468e-01
-3.628754510628904306e-01 -3.983121789017156633e-01 1.694256950369343873e-01 5.649199938418325573e-02 -4.974427815510242823e-01 5.096779540550835375e-01 -9.126720478487229116e-01 7.748641143500381023e-01
1.428992169535918677e-01 1.003616140089411690e-01 9.904569959791960088e-01 -2.282555240249988238e-01 3.551338955849570045e-01 -1.364230508315085189e-01 -8.946072109202787281e-01 8.053467092223622892e-01
6.973717940784207592e-02 -2.385532177353433259e-01 -5.597395246249099454e-01 5.544748197556081948e-01 -1.623400689696796739e-01 7.501584103992451347e-01 -6.348024590779151044e-01 -8.191531899806656636e-01
-8.536975878066814793e-01 -6.840618874495283386e-01 -7.857821691848214662e-01 -8.065730333167389077e-01 -2.665210006112297414e-01 7.633744191558071712e-01 -6.788416329201716337e-01 -1.533076871741068103e-01
8.146467342236658471e-01 -1.335183728435542783e-01 2.398228157270112515e-01 1.526132463962655006e-01 4.865232263408318936e-01 3.973862904456031409e-01 6.936641118122022220e-02 9.155094270395478517e-01
3.679717201505845470e-01 -4.398680685197933204e-01 -7.674041218716141088e-01 -3.922580563869197956e-01 9.589850542631179753e-01 -4.799101151245899199e-01 3.766514417588040509e-01 9.200112433258440525e-01
-2.131971187010206492e-01 -1.728383214261968170e-01 3.621938461435150192e-01 -8.481126645727778968e-01 3.578283790900378403e-01 -7.725433441644815602e-01 7.174038676877267928e-01 -1.046958187067008605e-01
-7.634124593277968884e-02 4.111589916990434634e-01 -7.601893785484377108e-01 -1.081646361770491893e-01 5.661564067099837949e-01 -2.942038802907902539e-01 -4.780505707395377168e-01 1.960335726946111912e-01
6.769111711218680494e-01 -5.399132938030479778e-01 2.843625723031335539e-01 1.733074754362751158e-01 5.957723939474799391e-01 4.639575759181921999e-01 2.809233049681445493e-01 -3.679533688138847403e-01
