7.526860400382593408e-01 -3.368711385217466603e-01 -1.852298356550197145e-01 4.792337183004555801e-01 -2.426472227251326164e-01 9.199961748997982358e-01 3.012280956812760646e-01 -3.211970782645003908e-01
2.911442355840174745e-01 -2.492154701985209719e-01 4.264010723572486672e-01 -9.562138881022448356e-01 3.387748274342550214e-01 6.382129797642843716e-01 6.383075749607338700e-01 5.042009525648960544e-01
-3.635536399750403103e-01 -7.220120923432251647e-01 1.581548450520304794e-01 2.106966515630979142e-01 -3.884671966717359037e-01 -7.612923309613219836e-01 1.786786429005844390e-01 -5.669038194638353900e-01
-6.129984535484716002e-01 -8.412725447517217514e-01 -5.342450704280388152e-01 -7.874524880379505376e-01 7.589069488759756510e-01 -2.285762869822247634e-01 4.015139899490451914e-01 -7.137180547810255682e-01
8.572045102987035925e-02 5.378148413616410384e-01 -8.174810811523196552e-01 3.756911618877096792e-01 -1.432496318651668155e-01 -3.829925094809358832e-01 -2.455654738189816388e-01 3.747456665495783046e-01
-8.534762525056620586e-01 -3.235360871111758740e-02 -6.905653060320866565e-01 -9.285636746646710460e-01 2.092950129935045034e-02 -9.900514029037730257e-01 -4.774509155084083467e-02 -2.837856720384090981e-01
-1.709671121755294010e-01 9.711001536223722308e-01 5.670570559766787699e-01 -2.666555438216102747e-01 -9.795558711213423475e-01 -3.720769828686403269e-01 6.566130313156934850e-01 7.792583103695354119e-01
7.281742967724902371e-01 1.684521202106528115e-01 9.648950882495175296e-01 -1.826663646876243163e-01 6.226209508249032076e-01 4.494863020898836048e-01 8.770013973188610645e-01 -3.244852492829664037e-01
3.014528608590587577e-01 -4.024561512207012193e-01 8.779034891471046986e-01 -6.738525000262540754e-01 -8.865487645336358469e-01 -2.766603644088145852e-01 -4.008361603532559769e-01 6.304347531936960181e-01
7.551306724907620449e-01 7.751364079773059856e-01 -1.508988976530343251e-01 -3.562161751933907716e-01 2.075426889331022373e-02 -1.273286367588404300e-01 -4.712427441256437088e-01 -3.032120440166237163e-01
