1.864259796245182343e-01 6.787424061402755893e-01 -5.748662856958504097e-01 1.555172195831633353e-02 -5.811628742487662258e-01 8.448319094420264630e-01 -7.052035289080045288e-01 7.780863476372881227e-01
5.746932840713159241e-01 -1.048078724002068363e-01 7.292665843763264100e-01 6.615826475538526541e-01 7.558749791262997508e-01 1.336058872846490608e-01 -1.442722827265234820e-01 1.031537688628210159e-01
-3.502304670965075140e-01 -7.313214396820875152e-01 -5.893436623571002286e-03 -7.992064108878846884e-01 -7.883597918506990432e-02 6.997384161426940530e-01 4.193188556013189849e-01 -1.190616387774285911e-01
2.223232669341832501e-01 -9.551685732939658724e-01 -1.685836128775821674e-01 -2.036877473148239748e-01 4.313240460740044302e-01 -7.464572542013458989e-01 -1.281879593921717575e-01 -4.034651476743438270e-01
2.686673919063726768e-01 6.575557126971192101e-01 -8.985527032509168510e-01 9.018894425624921496e-01 9.663576421921131754e-01 6.467442972006611779e-01 -2.973172629518763266e-01 -8.225813130828636410e-01
9.837417062235862542e-01 -2.982996296724118590e-01 -3.032866309364528057e-01 6.382971801887782348e-01 8.970810196149257010e-01 -7.160579910643449786e-02 -6.774541748776143901e-01 -5.617908263232369581e-01
-3.029295225346742004e-01 5.664497796050049772e-03 -7.330585294224984949e-01 -9.757524856074049069e-01 4.700897421577645563e-01 6.755082021682980997e-01 -4.624409128490309939e-01 -4.767698798232489210e-02
-9.269855802475586160e-01 6.972415503835494022e-02 -2.967027467403058338e-01 -5.959936671338561531e-01 9.805102917983663513e-01 -1.274288021387104397e-01 -9.304856394141332032e-01 7.147515376588073899e-01
2.985245448537066082e-03 -3.946889745702175656e-01 5.288905325078725461e-01 9.316482732027540070e-01 6.042077043162730199e-01 -7.598241844205211315e-01 5.154972726591502408e-01 -8.896452242324672799e-01
-5.742208934864032610e-01 3.048648902093185065e-01 -3.257852710218587244e-01 8.975928721893899898e-01 -9.843573336576636468e-01 2.918762229047671131e-01 -6.192741637466787630e-01 -6.451984307732401280e-01
