7.455772686556414452e-01 -5.990856057905382670e-01 -1.704743771434062971e-01 7.502991729551424793e-01 -8.078863329837859819e-01 -8.172495272519673115e-01 -4.245644107303954140e-01 2.179446872962962356e-01
-6.092720715125123920e-01 -5.864306251151996108e-02 -4.152176144533206159e-01 8.370107134956961126e-02 3.965778494459597514e-01 9.320010430101894894e-01 2.311351141157402811e-01 -6.047030919020919271e-01
8.488656248428427809e-01 5.274731717717786594e-01 -9.518669594833895076e-02 -8.658687635529460636e-02 -4.693360582141843373e-01 9.678860505318975793e-01 8.889302700748893393e-01 5.151774075080131077e-01
-1.744720121156277948e-01 3.131693199415861439e-01 -7.375306285791940475e-01 -4.618103026432613945e-01 3.836151968287289105e-01 5.179701104571763359e-01 -1.113481605148749498e-01 -1.821540787896180902e-01
-4.228379384803122587e-01 -9.599653313629954443e-01 -1.942178819277273760e-01 -8.671257003090231397e-01 -1.070234806907164327e-01 3.218710489999876412e-01 -3.435766548365182249e-01 1.415479131357328946e-01
7.540562504668024690e-01 9.915435812080701794e-01 6.586627237130346924e-01 9.704141184754888627e-02 -7.436304370379640538e-01 7.449150468132228475e-01 -2.785057925300227222e-01 6.976649275698789676e-01
3.006180107997973305e-01 -5.550273951323925203e-02 -2.538649044022274204e-01 1.592957334271059011e-01 -3.911813632278706709e-01 4.193526078104825583e-01 -5.988726828262718183e-01 -4.339317106079076947e-01
9.384433178113826823e-01 -6.300948178806373701e-01 -4.187572797484229170e-01 3.532586525755618823e-01 -9.270578534525961700e-01 2.889126533096288973e-01 7.477704328653111965e-01 7.065441090809754243e-02
2.147320424414997930e-01 8.632107468852723287e-02 -5.584530368669946565e-01 -1.984296575155863884e-01 5.460276014634850572e-01 4.721441249467406287e-02 5.364370273137022416e-01 -9.463528670783072361e-01
-9.446014227043821876e-01 2.251491628151833790e-01 -9.354936392584742855e-01 1.776416201585158117e-01 1.341318969332732092e-01 -2.595298600197433192e-01 -5.889790889266666163e-01 4.876470417666443069e-01
