-6.825174904930264574e-02 -7.639348628217592641e-01 9.197440825687615007e-01 5.738211280910521239e-01 -3.910394390353224559e-01 9.531200764097249589e-01 8.775479733311526420e-01 -1.796415797954615812e-01
6.305069892267645137e-01 7.935017191651549950e-01 -9.667112464084448575e-02 -7.083661613293521508e-01 -9.899235342903935919e-01 3.763970925602149187e-01 5.237826968720364906e-01 -2.269594378177588467e-01
-9.878965103255963331e-01 7.230121942038401084e-01 7.479420602047270883e-02 6.607490414214884922e-01 -3.914236474800263377e-01 -5.292546141481357935e-02 4.737370533709106546e-02 3.166406059728363864e-01
5.754049243291947668e-01 -3.378887346954810855e-01 -5.475044014475076715e-01 8.168961806723147312e-01 9.619517678981521769e-01 8.791583422929549752e-01 3.520150801965573617e-01 -7.703851547791380483e-01
-8.799694925521757138e-01 -2.438159921154636756e-02 5.886081439079602351e-01 5.186385198728495904e-01 -7.784720703887568760e-01 7.476160044712771846e-01 -9.884192941981246872e-01 -4.846692949705282416e-01
4.820794713336515880e-01 1.466493625439375670e-01 -2.148463879774720198e-01 -1.260762425116741525e-01 -2.868342167460822267e-01 -9.762485261449842522e-01 -5.780014722076460831e-01 -4.918425644713142475e-01
-2.784074536757721319e-01 -6.939411487398614575e-01 -7.966876253833670152e-01 9.325328632467417833e-01 -1.818471780048969144e-02 -3.249929745888213706e-01 1.659390810963663476e-01 1.277012993149178044e-01
-4.194192852118834303e-01 5.982191589336571802e-02 -6.684851593763210253e-01 -8.450105721434120198e-01 6.893824432213440101e-01 5.760698803213555319e-01 8.004698873692905892e-01 7.787851696676661994e-01
-6.456870920517849832e-01 1.143147462751969989e-01 3.573463159408485357e-01 -5.037357793868750822e-01 -6.279247038717405971e-03 -2.503832800849894458e-01 3.780399704238801561e-01 -7.636790663440522486e-01
6.554052468705779955e-01 -3.549420298495404857e-01 6.837776310941450220e-01 -2.695364467034178091e-02 1.122188793917533456e-01 -7.501446594685081681e-01 -7.034218566505672232e-01 1.795264016657311945e-01
