-2.266244323820791884e-01 -7.621385052405618143e-01 -3.549926334081290324e-01 -5.527018596378741044e-02 -1.716557184403260106e-01 -8.996976058382344377e-01 9.760889181897456357e-01 -2.702481292150116232e-01
-9.844494912950041421e-01 -6.311962112611424480e-02 -9.321290147539214033e-01 -4.412370153206621737e-01 5.583344773021592378e-01 -3.663567339955096092e-01 7.471484451427476969e-01 8.857222418251935458e-01
-6.235222367368102869e-01 1.901969945403083617e-01 -5.499981917065686066e-01 -7.761134491812970992e-02 9.049557181102263481e-01 2.311183864113242059e-01 -8.926024080000023453e-01 -4.218741526933598163e-01
3.338663875117298119e-01 -5.806880596208128242e-01 -9.157984466302919735e-01 -8.818097691413329109e-02 -5.114669226138508495e-01 1.017230188660425139e-01 9.776706094372176192e-01 6.357963850663581606e-01
2.305835221362522169e-01 9.416191560503834879e-01 -2.201401378096661254e-01 -4.508427219150086263e-01 5.226985365259664285e-01 1.497575153437888940e-01 -7.905723823707526687e-01 6.123664204209990913e-01
-4.582198868538323033e-02 5.635243667267988421e-01 -2.848909240582577773e-01 3.503531521941694038e-02 -5.691766741876098656e-01 -1.956060759320661369e-01 2.682981605299938899e-02 6.288082851160876618e-01
-6.071426099478907101e-01 6.784000761711050931e-01 3.378971734706630592e-01 5.563123636121953819e-01 2.002027270873079079e-01 1.462384443738138362e-01 3.526838916787737865e-01 -2.555317134643808608e-01
5.908492614931448728e-01 -1.817748483645493796e-01 -4.751543587534006186e-01 -4.568929370097696285e-02 -2.251498757702654618e-01 -2.933622980465033780e-01 -7.015154889354886514e-01 3.873335114325424655e-01
-5.873797260016011546e-01 -9.168494627028325183e-01 -7.169152157181102325e-02 6.186901379590490357e-01 6.889051974255653299e-01 2.374884515989694744e-01 3.004027575878589484e-01 5.029126473217320203e-01
-2.833924005641164090e-01 -1.313388148173033620e-02 8.184322839271760408e-01 -2.609321295991189338e-01 7.020013495386490110e-01 -3.718157371007655421e-01 4.025561128206889272e-02 1.040686351617507999e-01
