4.969551177953528409e-01 2.972788912735244704e-01 -4.862619912822676582e-01 -1.181348882988864091e-01 3.074728480860999813e-01 -3.675669962703558280e-01 4.556196152168208169e-01 -9.873022033913116946e-01
-6.457650259588332275e-02 4.631154291377219678e-01 4.075205902126941560e-01 8.499150204364676053e-01 8.436181031110434603e-02 4.120578837603980915e-01 6.924681207382950010e-01 9.435190133337250096e-01
-6.512618415101885105e-01 6.091072785019213676e-01 2.026948972877526955e-01 8.647621009038053419e-01 4.806778847715087455e-01 1.799954761207400722e-02 -2.159605122403951416e-01 8.708431539869250226e-01
-2.823616644626529837e-01 7.476695292081290134e-01 -3.860902551829363816e-01 5.699197596327296722e-01 6.595687787355291043e-01 -1.407344256380160807e-02 7.681143925240219161e-02 6.682004745143996782e-01
7.295457431578149521e-01 -6.569664278842308747e-01 6.605182215430798198e-01 7.070741785259875289e-01 -1.200909857701559780e-02 7.121960815639234443e-01 -7.968746394767340924e-01 -6.222203713460672247e-01
-8.299670026810579415e-02 -4.413142945480124091e-01 -6.949444846675856269e-02 5.440389391083977344e-02 7.448674248484097316e-01 -3.067722056897881355e-01 5.226883750160722375e-01 -7.865698550224482499e-01
-5.023508266782887866e-01 5.508370598199290313e-01 1.167352910619035011e-01 2.593761661496658544e-01 9.095975685319415138e-01 2.015012702880603079e-01 7.140580943617405030e-01 3.107492624877989940e-01
2.786998605404775731e-01 -1.999949397908882265e-01 -8.987108103142869009e-01 5.031951158151029002e-01 -1.954255072560213691e-01 2.694352541375473198e-01 -7.716874748696287423e-01 6.303408884058587791e-01
-7.617837536272702437e-01 6.880713288585755816e-01 -7.990446302289528901e-01 -4.165124803223918537e-01 -3.371101308352175696e-01 8.135615585207294220e-01 -1.849117348410935779e-01 -4.360731439643705798e-02
2.984801168109896263e-01 8.421005982453011462e-01 6.826274851268727684e-01 -4.424587605903895771e-01 -9.237267464691769625e-01 -9.979683400588073017e-01 -3.300301218023196093e-01 1.566247927843931187e-01
