9.763239700123862441e-01 2.090703726415332753e-01 -6.721674100937766738e-01 9.337360453513217085e-01 -9.276108418424455770e-02 -1.092203429347373689e-01 -7.915839399320137026e-01 8.030978154213710418e-01
-3.839584454644813238e-01 1.229514259330981574e-01 -8.897726430186694291e-01 3.239465060880672986e-01 5.701584886587554024e-01 -7.685792037755605488e-01 -4.899292660757474938e-01 -2.061128387534549855e-01
-6.856888198663857459e-01 2.171978378999199766e-01 -2.296810242490865406e-01 3.229558781840340398e-01 -1.955971849681956698e-01 7.768787900590583551e-01 -1.439368135971936802e-01 7.485875257939538230e-01
4.436936033772380661e-01 6.647627538666807112e-01 -8.409330425627323802e-01 6.640830551303722462e-01 4.087423598821848802e-01 -2.239570895765223835e-01 -6.702708392414471472e-01 -4.562255627991405049e-01
-6.784538225168734726e-01 -2.553734285393236547e-01 4.178512171148351939e-01 -3.414134264836503618e-01 7.147393394246939202e-01 9.459041492576676369e-01 -7.376286882042719650e-01 -6.116484780311006730e-01
-1.438087082249455140e-01 8.986642024322446520e-01 -6.520127670487174676e-01 7.350375262514656782e-01 6.186601975089773831e-01 9.407504242518087700e-01 6.353044623842465377e-01 9.263238901474180054e-03
-6.387790674232760590e-01 -1.783942770152247004e-01 -9.373406607804561919e-01 5.761711121642199007e-01 2.748673797404821428e-02 9.356630778948182847e-01 -1.512796744691657924e-01 1.148551182520298752e-01
6.562120602389980295e-01 1.042650671850031685e-01 2.052190942256151285e-01 -7.723476579674950493e-01 -6.082413172682097358e-01 -6.601423026228607771e-01 -8.975946075841960692e-01 5.327291036518206901e-01
-6.949665323052827137e-01 -1.424901773555542484e-02 -4.889949136997908674e-01 -7.644363503268043480e-01 7.000931596840607174e-01 -7.833436448375419303e-03 -5.878063344835624537e-01 -7.568165308853460616e-01
9.356505129509249397e-01 6.707084794022160068e-01 2.759951274626437634e-01 1.587591419494340794e-01 3.817595885387070620e-01 -9.535848309723455873e-01 4.475489275131907529e-01 -8.240939301838055009e-01
