5.899129278495029993e-01 6.905981216732579586e-01 -6.924524516148327091e-01 -1.589406012140486268e-01 -8.139117856180964061e-01 6.184552534499656584e-01 7.208296608823752116e-01 -3.417366269769708254e-01
-2.779133072836430518e-01 9.641444740945246394e-01 3.359162291507113984e-01 8.741839099763548671e-01 -1.145799998395178321e-01 -5.579238117393410246e-01 -9.663144996374533058e-01 -2.529260051672590492e-01
3.793215012033557265e-01 -8.930183471792489946e-01 -9.479623019714029653e-01 2.073583324496237612e-01 -3.496361817504276548e-01 -6.679772433817698918e-01 2.043214189585227381e-01 -2.364405928319706085e-01
-3.057326377934761474e-01 -4.002499791999167833e-01 9.753014358154830088e-01 -7.915659371714989234e-01 -9.941927324306432112e-02 -5.115447825274543892e-01 9.761110182580650108e-01 1.260395494296533414e-01
4.236702874682047870e-01 -2.829384247970132549e-01 -3.493301849045176155e-01 3.862974813461526047e-01 2.096603775002137127e-02 3.152055048633546352e-01 -1.040044280191441128e-01 9.991341113838154708e-01
8.596090436779468824e-02 5.884375286758602996e-01 -6.883735154423265001e-01 2.870730158223075978e-01 -5.293819585237837799e-01 7.527934312843174158e-01 -9.060534720151456334e-01 9.415063528856375541e-01
3.278080538333241201e-01 3.632529264978774375e-01 -7.875418500703794678e-01 5.797999079722089277e-01 1.414452525927469839e-01 3.337503338967520161e-01 -8.775571601275209410e-01 8.654893533996603772e-01
-8.539619683307404507e-01 2.144367967239808603e-01 2.917956775689027893e-01 5.617532610562159245e-01 -1.152273357349353766e-02 3.212771350702730011e-01 4.333618528414013849e-01 -7.553037833649312027e-02
-3.470412542957777013e-01 7.788802784764747855e-01 8.265674752526634972e-01 -2.244803232666168213e-01 -3.998761828174022259e-01 1.792536490566889462e-01 -3.978408294639756981e-01 -6.252767341854896799e-01
-3.231833417804916841e-01 3.597817920435453232e-03 -7.920230525823939161e-01 -9.711076612630582527e-01 8.734492409606384733e-01 6.170177836398302862e-01 1.299648107407493924e-01 4.001679921379239779e-01
