-1.303991886405984069e-01 -1.540053896134374600e-01 9.782813085764541228e-01 -1.976452232040082357e-02 -7.276375881177399307e-02 9.740849988470781096e-01 4.970496436227656023e-01 2.761921367332478283e-01
-7.624489021009193124e-01 -6.125181709100888661e-01 -3.217838488437729794e-02 -1.532128623613435714e-01 8.719363885010515958e-01 5.355678934902483590e-01 2.058646618970041420e-01 -8.333084573443036991e-01
-3.623299272304449925e-01 4.521704913959283534e-01 -9.775887922601755875e-01 2.015102522125933326e-02 3.146013138645302742e-01 -1.961099205837377735e-01 -5.886460690483479308e-01 4.093403306119440810e-01
6.107551511445930004e-03 9.946748409640859823e-01 2.825702973400809892e-01 4.058522407567322077e-02 -8.421588295496804655e-01 -3.466116650108981290e-01 -2.824142272208765014e-01 -5.458082236246759589e-01
-3.029741383752504458e-01 3.217615750905580274e-01 -8.500879792132318702e-01 9.269034592153562180e-01 -9.430201712889894061e-01 9.300677991944017453e-01 -7.095500466787416638e-01 5.446238251555639565e-01
-3.010331793761080732e-01 -6.017072509306784500e-01 -7.836426387583870223e-01 -1.803235187945941842e-01 1.258167881256282428e-01 8.066611843029580786e-01 -2.011948914206700412e-01 -9.707658547605158006e-01
-1.359234750094295840e-01 8.049056281697486437e-01 -4.588430210679261823e-01 4.965274152303928989e-01 8.642041891467093784e-01 -7.625467626039972302e-01 -9.458783562022112790e-01 -9.323810313630409574e-02
-3.590530084072556249e-01 -5.071930359238938646e-01 2.161705399576407949e-01 2.939149912139831233e-01 3.324859084247537844e-01 7.664102073602967469e-01 1.885539582286999138e-01 1.539914989754589403e-01
2.720221572164551738e-01 7.017062804052931480e-01 -3.575375403927674167e-01 9.121193673356662313e-01 8.686590963722928826e-02 -4.451701038612740913e-01 -2.621456971867193175e-01 5.175838502859548829e-01
1.390975818781277074e-01 9.232076062248488757e-01 5.213940274720141321e-01 7.390695524555246365e-01 9.012096007375278717e-01 -7.540587349524530136e-01 -8.502780721803664399e-01 -3.284442406569683115e-01
