-3.080584502464034369e-01 -6.117024623159839081e-01 6.611627872293857067e-01 -5.299597445208670266e-02 -7.020984377125092379e-01 8.191616646915806932e-01 -3.347037914865842456e-01 1.430623759512059667e-01
-6.639052272700407542e-02 1.449778661590144235e-01 7.289810821372655347e-02 -9.914233468458684140e-01 -8.959174795639459621e-01 6.295123751359366082e-02 -6.736847926434834655e-01 6.234528524801159488e-01
8.683652834548947208e-01 -5.991251684500156216e-01 -1.284983832704811313e-02 5.378030616456759283e-01 5.644055046220211036e-01 -4.129608613933291039e-01 1.469653996577031663e-01 2.965811287876987112e-01
2.900468023780906623e-01 8.954119420411328356e-01 7.784077154570887558e-01 -8.533964284807129541e-01 2.019040558151361520e-01 1.945341317145676818e-02 -6.262583631577445242e-01 2.854329270458926260e-01
-5.702343113999077673e-01 -4.254684885531039296e-01 -8.007330738392424152e-01 4.867698409451619579e-01 7.102495074745449610e-01 -7.917529265496563440e-01 3.998292174956665779e-01 -5.928498932962225076e-01
-3.553057201476272908e-02 -3.784011775487803320e-01 2.280602361956898250e-01 -5.684677115225871269e-01 -2.290097423350796468e-01 -2.477756040159260209e-01 -9.767030864919716837e-01 -3.639543850304851613e-01
-2.243497897650634787e-01 -7.157919703438355707e-01 9.645370818257106293e-01 8.377176777896793158e-01 -9.890786033144589595e-01 9.619290473207651182e-01 2.404989474870997679e-01 3.654059179028823490e-01
6.413844661351497667e-01 -4.895787382012211086e-01 -1.979015331539806244e-01 7.216330453556811797e-01 -4.319240417053595849e-01 -2.369134713549674309e-01 7.648575674428101934e-01 -6.743487966214127827e-01
-3.675020204701013871e-01 8.273700123668845663e-01 1.484080251278467877e-01 4.182780364206655221e-01 9.158354287850649644e-01 -2.954442439875240023e-01 9.281446884657003071e-01 -1.237922810463643053e-02
3.947168482819121138e-01 7.086392194212631779e-02 4.056413989519158658e-01 -6.153165247307268437e-01 6.142338212816780274e-01 2.607966580655407540e-01 -1.535542902876199101e-01 -8.473236141324467230e-01
