-8.453284008640415959e-01 -6.990629161113628420e-01 -8.159670852729374868e-01 -4.132543987244545747e-01 -1.461255310795457341e-01 -3.515259407120421287e-01 5.675872270718242962e-01 2.727085078120254913e-01
-1.144995681122513709e-01 7.298039080644100896e-01 5.978282789404327779e-01 5.116725312629915035e-01 9.898605327462761672e-01 3.702405620154742838e-01 9.307948312568292693e-01 3.213143453198432642e-01
-6.574359517774521766e-01 -8.371150044655322198e-01 -4.715415808396317132e-01 2.587204946755434776e-01 1.890522599635306999e-01 -7.355555617650975098e-01 -9.766545651921731963e-01 -1.483583019752989784e-01
-8.007887305708749626e-01 7.082684825192557820e-01 -2.711631767679845151e-01 9.398409548621926568e-01 3.450492751971354632e-01 -8.407908236153338599e-01 -1.985996943069747722e-01 4.221198660915819190e-01
6.687968371333048445e-01 4.900416968572252063e-01 6.532172362419528255e-01 -1.811849897748782912e-01 -8.493810071330332168e-01 4.391242927104610505e-01 -4.571061729516574523e-01 4.214053820534160444e-01
1.320744683190211433e-02 -6.314604553274638654e-02 -7.576721308024658708e-01 8.106842023284679399e-01 5.835247288323075487e-01 5.164087464274564887e-01 8.175911450671551339e-01 -2.450621077041659213e-01
-5.337462422761314329e-01 -4.881031993697879656e-01 -3.343878920612783912e-01 7.295674854314304625e-01 9.398340771913291647e-01 -9.238457124878058924e-01 -9.366251506507059510e-01 9.551630192667583952e-01
5.724119998032874967e-01 1.350614375913592458e-01 -9.687038435339903053e-01 8.614825518761504153e-01 -5.838992144139072415e-01 -1.184835919672833082e-01 2.379261418000304662e-01 6.195833117049793781e-01
-9.040539192373679978e-01 -1.445491443063466885e-01 -6.532013723464045185e-01 1.455431754946583389e-01 3.485510293588238717e-01 5.785928378607327893e-01 1.275131723316791366e-02 7.480707428786388391e-01
-3.908097112266877282e-01 -4.117522538161222379e-02 -6.128930361143343220e-01 -3.457645458188618459e-01 2.253366137070245134e-01 2.892146109928859232e-01 -9.046386370931029930e-01 -3.295824909671276615e-01
