5.956172715759762148e-01 -8.424682318617420229e-01 -1.313469531316231453e-01 6.012346910644033038e-01 -5.505197069478804384e-01 -3.206526053087683792e-01 6.444970176214437352e-02 3.760058426950090293e-01
1.149519193682602136e-02 7.215783377684563682e-01 3.175100192247490849e-01 -6.280250746342235235e-01 -8.075727251141671115e-01 -4.558410876479495055e-01 -5.827531568282804386e-01 1.140295403364004478e-01
-7.515430522149948445e-01 6.822179300790278678e-01 -5.893783624531865328e-01 2.672705919545002029e-01 -9.296778134740546484e-01 3.358251005153980451e-01 -9.385867915450718524e-01 -8.301467550199759238e-01
-8.636556577139131718e-03 6.910942593811051360e-01 -3.555108435394582767e-01 -5.703214482959775289e-01 -7.609871117442335020e-01 6.120569376456901356e-01 6.700434343948618032e-01 3.973675497489124187e-01
-1.229200331655120326e-01 5.773310232258594965e-01 -7.264207477097266441e-01 -4.441159398531047131e-01 -1.227583001778729255e-01 -3.877593377990349310e-01 -5.966827118489419490e-01 -9.977525983655017860e-01
-4.723017260019890529e-04 -5.477100926497904254e-01 -6.789756763785852467e-01 8.542920338413595438e-02 -4.274694998431325388e-01 4.573833073469295574e-01 2.243771199302315722e-01 -6.412854227716864308e-01
1.329839708237012808e-02 4.084547064762320545e-01 3.739377651136852609e-01 3.596758351277209442e-01 2.634496330801250341e-01 -8.654965187154213258e-01 -1.913553056386949613e-01 -1.068195729274354910e-01
6.039838970321096401e-01 7.685624096613719036e-01 9.308727265890581748e-01 -9.113580625719805983e-01 9.696598704515755340e-01 3.675386114497938284e-01 -5.184484909768158900e-01 -9.480582511653345978e-01
8.464790000941320169e-01 5.070399249622425941e-02 6.246188833855987887e-01 2.129539919946645821e-01 8.091833027350312513e-01 -7.796748868104681485e-01 -2.444565386682031605e-01 -1.768750266596417209e-01
6.084026127762471869e-01 -1.245428832291919363e-01 8.606354792260018094e-01 5.540059669188084346e-01 6.868196686319123501e-01 1.388921598917773892e-01 -5.900471619421288061e-01 1.870367110991353332e-01
