8.994547058059931821e-01 4.997679853855041543e-02 -9.071858983245708608e-01 -6.543268309681349315e-02 4.386220166068652837e-01 -3.781732477533354952e-01 -5.732846846439205724e-01 8.126781048336386704e-01
-2.903446551650765706e-01 -5.657300664258646528e-02 -3.503110891907237345e-01 -9.514782196406745829e-01 2.710863482547143377e-02 -9.097303741457605231e-01 7.819467019462504886e-01 -5.903916981959693722e-01
7.569620325309400766e-01 -1.585949177463266135e-01 -2.578948606953710421e-01 -7.698431353389167953e-02 6.170165409021457492e-01 7.461719505460995272e-02 -2.196804301985006980e-01 8.382080066456467637e-01
4.274140693735288821e-01 -8.379505231420396605e-01 -5.154520428413353894e-01 -5.526729584414602492e-01 3.408833313626506989e-01 -5.643767854708388043e-01 -2.447594369689531923e-01 1.715935113754125663e-01
-3.113314229298347335e-02 7.979998825994281120e-01 1.986983732628477828e-01 2.650745070737297038e-01 -3.391977263700720613e-01 9.899488709216441862e-02 -2.981056474140844070e-01 -4.047031712194790742e-01
-7.746346578280720596e-01 7.053956437861195194e-01 -4.620966982983107929e-01 -5.165377361847076632e-01 8.393706959971143355e-01 4.828503965026311739e-01 -5.572812349285927169e-01 -9.447232561588851940e-01
4.232668612139769415e-01 1.621992543253130137e-01 -8.036961430280002983e-01 -3.809952168032546549e-01 -5.790962229836984498e-01 8.859938218168699198e-01 -6.402774231023939944e-01 -5.265164878146677552e-01
-7.099887950335781461e-02 -5.716179613125935699e-01 -9.252507582442131007e-01 -3.482762966795938109e-01 -5.129987839700036467e-01 9.660953149600810530e-01 7.535559951873933571e-01 -2.606551278703039820e-02
8.391396851490773301e-01 -3.927715966898934763e-01 8.595142399323767446e-01 -1.929046581379914027e-01 -1.689576217915744749e-01 -6.632758969793728365e-01 9.276174274037729539e-01 9.367715475657982793e-01
-3.648615175924843079e-01 -5.933435292198083744e-01 -6.427602724828165304e-01 5.886173150278020128e-01 -8.506308878134380969e-01 4.858677610043855566e-01 -5.557165908942514054e-01 -5.781869721420025421e-01
