6.460648337284957687e-01 6.270080700176943189e-01 -3.667916361118852553e-01 1.538209476155636413e-01 -7.308274852635479046e-01 -1.194034022066723377e-01 -6.085308683102454985e-01 7.187802232518760714e-01
-6.722413617649087847e-01 3.331116903859563383e-01 -7.185148022422238601e-01 -7.851754328074966871e-02 -9.587308135827916633e-01 2.908371417295319006e-02 -4.444085205077545897e-01 -9.382666040340326141e-02
9.501929400941138137e-01 6.419896064249073220e-01 -2.175871213093298895e-01 -7.372143066486964713e-01 2.884465996333387405e-01 -9.829503637483933964e-01 -1.921541326222775403e-01 -1.604771880548336860e-01
-1.766077832979862094e-01 -8.186294941746419251e-01 9.075604096160594381e-01 5.667989848189369795e-01 -1.364575036472182035e-01 5.605143645039056821e-03 -9.773641021467025514e-01 6.744381641844201525e-01
9.773893034470331198e-01 1.483087247036947165e-01 2.441846338530639926e-02 -7.321403438172713329e-02 3.996800420967325795e-01 -3.261307366501953187e-01 7.853683599882459454e-01 5.651278131204406918e-02
-9.396290774704618709e-01 -8.787131850678799871e-01 -3.964430216903658266e-01 8.163675268696719556e-01 -2.950798579617726070e-01 8.314507192786648737e-01 9.119059500253186012e-01 6.912470212461996333e-01
6.371946880837124905e-01 -5.920053126421789269e-01 3.785934516936713123e-01 -7.125214800156021155e-01 6.539296310254478772e-01 3.786113228348040316e-01 7.387015674248107455e-01 5.723856525360109249e-01
-6.628223148201459747e-01 7.726901415428555353e-02 -4.952164712476589958e-01 -2.737201567729126150e-01 5.776536630223305657e-01 5.221939089687352986e-01 -3.510740339710385349e-01 5.816378116769698181e-01
-8.227573285839318018e-01 -4.725981650173596282e-01 -3.531778059881738319e-01 -1.017456585315763551e-01 -8.121053752743121468e-01 4.605189835804268661e-01 -5.057036845486884147e-02 9.987096439781328883e-02
-3.355043147683867133e-03 -4.866244575625404689e-01 -4.751208854970689899e-01 3.856485341842845749e-01 2.967819601454055878e-01 6.218326851518938270e-01 6.628735673321215494e-01 9.382023537602086627e-01
