-4.525870291089051367e-01 -7.038911169694106462e-02 7.907027133320356782e-01 5.875219060106475766e-01 -3.069258773759122594e-01 7.032407047745348194e-01 7.515570677853198323e-01 3.991235077827515187e-01
4.714584586785921516e-01 -4.704395802666356818e-01 8.784797424966670487e-01 -6.928538276039066801e-01 3.764550887496485032e-01 2.258365908197490501e-01 -8.106882185233346139e-01 3.795397652091914154e-01
2.318508807718029363e-01 -8.444752267471058449e-01 2.986922630819508484e-01 9.508074952302769667e-02 -4.175691058765578223e-01 -7.944332373714102502e-01 8.016793272170597007e-02 -9.509784891331536372e-01
3.453021717690945014e-01 6.249376282983543085e-02 -6.222700122469566608e-01 -8.073288150330064639e-01 1.768949067969183275e-02 -7.572320044926070803e-01 4.721765360729579530e-01 -7.471949192046889454e-01
-1.418000961849794628e-01 -1.933522575293520340e-01 -5.028803319699326480e-01 -1.277930912370490724e-01 2.523304474093759353e-01 2.102220352487966792e-01 7.358926645475660777e-02 8.557929366435450547e-01
8.153767439715240428e-01 3.241337008324660651e-01 -1.652257676449284673e-01 6.828120353378475116e-01 -6.503087639054627722e-01 -8.884544852927442893e-01 -3.590819470724133655e-01 -6.827401107515322920e-01
1.297600451345850558e-01 -8.242125357326173241e-01 -2.180905228654776984e-01 -6.294823834439133847e-01 -6.030189496283089312e-02 -3.440067516507159251e-01 6.732843335092362214e-01 -1.046661972371842886e-01
-6.483803053689694007e-01 7.807382295907487890e-01 9.023939037280708231e-01 -4.679664881688889722e-01 2.556575205228008851e-01 -7.448105312681416734e-01 -7.204257228073946973e-01 8.395246370570548233e-01
6.140755263602513114e-01 -7.299120780568875144e-01 -2.885026741578518017e-01 5.301851036572591269e-01 -5.819912664021889004e-01 -4.259297081446384858e-01 5.471858336787316368e-02 -1.863568755879856376e-01
-5.098292693729626901e-01 -6.151892983492877054e-01 2.974580399571151723e-01 -6.546261923734468802e-01 -2.059578411928419950e-01 -6.931048681260512101e-01 -4.956536783292251336e-01 -2.953978475872416354e-01
