9.751580097397314351e-01 6.448692018638559897e-01 9.176642656779288032e-01 -9.571713181333509901e-01 -2.107948799693231123e-01 -3.971822304611594134e-01 -4.210198372585787219e-01 9.516847826372325514e-01
-3.850988281350287146e-02 9.028295706838096457e-01 8.052520285706608050e-01 -4.567147100777098068e-01 -5.978463206706905453e-01 3.273002819528920693e-01 -8.600352166059277437e-02 -2.101500981574804250e-01
-4.025238677937537091e-02 -7.281613069368317870e-01 -6.097528486837111572e-02 -6.767378962291663580e-01 3.968605661191062506e-01 1.269064231009955357e-01 -1.914713718039506851e-02 -8.329880301985463920e-01
3.417665913853193960e-01 3.763139363411724947e-01 -9.483550844064538854e-01 7.127349574349377548e-01 -5.750734684973908273e-01 9.789652542554572179e-01 -7.539824875822276340e-02 3.082411000313367566e-02
-5.844910416585331614e-01 7.960128626475810876e-01 4.072315185412245242e-01 8.696283709957817187e-01 3.500591079226573754e-01 -1.789847017169561294e-01 8.479355408565234509e-01 -8.677816988919875296e-01
4.321403704076964836e-01 -1.269745938642128369e-01 -9.399632223730072234e-01 3.559172965561234747e-01 5.722375789562441639e-01 -6.258449688022404978e-02 3.715925718749382156e-01 -8.750177010250328458e-01
5.479971395942486723e-01 4.928413928327151083e-01 -2.601753665007346950e-01 7.413447893189357707e-01 -1.632131510060612634e-01 3.257078177849170864e-02 4.338248754075741953e-01 -4.904819805675488809e-01
-8.206231706473690046e-01 -3.252015804956933653e-01 -3.675777235031938428e-01 -5.422265467835896136e-01 6.076288772473941169e-01 -1.527768897390420211e-01 -9.033066135593359469e-02 7.654659040834836947e-01
-2.578910230636304313e-01 4.784393874234795785e-01 -3.519325917594327002e-01 1.803388691154390600e-01 2.708958990034155967e-01 3.521169063393088106e-01 -9.579599516123131764e-01 -8.509960255775836924e-01
-2.086203507069650520e-01 -3.786255400428322204e-01 5.819012163558674455e-01 -8.557838787092670874e-01 4.543668004225793755e-01 6.562190022584868387e-02 -1.841926806948566142e-01 8.968375909906840526e-01
