-1.582714914282821184e-01 -5.252208898559054262e-01 -7.362615632503599628e-02 -1.487591371850460753e-02 4.866486886494603148e-02 -2.790677005193114013e-01 4.327760282058525920e-01 8.814586504337054151e-01
-3.271074038091259517e-02 -3.996710479385576775e-01 -5.839285435697088023e-01 -4.842024736204155744e-01 3.269960622490815094e-01 -3.815859673713761779e-02 -4.858577110243447184e-01 -4.894321741840630402e-01
-3.824892704387887754e-01 1.124774050064420994e-01 1.827598712881111087e-01 -4.707450435978226544e-01 8.706170877051455648e-01 8.560934416319798679e-02 -7.147148050857645707e-01 2.166158658982928475e-01
-2.135831255716087451e-01 -9.534551784551823506e-01 3.564773772057412415e-01 -2.691757799325689149e-02 5.553363515715585841e-01 -8.287265273020976153e-01 -2.107441290911671317e-02 -1.095739612447175215e-01
8.535617452047370435e-01 -3.715121258256606218e-01 4.193235769229803900e-01 -4.785261913803202649e-01 9.658777196012691135e-01 -7.407585022195111168e-01 9.684598187416666448e-01 1.961840316664134054e-01
-6.269214399124276582e-01 -6.612013459740955224e-01 4.075187083936460120e-02 -7.795550619323641239e-01 -7.850200062595438233e-01 7.059733388669298115e-01 5.886371440029849467e-01 2.524680164915005243e-01
-7.525785962156865683e-01 -5.749239680241304828e-01 -5.115235344429973630e-01 5.334067372235959947e-01 -5.729972643980829616e-02 4.793760058105522859e-01 -6.979304459761181967e-02 7.368228588799792256e-01
-8.135141938548915430e-01 -6.572091090985769934e-01 -8.571192561759031214e-01 1.047742783195746430e-01 7.719693519457175857e-01 -6.779761139735638320e-01 3.387398872362541447e-01 -8.452707523424403124e-01
1.181271395532834667e-01 2.548394408758634100e-01 -1.372819013922883524e-01 -9.262944878884724620e-01 4.747429033343253391e-01 5.643964257782889682e-01 -3.207193828328638308e-01 -9.905298126904185096e-01
-6.079015521122641541e-01 -6.680915986293529674e-01 3.226226373476743792e-01 -3.296686639464510016e-01 -3.571524836849391260e-01 7.239115622324485688e-01 -9.165225517207613581e-01 6.164561851909844403e-01
