7.842752364400349396e-01 6.466667589140635553e-01 9.093240820730366103e-01 -6.596364202267968047e-02 -9.895417229796867886e-01 -1.115429261977267661e-01 8.169574682285190015e-01 7.947203220786132061e-01
-3.227185209232636964e-01 -6.626697656988589369e-01 -3.908104412244479686e-01 -6.485512679532692282e-01 7.505039795797909807e-01 6.443582225438613253e-01 -4.255533777851663313e-01 -3.523413622368034570e-01
5.842645726837312203e-01 9.228946617810884767e-01 -5.868100141500491862e-01 -6.652042483426505726e-01 7.093552493241495061e-01 -7.652921485820034508e-01 2.088064070882218459e-01 7.511168675649617654e-01
9.364207982245529305e-01 -7.014617158735421132e-01 9.144632347790093707e-01 7.782299576201119340e-01 6.213196533881437666e-01 -2.853980199431891407e-01 -2.381789648055527842e-01 3.636666306963973749e-01
3.013532457197947156e-01 2.003957658691253307e-01 -4.780960590771758945e-01 1.868089416875984288e-01 3.957285459989616783e-01 9.372491558743085704e-01 -1.768523438836160366e-01 -5.260418670691029419e-01
4.992026900814239276e-02 7.078874980490088564e-01 5.953869899242840713e-01 -8.803340345531531774e-01 7.262860388076628482e-01 5.760692314961504135e-01 -1.425460889818337407e-01 4.154006753097096993e-01
-7.475112779188832768e-01 -2.239103023396116221e-02 -5.346309421775770065e-01 7.587053074805716335e-01 1.369098458882562763e-01 7.308282071401930313e-01 -5.093428463269518147e-01 1.452386363216118248e-01
-2.835849303322797166e-01 -2.904226692206115512e-01 -3.280199920205262298e-01 3.784222080479713313e-01 1.203831144707130374e-01 -9.982198588036550468e-01 2.498792393414905888e-01 -2.605592497489417347e-01
-4.797960887165093613e-01 -5.608154273350691721e-01 -3.352370282854579830e-01 -5.225235569823778459e-01 6.888798143149348352e-01 3.737844188737773354e-01 6.646859965369367185e-01 -4.415377227784567093e-01
-3.339974604962889781e-01 4.605572239862780748e-01 7.210721816277603224e-01 -3.766360742767569381e-01 -8.022947769107824367e-01 7.343869484381566615e-01 -5.797101924870640133e-01 8.427323218228930379e-01
