-1.968960923762475002e-01 9.319300246472532745e-01 -7.910487956084386596e-01 5.223810777664150695e-01 -2.275876591461962750e-01 6.986699079385128019e-01 -4.333801681436066922e-02 -6.313824450499887497e-01
-3.733909665353181140e-01 -6.905780978204334453e-01 2.498476003388712119e-01 1.149439338051005954e-02 6.796475679015021587e-01 2.811573002543934496e-01 -4.278166219672634440e-01 -2.671702996034384103e-01
-7.168120205225558816e-01 -4.748407436102795032e-01 -1.815558953243989748e-01 -3.532963860640778719e-01 2.742832678651567768e-01 -9.373971201528101815e-01 -3.312740074469058271e-01 5.472053079447096735e-01
-6.436857156792796797e-01 6.519990529933703538e-01 7.327102418081143931e-02 -3.048331995628743574e-01 2.355736196594016008e-01 6.907030362571384696e-01 -4.210132090544502770e-01 -6.267226435706507726e-01
6.238038057055623753e-01 1.677819665249391523e-01 3.780914544740885397e-01 -1.351950923511155978e-01 -8.161848253477284043e-01 -9.751721178307204418e-02 9.225521280959447790e-01 -4.642411688385286173e-01
7.120312846796525985e-01 -2.043062384707350354e-01 -5.411659439120573012e-01 -2.509782948672079073e-02 -7.908566893776547424e-01 3.500864684364508594e-01 -3.057922525219702869e-02 1.632587207725033629e-01
7.749717106611002659e-01 6.589762385495587793e-01 7.433764939844498265e-01 -4.221929324478126411e-01 -2.504594612845376655e-01 -8.599094473708128739e-01 4.101432407845007067e-01 -2.292802804539193495e-01
-1.210351358683787737e-01 7.674928089471524384e-01 -6.711642325970057499e-01 6.298116027034210695e-01 2.175679109656947219e-02 2.024440978705284166e-01 -7.735125060478864611e-02 5.416098974917564757e-01
-4.860408012791459509e-01 2.297596794137182208e-01 3.783995660705530284e-01 5.806363401046061856e-01 9.154704739027794691e-01 4.195021199608677254e-01 6.947210978617488486e-01 -5.195766869010001177e-01
4.724723128584071841e-01 -5.459218474295313150e-02 -1.950333503617953657e-01 6.416117497495841260e-01 8.035761947052988408e-01 5.343228889436033580e-01 -8.841021242205180375e-01 1.192696580723038302e-01
