7.756536204684794100e-02 -9.243420829858917109e-02 1.072408324684244185e-01 -2.414160204469979476e-01 4.790750692354026619e-01 1.794416483276455310e-01 7.384873275557961581e-01 -4.157148378638646502e-01
3.498838703032862707e-01 -7.097819330771586444e-01 6.035189510791039158e-01 1.023261951845566564e-01 2.546737882575482725e-01 -1.364873059672031541e-01 2.684199821593824531e-01 3.256355628460203544e-01
1.168768924380523266e-01 6.639927786036403656e-01 -8.141360632507494977e-01 1.431584299314461184e-01 -8.008801708665542751e-01 -5.427498068192817549e-01 -8.835494797897760488e-01 -5.821913583288405025e-01
5.902045808135318872e-01 -6.058639203746334356e-01 4.232416058826415917e-01 3.708932481445503804e-01 9.025727029715957528e-02 -6.661953294797395841e-02 3.599380948330839214e-01 -7.472333189465096837e-01
2.599521198828294022e-01 8.083240186587750120e-01 2.465969738593833949e-01 -8.378015967467200564e-01 4.464626608141273323e-01 3.499543877153628024e-01 1.149259842973457957e-01 9.924388685116340980e-01
7.725167843324500794e-01 -8.714333097662478878e-01 7.798492252447812856e-01 -5.784641856182877184e-01 -4.137371065896267019e-02 -1.324286303647754792e-01 9.041871278918376387e-01 -2.357688602603342787e-01
-9.596120185496210819e-01 -1.801706305556420862e-01 -9.841151769748677225e-01 7.837459774804789170e-01 -9.129843627951865770e-01 9.276995424779836963e-01 6.426565868580922380e-01 -7.757879381450507594e-01
8.850794228359979421e-01 3.539063135164477458e-02 2.376806899175745169e-01 8.211285116606465984e-01 7.122700087807984914e-01 5.389326953431068379e-01 4.883355813932050982e-01 -4.353483514894249673e-01
-9.166503934067087300e-01 -5.334833673587924263e-01 5.551051684757521976e-01 3.015279266243875433e-01 -7.213955034551695622e-01 -5.327742344630013172e-01 -9.360517363384401879e-01 1.097121144665622605e-01
-3.410285385043201334e-01 4.100906459149811223e-01 -9.403233340793113459e-01 -6.008704013341725769e-01 9.840375870484858734e-01 -8.186855206651668659e-01 -2.555841256833766284e-01 -9.450154260349945545e-01
