2.529971631515770536e-01 -1.370925241360989588e-01 7.716618322213477654e-01 -7.035305714921804565e-01 8.659689707957800575e-01 -6.864424349788200708e-01 -5.206568741533577072e-01 -3.387923864205044655e-01
-1.881689234718213477e-01 -3.573364555826932243e-01 -2.956802275346885889e-01 5.592126898702407534e-01 -3.136407933633145184e-01 -9.355879529395918492e-01 6.089763293101979613e-01 -8.932708377648479470e-02
4.561308997837172363e-01 -8.744270651550383189e-01 -8.325515619869008344e-01 4.020054252119937832e-01 9.949773250834674787e-01 -7.641972051409549049e-01 9.685910722900712422e-01 -3.095747922769367388e-01
-3.879738875474998405e-01 -2.430153523162577045e-01 8.269906626641014835e-01 5.730082189765510758e-01 -7.473822068610638247e-01 6.657025498751591996e-01 9.466632371422938341e-01 3.592586308531502404e-01
-1.686219854685322428e-01 8.292002572005541250e-01 6.770550655367402193e-02 5.055672166241911292e-01 -6.038260563437742867e-01 4.750430201560396082e-01 -4.316505134280421707e-01 -2.249618820353611603e-01
-6.361847790184340656e-01 8.953054029112783585e-01 6.037975679447653565e-01 -4.608839501991590648e-01 -6.018893050442783998e-01 -5.217084426128233421e-01 2.356175231737971387e-01 1.937098812886892674e-01
-9.789573545099319318e-01 -3.459222327987863110e-01 4.640534826060596085e-01 5.070507916130071457e-01 -4.681651649372531310e-02 -6.284170939033373315e-02 1.098006306715038072e-02 -8.354841344447876406e-01
2.266382208130852671e-01 7.815797020202208678e-02 8.677182551646576147e-01 7.286370654434894956e-01 -4.601350191432975745e-01 4.415721748536505231e-01 -2.939138350252186171e-01 7.823971496588169039e-01
9.305464625518966582e-01 -5.985302783679737892e-01 -1.927345726280613736e-01 9.407401986894776691e-01 -1.629685666466551552e-02 -2.444319401228685074e-01 4.833452383904717209e-01 1.123807471991715712e-01
5.720442867782737917e-01 8.378972379079479005e-01 -2.075116846173685747e-01 5.489120770534676730e-01 5.864761990741254039e-01 -2.799120437327347055e-01 -8.514356789842043582e-01 -2.619235810333535586e-01
