-7.439297762084979837e-01 -4.554689986973059490e-02 -2.728361582877751879e-01 -3.704222994992281137e-01 6.684000463195705066e-02 -8.044798350854889257e-01 -7.966828102465624006e-01 2.856217372575404756e-01
6.678949579056032704e-01 2.306997232160514777e-01 9.488470731318359164e-01 3.603107822953894868e-01 3.166612225859217755e-01 5.115530738127380683e-01 6.630765421070927701e-02 7.757965517772913433e-01
-6.052735031881106842e-01 7.113602736411113181e-01 1.090600882295547081e-01 -5.093176121855536032e-02 -7.921196751899284294e-03 2.672173692754635788e-01 3.730224127246337673e-01 2.626864250754961105e-01
-6.241857147817873042e-01 -1.451556710878521006e-01 7.450707144550756666e-01 -9.506979493778056067e-02 -4.898167015546057712e-01 -9.339044129590210463e-01 -3.115746517412207872e-01 4.440916319639642840e-01
-8.420953882662074452e-01 3.086933377304794668e-01 3.013671365777204070e-01 -5.503411298679741215e-01 -9.922763749853922288e-01 -8.166078717461742187e-01 -1.437117952039601576e-03 -7.737869205152119179e-01
1.984724904576340432e-01 -8.629991656568571923e-01 -1.991233642272560722e-02 -4.685178704337813471e-01 1.959556243443270063e-01 1.621851452621063672e-01 -8.157507260530356685e-01 -3.581688327689980245e-01
-4.099332225820804254e-01 1.293493287341143105e-01 3.792028673660927662e-01 -4.657849012757082630e-01 3.891116296714658418e-01 -8.619826678251261143e-01 -5.351834134488742123e-02 1.503839050759627760e-01
4.692220104352207155e-01 5.727420436045971286e-02 6.937446178576889277e-01 1.467165151849219029e-01 1.682853790326035437e-01 -8.300657690592978533e-01 8.963576524652467903e-01 -7.838889318346444757e-01
-6.828521210517848328e-01 2.108249199811345065e-01 -8.838464838014588043e-01 5.380575640270277571e-01 -3.466031258095574330e-01 4.439565092105124400e-01 8.442645159254786869e-01 5.895882892502752881e-01
9.814145636945130757e-01 -2.268222681383891270e-01 3.470488537787588257e-01 -6.826796054468562414e-01 3.386135748568046555e-01 -5.269598278321900864e-01 6.865677842591604296e-01 3.740588416082701873e-01
