-4.741411266880404263e-01 -4.302375994907656764e-01 4.631410007277918517e-01 4.020679169812657605e-01 1.970013309284905922e-01 5.942495008546586632e-01 7.147666880421226221e-01 -3.636424353504730256e-02
-3.948277922158360820e-01 -2.887275654459742213e-01 -2.719444232145422635e-01 8.863296696384119766e-01 -3.020132604093401785e-01 8.784989466869108643e-01 3.063421034139759414e-01 -1.850702876634897631e-01
2.933564452472015027e-02 1.775137169265672554e-01 2.239214793319381780e-01 -9.436141165995466373e-01 -5.332192919163232236e-01 6.957667644329357248e-01 4.039777276077769486e-01 -3.506789416633200318e-01
-4.747211119195442475e-01 -9.722094235536782314e-02 1.574352592661145689e-01 3.198981701536096622e-02 9.319977847362848067e-02 6.094978946047986401e-01 -3.326039771961930569e-01 -6.832768482244500063e-01
2.123113233986817505e-01 3.291768190119426230e-02 4.938469248193926298e-01 -3.918270071754785810e-01 5.830202772708559245e-01 -7.634723599040331710e-01 -6.044021636632161965e-01 9.181105737488708396e-01
6.651339830416929111e-01 3.892874282414306997e-01 -9.668825259370890102e-01 -6.416857676153153722e-01 -4.299578556554211062e-01 5.606439811332435408e-01 4.326992770616178152e-01 7.943334366467260654e-01
6.881229745809451792e-01 -1.458162763413981544e-01 3.295497164575715843e-01 -3.745100763171071989e-02 -2.595965923902616712e-01 -3.848140187653379396e-01 2.053940612591527159e-01 -4.146223294964515027e-01
-7.932311702000023335e-01 3.324724098050979570e-02 -9.366142326870892099e-01 6.292870801411865056e-01 -8.381170689457073664e-01 -4.228464465718686505e-01 9.532778013231590908e-01 4.588673703461374487e-01
1.750493498710194995e-01 8.114209480305794031e-01 6.044616063453041033e-01 5.900219578236580720e-01 3.610828642550281131e-01 -2.443007817555813421e-01 -9.699118032252831423e-01 4.378897890402808635e-01
-6.879399018310969893e-01 9.021875125359635206e-01 -6.169780153475559192e-01 -8.338626701618534476e-01 1.086795653257883743e-01 7.174119576057087500e-01 4.640611219217212202e-01 -2.142228383409152670e-01
