-3.939195090481899530e-01 7.463942597723585148e-01 1.570929218077852241e-01 9.402707671849337423e-01 -6.199320341784755328e-01 -6.460516095141868309e-01 -8.941619754470075954e-01 3.742170563616862289e-01
4.264669556867672906e-01 6.353702292017497921e-01 -6.222125596140555270e-01 3.995778797883444700e-01 9.846304127962401953e-01 8.851342136486479717e-01 7.783053446421017707e-01 7.965342341412688931e-01
-9.768457554364331497e-01 4.804848724388168790e-01 -6.362917651448711798e-01 -8.315996807169805383e-01 4.677255779377513800e-01 -2.436891518247543686e-01 3.685866033404670006e-01 4.921252506990125841e-01
5.206284933581244445e-01 1.285693659952586998e-01 3.545861354340347216e-01 9.424761129109502367e-01 -6.725267266827641421e-01 -6.449160518356091831e-01 -7.282435770161890254e-01 -8.583528006686558243e-01
1.955620279678946805e-01 -4.335674992596465493e-01 6.367064132486155437e-01 6.160844644239376056e-01 -6.372984387717850474e-02 1.132905588290942234e-01 9.177341010155817269e-01 -9.509673871984030136e-01
6.205937631558757772e-01 9.927486879055384961e-01 4.924952461022733541e-01 -7.092954657528141027e-01 8.853488270814400263e-01 6.846270631694286735e-01 8.314663460608948675e-01 6.422901843462869298e-01
9.928132700669105581e-01 5.604304872515530889e-02 -6.915566085923925410e-01 2.930405718922040048e-01 3.731093388414379319e-01 -7.321447878850679825e-01 -6.563714032044716262e-01 3.197423752329728863e-01
-4.065365813361221381e-01 -2.073491696223994651e-01 -2.584533567199602810e-01 9.554043319128964207e-01 -2.082887706310043718e-01 -5.568511342443493994e-01 8.336048522997656640e-01 -7.947714368325722312e-01
-7.349488727879986971e-01 2.079075851801777119e-01 -1.143441040661867802e-01 8.304459105625965343e-01 4.323111172536113767e-01 -7.184288212157574627e-02 7.737873299584447917e-01 5.343485198694128968e-01
3.921603814773080288e-01 -9.397733527832254907e-01 -2.416844523467733818e-01 7.996784864425536821e-01 1.851771995688480388e-01 -6.253432728078380798e-01 -4.636021846079896314e-01 2.147570255483177704e-01
