6.024070361801192597e-01 8.724557147926557121e-01 -3.581707622838787852e-01 -2.219816010597304157e-01 2.807896384101147280e-01 -3.200416486348922618e-01 2.266759105670457242e-01 -4.113564016392867728e-02
3.048405066864265933e-01 -2.870112980400123526e-01 -5.491422844868905084e-01 -5.605483566289153341e-01 -2.838297481896212560e-02 -8.807727214607166122e-01 9.057772917806661273e-01 6.493423869134011817e-01
3.500206776575431888e-02 -3.085102469081155707e-01 9.323046076030439000e-01 3.334649288393918276e-01 4.404428660627355274e-01 -5.403658500964272360e-01 2.563570404221680032e-01 8.542305807667274209e-01
9.319313849302401920e-03 9.081405354445659661e-02 9.518411139798776954e-01 2.839787948103564830e-01 -2.168751341799559640e-01 -9.796010295959511893e-02 -1.781386097492254628e-01 3.773715698335236013e-01
-5.398587518144759567e-01 -8.658088561731873689e-01 7.453537979095432586e-01 -5.284148434416329199e-01 -5.697985192159871204e-02 8.876849664946417917e-01 -6.807939753835845487e-02 9.700338554899552435e-01
-1.635376474668084334e-01 5.122566386156193197e-01 -7.963280243254211577e-02 4.253582379070781627e-01 1.084713560776273678e-01 -4.542284522412405323e-01 7.803540581266457110e-01 8.178062578659839321e-01
-2.112298705853703495e-01 -7.272334016155483916e-01 -6.031546296026017995e-01 -6.662164638038015063e-01 2.150541957402489768e-01 3.364921387825621224e-01 1.682406716307673911e-01 -8.894903395612394625e-01
8.078524515363916247e-01 -5.803892862048340984e-01 2.317420794213349566e-01 9.688330088392818062e-01 -9.091984277388671654e-01 7.697180917597230554e-01 1.371610744419458072e-01 4.293653465025082383e-02
-3.524580009163691408e-02 9.552658920210990168e-01 7.636040290042189760e-02 3.307037956188354499e-01 1.333252500960249165e-01 -7.747096223569138740e-01 2.613466982772554292e-01 -9.389399969730882756e-01
-4.434461294292504352e-01 8.466116649490318391e-01 -9.112540522327350345e-01 6.557329377530614067e-01 6.147751020627250096e-01 9.647736451604052021e-01 5.390478991666793895e-01 6.610374028439462979e-01
