5.852648677602612093e-01 -9.801599273039665050e-01 -7.032902782810028786e-01 5.429085503381712030e-01 -4.226447559164892009e-01 4.289879122854642901e-01 4.649722067834576311e-01 6.834358584959800975e-01
9.200409247274454749e-02 -9.701408696832798384e-01 -5.915889959477182991e-01 8.696233475873744734e-01 -4.744667148303647330e-01 -9.943274425772505865e-01 3.200110761304235663e-01 4.398161643770357454e-01
-3.051397799410897616e-01 -1.454964189224787763e-01 3.038835087306899219e-01 3.920972190031528637e-01 1.833185944449500226e-01 1.906920229859943028e-01 4.298476718978270217e-01 -3.621535172142498205e-02
3.670382153690419091e-01 -2.383179294893147393e-01 7.884604086945412593e-01 -7.369820909247892793e-02 5.629020345257345070e-01 -2.438577218530992852e-01 6.023378306532258808e-01 -2.572131297905455583e-01
-5.837301699681483047e-01 4.705561104373743309e-01 7.332976601157699115e-01 5.748075836115611459e-01 2.602158638808242941e-01 9.848598063451592388e-01 2.873341744564057443e-01 9.118638080141696634e-01
-4.733472332529571336e-01 9.704464025768526625e-01 -3.784007480678250879e-01 -1.133830306720384762e-02 -5.152656672830298046e-01 8.714979017066015743e-01 -5.251881505004063477e-01 -7.218247542200777467e-01
-5.552405102649453639e-01 1.223074478703627399e-01 -2.525553958424322509e-01 4.097462769505690883e-01 -3.793151968336123669e-01 -3.060375794468448429e-01 -8.895968732931365253e-01 -7.251612517266099456e-01
-6.082728140301079112e-01 -6.675813117583198064e-01 7.435441861740514913e-01 9.737176922061703266e-01 -9.164145936062917386e-01 -1.497858662613529290e-01 6.758597516995350496e-01 5.974496234792345817e-01
-3.718169505741883984e-01 -5.216631461679299697e-02 1.286783870347409930e-01 -2.173471015709647070e-01 8.954578393591281493e-01 8.305545053068306149e-01 -1.331873070209730336e-01 3.844779506782272094e-01
1.645200798985984036e-01 -4.599008987788177905e-01 6.766349291481379424e-01 1.492667754929912771e-01 -3.983970924401918356e-01 -8.963281672656944199e-01 3.877641086624250555e-01 9.735712566647372057e-01
