5.186425256399631589e-01 6.966309015278786543e-01 -8.006774935376002045e-01 5.211010603217276493e-01 -6.745201853577571516e-01 -1.454852934839614420e-01 8.877837725228581167e-01 4.388483328232983816e-01
-3.255078684839249892e-01 -7.904344212748053433e-01 -5.426847017430527220e-01 -5.854065956220313449e-01 -4.764646920712427569e-01 8.466216577494527495e-01 -4.464057300034123266e-01 9.803379694317519988e-01
-3.765137245568239699e-02 -7.884763871819764347e-01 -5.937562822911903737e-01 8.076549601166151948e-01 -7.514623939393891838e-01 -3.173504873619363842e-01 -2.165310830063702507e-01 6.004629444425220175e-01
9.759225869006780130e-01 -2.824575224964001041e-01 -6.280405738712024899e-02 -7.698321403923973349e-01 -2.478479429123554567e-01 -9.127164051588820826e-01 -2.906182593503496836e-01 -1.054626321674598799e-01
8.832735081145277611e-01 -5.922060893144356353e-01 -9.010781028908576573e-02 9.560950007247153160e-01 -9.717911002120473984e-01 -5.453075650138317076e-01 -1.899800583659014830e-01 -5.467966198164109226e-01
-7.449622177122825484e-01 7.965705107431919618e-01 -8.611808698944598550e-01 -8.559232995852705805e-01 -9.111148034769860349e-01 6.203858335800038759e-01 -9.690324233148432942e-01 -1.968411972289310086e-01
-5.982956996701438435e-01 4.961702047251725922e-02 -8.732004008832303654e-01 6.646682805130237348e-01 2.949190698610562045e-01 2.482075671565608932e-01 6.968015875092334888e-01 3.325545676183039312e-01
8.218209171679971003e-01 -8.168357749842503068e-01 3.478615507361120240e-01 6.401727339614813328e-01 -5.676321160119623954e-02 2.667879473662708723e-01 9.919808689954003889e-01 -7.994243279738411090e-01
-6.364454934415570975e-01 2.294475425219770770e-01 3.314472934914931557e-01 -8.560224832958702734e-01 7.774827487332747200e-01 -4.433370245942687138e-01 -1.910594352533623308e-01 8.199745619743228353e-01
6.270836509094448452e-01 4.568218699532093918e-01 5.388058500192878242e-01 -5.651625379914380076e-01 4.440304567586412787e-01 5.484546197294677405e-01 2.626289919008506502e-01 6.334241130398943209e-01
