-5.327155005895061191e-01 -3.400475924320445209e-02 9.432378336299809263e-01 -7.271494499109170118e-01 3.636148596820014678e-01 3.643716888457833036e-01 8.599839306037775355e-01 -6.055034775339784847e-01
9.125734658926434317e-01 3.926810294792304479e-01 -7.712030923694472850e-01 -6.202001653228088607e-01 4.006444452532786915e-01 -8.608229919677607977e-01 -2.394599222912932035e-01 8.869067731182969094e-01
-8.783580741037479989e-01 8.686972275865443294e-01 -7.067472181756651040e-01 -2.000055161298726070e-01 -2.432429864422749333e-01 6.990269085838156649e-01 9.211554242304511586e-01 -9.874367572464286535e-01
-5.851623657733981965e-01 7.982292329041829060e-01 6.326003239622999264e-01 3.225015486057811742e-01 1.930669489965008978e-02 -1.927926116928926348e-01 9.669848345353562191e-01 -6.016401232322505788e-01
1.339332823001095907e-01 2.384241870535785957e-01 -6.469972508851347115e-01 -8.811539530970473599e-01 -5.956623375687071231e-01 -2.944454989615397089e-02 -1.291537253469274837e-01 -5.030795560045469017e-01
-3.474407393762330987e-01 -2.941710881892429796e-01 5.915468125075058481e-01 -6.013299724227858523e-01 3.983904540337170896e-01 3.179146389186078281e-01 8.014582012147788426e-01 -1.494897447590579631e-01
7.346451858033620219e-01 -2.531723033286703561e-01 2.785101550732205222e-01 9.540094384198112287e-01 -5.318786393233314591e-01 8.122172843681527699e-01 -9.368953404436752841e-01 7.023667594259359603e-01
8.468844261975030374e-01 4.671655957922795643e-01 -4.466250050522064807e-01 4.856112528914027227e-01 5.803690750125547471e-01 3.325950087360727281e-01 -2.289232958949758423e-01 -7.219671459202317010e-01
-1.116490846518818358e-01 -7.653422178921880370e-01 2.556578891822383071e-01 4.083871863898076437e-01 -8.706735813695090087e-01 -3.805273093061698475e-01 -6.709628172772552634e-01 -2.608297678594051483e-02
-3.527990407128285266e-01 -3.579966924614528256e-01 -6.998632311681631801e-01 8.039084580202462416e-01 5.614728658520009574e-01 -5.246012788155993700e-01 5.077301835861522950e-01 3.699160632887827926e-01
