-2.929932772255205986e-01 -1.258027753658410575e-01 2.641501801808354699e-02 1.333330501863818629e-01 -5.186167080138170959e-02 7.179184127393340997e-01 -8.448149403160554183e-01 -4.280291535130031910e-01
4.398088591920668033e-01 6.009059516341452856e-02 -5.527931477490479750e-01 -9.139318571847687700e-01 6.812415549501293910e-02 4.764951729741222497e-01 -9.925372370505589625e-01 -6.222011545505228280e-01
-2.034437979250089956e-01 -9.116115511477347333e-01 -5.477347269889161208e-01 -7.647330333540773850e-01 -7.319668971349657660e-02 9.037144331329212132e-01 -8.221170150150267641e-01 9.674175425075031143e-01
-9.343064962996918688e-01 -2.115316476646964539e-01 5.494671034454199354e-01 2.816589503826245622e-01 -1.394169680733232664e-01 -4.858540054512570094e-01 3.608337963494476774e-01 -5.221333709625517461e-01
-1.366750591153467198e-01 -4.776402351467812224e-02 -1.591408813810568645e-01 1.902394499513802018e-01 -8.683951694071645466e-01 -6.385793176441376673e-01 3.662922794236411761e-01 -2.774619777308342528e-01
-7.040444895750153087e-02 -8.457743855743260486e-01 -5.575341969461633518e-01 4.511350910544620341e-01 1.606675413949860687e-01 -8.612569444476723124e-01 -2.386297896205458180e-01 -7.981748480334318607e-01
4.647969630211323810e-02 4.096172012255798744e-01 8.194994882619490717e-01 -1.402897521201771358e-01 3.388473279700026097e-01 -6.864929923441127624e-01 4.369647925101101116e-01 -1.855207847730924176e-01
-3.397552077958778671e-01 -7.441628777506390513e-01 -4.346538401197428403e-01 7.013541762775707955e-01 7.191743086461643841e-03 6.607619228993983906e-01 -5.257729191813174108e-01 -8.133537106822270601e-01
1.199858274154164128e-01 -8.100214965993191019e-01 5.687877600389801280e-01 -1.083889856150819231e-01 4.827949551271157880e-01 -4.016558834863472871e-01 -4.626524389826314199e-01 9.380161901246530931e-02
8.035649119789252115e-01 -6.950899784120581071e-01 -1.775364934085881252e-01 -4.758201409820219663e-01 -2.311090353916835927e-01 2.276435968680416977e-01 -4.587669258893427582e-01 9.511356861404152152e-01
