-3.343475720983124511e-01 -2.264371935321425333e-01 3.459584068589971473e-01 4.308595214356614189e-01 -3.126535398132244126e-01 3.801266846263584576e-01 -4.350929331395581023e-02 -4.295402206746026241e-01
4.267267481929519768e-01 9.088394853107297777e-01 -5.783633174881097627e-01 6.278488306465233038e-01 2.223866952599506952e-01 -6.417197724648420198e-01 3.112243095654425584e-01 -6.518641269547689188e-01
4.413731998463208406e-01 -5.475278028508623329e-01 -8.540157460569928194e-01 -3.826791944958676250e-01 6.393660057449963574e-01 -1.828624239179732491e-01 7.347582441963111943e-01 -5.939903191051942866e-01
4.627998742346706162e-01 3.988393024768495110e-01 3.032407363587470428e-01 3.606187206172455362e-01 -5.738095693339979597e-01 1.384672081900513163e-01 -9.172941608433911043e-01 5.963037851694072966e-01
-3.338286182819560910e-01 9.001521699968235701e-01 9.399145692720576317e-01 -6.179056397631554898e-01 6.549489055140755855e-01 -8.828505221017064475e-01 -2.864363519446853079e-01 -4.979943377974833663e-01
9.470084522233586100e-01 -5.415840761358892141e-01 5.405910584082216364e-01 4.151172925248178824e-01 -9.752694141602658018e-01 2.322833964722748057e-01 8.454904484360039607e-01 -7.184389481726947135e-01
-8.441419503225104926e-01 7.004782050859872378e-01 7.321898630958423304e-01 9.981341733387116832e-01 -6.524858537025755023e-01 -6.852960330940338629e-01 -7.802830877218487338e-01 1.679630889430947516e-01
-1.271797660325391099e-02 4.213482702836250926e-01 -8.845402979980123703e-01 9.885586157831682819e-02 9.394844085458671223e-01 8.156931741257635871e-01 5.564825750400081983e-01 3.657338478669607262e-01
4.430476322426406544e-01 7.769953805051879048e-01 4.436318773638110446e-01 3.729771208673073879e-01 -8.859817183822207287e-01 4.088705882938032943e-01 -2.317935683908893818e-01 5.985368011846208258e-01
-2.322330005644615003e-01 -4.017490420855964750e-01 4.639963899445049833e-01 6.044808928556493210e-01 5.894870892944150675e-01 -2.898314314475332054e-01 7.277892757586008621e-01 6.509956091272157686e-01
