-4.468624359743615937e-01 -7.521516640198728787e-01 -8.244965480223285237e-01 -9.886194821911029607e-01 4.631293986565854226e-02 -9.538636799783590803e-01 1.479969234859206395e-01 2.642966399991963922e-01
6.307590991956057991e-02 -4.034362148157313310e-01 1.473991990907208560e-02 2.865176978436756450e-02 -4.417171217539344052e-01 2.464309482424136277e-01 -4.357126874325156773e-01 -1.035559920680773072e-01
9.833389543171167091e-01 -1.990348525558403026e-01 2.972467299524714779e-01 -6.144255857354350425e-01 1.006432723087666847e-01 -2.495565577657805623e-01 -1.317303110348255757e-01 -6.932441755895524249e-01
4.054012862498137526e-01 -3.110969087661241694e-01 -4.016808060173686634e-01 3.892767288518985680e-01 -8.357662385759705437e-01 9.464384745621374773e-01 8.230042476699490628e-01 -2.932891994718909157e-01
-8.770417887428145765e-01 9.557920966266835183e-01 -5.602505055118087718e-01 5.341581881505521601e-01 3.877218262973922691e-01 -3.907120058435935572e-01 -6.264038640484812515e-01 4.308685010624164757e-01
2.200687163286652037e-02 4.870392802253529219e-01 6.866525192551760082e-01 7.763938134959458282e-02 -3.079197957860408952e-01 3.910732105446985685e-01 -5.184240243159663475e-01 8.641708503945146891e-01
4.540633682688652861e-01 -8.149632919310692003e-01 -2.807682601818619617e-01 3.760427324797273041e-01 -6.585671867562177262e-01 -5.482021694106942178e-03 8.824782790120955234e-02 -7.916101395423120746e-01
-5.174326535005691063e-01 -9.845981801311307624e-01 2.619423099870656912e-01 9.289354180866364885e-01 -6.273384359604763372e-01 3.467231428647270519e-01 1.364566191007197116e-01 8.689526233955484624e-01
7.456905930344228661e-01 -1.913514561568727679e-01 -4.659540881566994752e-01 -2.276462411560740140e-01 -3.858117743907880648e-01 -7.009251017687323504e-01 3.666126890348129219e-01 -1.429571695139264520e-02
-3.544840924924828052e-01 -7.310985626942878568e-03 -2.808117789678465925e-02 6.454401846543189603e-01 4.027042353423035959e-01 -4.610495025693699400e-01 -9.562933845378198683e-01 -9.407088147206366102e-04
