4.040893398447293894e-01 -9.702651683528928928e-01 5.809790247428594512e-01 7.168754056430624022e-01 9.649175029557239824e-01 -3.856261956615067987e-01 -2.101763543463883721e-01 8.143902825430680004e-01
8.887490626341898459e-01 8.275088120131537384e-01 -6.344920953880395231e-01 -9.887752587728013687e-01 -4.748060402808329528e-02 1.687508854140333803e-01 2.113216585688781901e-01 -7.691125360463992866e-01
8.143555505212445311e-01 -6.088512498256231087e-01 -7.929241482710347455e-03 -8.919967486286737302e-01 -1.812382498435132216e-01 -5.220888071745799497e-01 2.607650467777222758e-02 7.375861391687279500e-01
-6.429522725457941235e-01 -4.631515415859164264e-01 9.262741726387817565e-01 4.376610431579885940e-03 2.785818320410751170e-01 4.964905198410811682e-01 4.229173528218554967e-01 5.120038877218300311e-01
-6.738572329848155906e-01 -6.768955060371832921e-01 4.544445226781139713e-01 -4.119892102556534930e-01 1.910023851026287911e-01 4.484913546789339733e-01 4.457986439850447624e-02 -6.963824913974541175e-01
7.663121497720386532e-01 -2.713620336610838013e-01 8.468081991921794227e-01 -1.124490585435500289e-01 1.635630025453420622e-01 -8.819263108037844745e-01 -2.110421668717785693e-01 7.787058927037611156e-01
-9.669019944467498462e-01 -2.099808709366841608e-01 3.527762080343948004e-01 2.642841022817514762e-01 -3.130994868816900922e-01 7.993585066358803726e-01 9.936808941124046779e-01 -4.225162132471433907e-01
9.105178220784240217e-01 3.726481863988848620e-01 3.130918197096013156e-01 7.643344900287818433e-01 7.342133851205550066e-01 7.017029373217071875e-01 3.069247819575864344e-01 6.075694895904528714e-01
-6.863457507125756418e-01 -7.206063572786258753e-02 -5.217230260767746763e-02 -8.539561687694088299e-01 2.064606454231299182e-02 9.225979998837636753e-01 9.513971657047455288e-01 1.509423037736750128e-01
5.776677210662528594e-02 1.284748633381833649e-01 4.890308027121046397e-01 1.824939790905006909e-01 -4.612694059008424219e-01 1.962930237058286842e-01 4.625460244412897826e-01 -5.585219500904554657e-01
