-4.870420923073006669e-01 8.002425951111276081e-01 7.659189338837582017e-01 -8.693530658595682858e-02 -7.769059850608208695e-01 -2.975249579178254056e-01 7.233426186642564204e-01 1.912575976247197218e-01
-6.282896628385779003e-01 -6.917069567001883357e-01 1.824003203675625961e-01 -7.834753887964818198e-02 3.689589112399771498e-01 -9.794853719344793763e-01 -1.250884066920812110e-01 -8.115303735993497636e-01
-5.654667217939834956e-01 -5.343462085285097807e-01 -3.837358080690504991e-01 7.131995901596415166e-01 -6.071616013247491672e-01 -3.929450440640258613e-02 -2.421376991496204667e-01 9.164790087774219440e-01
5.461586961365902937e-01 -2.476081288743527953e-01 -8.887455880172658862e-01 -8.713339690681856098e-01 4.276737414798561510e-01 6.103567410377814806e-01 -4.299096840112883733e-01 2.094629011809920893e-01
-1.081446803367551723e-01 4.268291491005173910e-01 5.791889536529106763e-01 5.635049320423071162e-01 4.548927869560437376e-01 -6.740701519559368915e-01 -7.266665886052057211e-01 8.202566966298749929e-01
8.732359870755506126e-01 3.465486895973233228e-01 -9.194367860118550784e-01 7.441214100291893008e-01 -6.363757689664262251e-02 -1.892685328324845706e-01 -9.903201525750666701e-01 4.315311902112608511e-01
7.663439217638368106e-02 -7.445311390394460105e-02 -5.054026774184432469e-01 1.758529469370728737e-01 -4.664644324929361208e-01 1.473301231210717432e-01 -9.743164931520191807e-01 6.160852572857040688e-01
-4.812324359193769219e-01 1.472631428078603477e-01 -9.678457970399416688e-01 -8.706535158162420629e-01 -1.987328937809138552e-01 9.562773484677642433e-01 -4.344494015698645573e-01 4.912481098800425272e-01
-7.826681677565263673e-01 3.146476101558417504e-01 -4.349030674991918310e-01 -7.373085066681053235e-01 -7.121386739233086516e-01 -8.647718450546282298e-02 1.300038963258300928e-01 -6.252877915476184878e-01
-6.797608001991979343e-01 -8.981851381658867428e-01 8.772127291981335340e-01 4.924685984576437914e-01 -4.328068448871880136e-01 -8.999709686749763904e-01 3.204215685379774303e-01 -1.180293482282623874e-01
