4.099478040496045139e-01 -7.674143103664874399e-01 -5.978959439916837759e-01 8.640279243712469803e-01 2.926547390818243777e-01 -1.072468934560755205e-01 -8.005887453120261732e-01 -4.495025274294759399e-01
-4.117222546615091350e-01 -7.009758749852768034e-03 -7.473926897132772140e-01 -1.954064839021201205e-01 -1.050997844039827100e-01 -7.326649276498671259e-01 -5.214528989333504505e-01 5.267553290917994513e-01
9.044058818016298407e-01 -1.347521972599201590e-01 3.341627318381332756e-01 9.905564778976860829e-01 -9.140108030360472036e-02 -7.618194939046272207e-01 6.751362820866808612e-01 -2.300429184206413957e-01
5.873180654659617694e-01 -4.090968476704599510e-01 -4.669495313856257823e-01 -6.021301854341687410e-01 -4.070055527751699209e-01 -7.098737510329984346e-01 4.203391047855387086e-01 5.287519118938646123e-01
7.574977546556891372e-01 -3.821382619164228611e-01 1.595321246671412840e-01 5.858156168439521139e-02 -5.953677208433105772e-01 7.825179978885992149e-01 -3.479243790161001826e-02 -3.839943744064635567e-01
-2.295860978114234729e-01 7.023976286938002911e-01 -1.430290571053300930e-01 -2.792836540628276243e-01 -3.899748374490517033e-01 1.790501549583602969e-01 -2.295493892622069154e-02 -7.390098811431138337e-01
5.097046572845771450e-01 -4.646208413643289070e-01 -8.107677325437154803e-01 -4.402188143728120728e-01 -6.361413986539810050e-01 2.500840542148814460e-01 9.890096306332960552e-01 3.319120846668475178e-01
6.452939384514877474e-01 5.748970715595926873e-01 -5.140463876724974401e-01 -9.591257647211495208e-01 -1.536067156546949697e-01 7.575462922719014003e-01 -7.269938421152146724e-01 -8.208203001623748385e-01
8.214203359357472589e-01 -1.320958004041181688e-01 -3.961159728186256501e-01 3.557059365277102092e-01 -5.605477879427089860e-02 5.834388182405489953e-01 -4.265138618939803283e-01 2.058475935897541298e-02
4.256813176307594482e-01 4.739619791552283079e-01 4.327310361782643611e-02 6.334326511402776916e-02 7.213199231967806213e-01 6.458795509540991020e-01 -4.670313753029038395e-01 4.967974717445189370e-02
