-6.157369672358568025e-01 -5.416511095548457444e-01 -6.291178077412884484e-01 -6.206201331811600497e-01 4.885432815971353371e-01 9.505612876350870710e-01 7.138339511909956858e-01 -2.139659067809502879e-01
-6.795830732972163446e-01 -7.687247328009541025e-01 8.454784050408223894e-01 8.579946221955341290e-01 -6.604236618917287416e-01 9.052548929209858208e-01 -2.349922699450881503e-01 9.331610311300171379e-01
-6.163668521368275144e-01 4.287230020846191092e-01 1.739106515623862759e-01 9.371821535384341484e-01 7.511527860435920356e-01 -2.532200736204190950e-01 8.050002905140749565e-01 -1.722521341110549997e-02
-2.429314275896099495e-01 -5.039486839473723556e-01 6.321206907251797347e-02 -2.405704416727938444e-01 6.495644794676362910e-01 -5.413956172746745565e-01 -2.662570504272407934e-01 -4.862606755363068078e-01
1.823825853000529129e-01 -7.113394366785463774e-01 5.867856166252789496e-01 8.644740524878113952e-01 -2.996273929508586065e-02 -9.085459199418277620e-03 2.493539632697399089e-01 -3.229863961347174683e-01
5.205461501993369211e-02 3.349004359551277510e-01 7.452257886856108460e-01 4.541437639240211155e-01 -8.808193639696710875e-01 6.580533272672199896e-01 4.837006415989415498e-01 -3.939720927992460542e-01
1.710660570964412930e-01 4.926897546921273907e-01 1.613583479317428626e-01 -7.126766705629912213e-01 -9.390240219074952321e-01 -4.529627754974896447e-03 1.937307267765795427e-01 -8.150085048304440694e-01
-3.186922387270354484e-01 9.765981051934911061e-01 -3.453343706353508846e-01 -3.347867551913061845e-01 -3.460335137363734770e-01 -8.973626062620190247e-01 2.038865832408582879e-01 3.598471588758642703e-01
9.455165714270954425e-01 -1.024561980222522539e-01 1.329727503305742076e-01 9.434174030256134991e-01 7.103375109661143050e-01 -6.307223455011476965e-01 1.530365814451872808e-01 9.546826739624696412e-01
7.987762544400951459e-01 -3.212101414147043865e-01 -5.677096426417429509e-01 -8.275624803206473867e-01 7.782327346098592002e-01 -1.022284857789150792e-01 7.461881116956470272e-02 -5.261373040557730807e-01
