-5.920605358456094702e-01 -8.673551196341464653e-01 -2.031421290684687353e-01 -2.872287566789617497e-01 5.389636876995287373e-01 6.568647562201201939e-01 -4.674939840531635582e-01 5.305627506616339417e-02
-2.978946379710918357e-01 -3.120676607470196373e-01 9.135522516607084142e-01 2.776563843761719053e-01 6.337450185022881488e-01 9.933323972839751548e-01 -2.579178043751906291e-01 2.008446675276616133e-01
-3.240874250433962711e-01 -3.089211663509472405e-01 5.812792985693153724e-01 -2.806751490783687686e-01 1.233685070602958955e-01 -1.070943384238134399e-01 -3.218315758347536359e-01 2.212409166303621610e-01
7.205771856241247608e-01 1.855141852930131119e-01 8.346600862859654413e-03 -4.880460243476016924e-01 2.317089106381762242e-01 -3.140769323493977083e-01 -7.476239133746254151e-01 -6.895532411232909720e-01
6.575094390235007857e-01 -5.890293330540876671e-01 8.803678672455022003e-01 -5.771537972300917474e-01 7.863370678297181282e-01 -4.346902287457048430e-01 1.114605405167168328e-03 -5.035039825641307587e-01
9.884350436197462120e-01 3.147646149242335767e-01 -1.985664613837969661e-01 -7.771552274168815888e-01 -9.899361814339577847e-01 9.491454901653841869e-01 -4.517622438411599273e-01 4.654672867946259007e-01
6.254503520459508970e-02 7.661161057158836218e-01 -5.639074181121430662e-01 7.092492164550354694e-01 5.688454213682780924e-01 5.404641525169020522e-01 7.418930779683539090e-01 -3.945893534631212951e-01
6.770657384405913692e-01 -4.968598205465040163e-01 4.299216000162562334e-01 -6.287355318253931014e-01 -6.195957001972751677e-02 -5.182870132753574222e-01 4.634187511682781313e-01 -4.296466628581148139e-01
-7.515187073876947732e-01 7.571825077249996205e-01 -1.060940468817457294e-01 -3.917157907480464107e-01 -8.677749432178567535e-01 4.280590096717040716e-01 7.681480498074029217e-01 6.711601036778354068e-01
1.786923578446877325e-01 5.305331260147250205e-01 2.352165670633603600e-01 8.233596818058974698e-02 -8.283226110469854575e-02 6.204967586560843351e-01 3.651563287570396277e-01 -4.514977077147583895e-01
