-6.982825453842680385e-01 5.828669219674396107e-01 -4.266467185150417674e-01 -6.495678875116519535e-01 -1.082807151820137648e-01 -7.976732123800167606e-01 -8.293799753733226421e-01 -4.338671887145324479e-01
-2.265905962311642874e-01 -4.081979234535322298e-01 -7.216364610685153114e-01 -5.293019835354240143e-02 -8.531390844098611925e-01 2.630263931296521474e-01 3.186049409689453160e-01 1.125282245730701014e-01
-5.546237387731010049e-01 9.690735941419184041e-01 1.719154239437707954e-01 5.506930410662409514e-01 1.578500600890535566e-01 5.554142321770545454e-01 4.231155339035348462e-01 5.081961653288988856e-01
2.515165490612463195e-01 8.069579849764816348e-01 -1.156547980629658579e-01 7.311600699160321071e-01 1.944812253594394580e-01 -6.529361566474425338e-01 4.359039201590970691e-01 7.174308578274719572e-01
8.496481890638969414e-01 -8.041892017803691228e-01 -8.570796546789620773e-01 -8.950041764761729191e-01 -7.561399632634824286e-02 3.036663223577120707e-01 -5.013917202628814795e-01 8.618763880701918456e-01
-4.706366672624360259e-01 2.839209390405783573e-02 8.142557038052955498e-02 3.965091760700765189e-01 7.501891045867958852e-03 6.783979645262252500e-01 5.535340863487328011e-01 8.978822762469025331e-01
-5.359519140701487494e-01 -2.886198312377448172e-01 -7.032434610876061587e-01 4.728111398302592416e-01 -9.241825973028674479e-01 3.751659067508235079e-01 6.280590010565894055e-01 9.629986512501202967e-01
1.758324194766796023e-01 5.988833629858141272e-01 -5.558683807177153824e-01 -5.566705998133383293e-01 3.079224040907069249e-01 5.542014090123021930e-01 2.335559002747886748e-01 -1.502968489369669314e-01
-8.268978125093973119e-03 -4.711521175609483247e-01 5.669716838949889759e-01 5.748830807452880443e-01 -4.201515248400236047e-01 -4.402174873518160947e-01 -9.314705574548249878e-01 -5.627579086156138111e-01
-3.674119877005959101e-01 -7.564620694853712024e-01 -4.428476108120360522e-03 -3.545788678241512670e-01 -2.089001559236836059e-02 5.358436510854238666e-01 -5.774552205811200878e-02 8.243721391084437577e-01
