5.263429417380658393e-01 -3.938943544931743368e-01 2.321048454317957699e-01 -8.311388709654496942e-01 9.793212783006879363e-01 -1.663139944735427811e-01 -1.863152410481152543e-01 4.878921035146754903e-03
-9.105535914931879304e-01 4.973103239621632365e-01 -4.929905511357661752e-01 4.352354231217465674e-01 -9.031947304735443716e-01 1.489857233809188664e-01 1.602509623532004657e-01 9.792329580546508261e-01
-7.916834127569933877e-01 9.549236519884907182e-01 7.884563923837313304e-01 -5.194230759246920570e-02 -3.653951296497486290e-01 -6.502524026262508361e-01 -3.645054271193726159e-01 -1.749755687733247633e-01
2.678332343663925030e-01 3.905243816980954463e-01 9.041277217180052617e-01 8.288372318186976173e-02 3.921306177582160046e-01 2.812136094693951094e-01 5.981738096656259440e-01 -9.416866746932304189e-01
-4.827445359035076322e-01 -2.672516044854633677e-03 -7.703901976698441789e-01 -4.509720671411057147e-01 -4.350819847960605280e-01 -8.163006521340063770e-01 8.353262016743263629e-01 -6.184357147826748946e-01
1.323736169532494511e-01 8.886137531254676425e-01 2.764731588727884493e-01 8.106881546397752825e-01 5.468141683172023093e-02 -3.068083097073484034e-01 2.309910958699432637e-01 6.831015604322285828e-01
-9.470181700328450525e-02 -7.151925107410654903e-01 9.120308141713755479e-01 5.150438433910280445e-01 -9.328622069841063791e-01 9.146804505855032907e-02 3.294533323117037060e-01 -9.221519053924431830e-01
-7.217487119506564852e-01 -1.565552454950336347e-02 -2.536386271110473434e-01 -7.174474858856245696e-01 1.998244504077839601e-02 -3.306215749407925841e-03 -8.693820286483915361e-01 3.853800876778177287e-01
-4.011270569582636725e-02 1.579854530501456633e-01 8.534950545125796761e-01 -2.337103060400809174e-01 2.121043619277367398e-01 8.252664070152646580e-01 -4.486636948689182169e-01 6.723922630347365370e-01
9.676541835081542420e-01 9.662775159536818315e-01 -9.226274197486605821e-02 6.506829437279100237e-01 -7.730949408935947620e-01 -6.540441296695689299e-01 9.577468236426835979e-01 -8.940894448033387398e-01
