-6.465937881004972798e-01 9.577448209566974402e-01 6.636121938197883097e-01 -3.264855735422855787e-02 3.510270234073153972e-01 -1.999012361457963571e-01 -2.782059085779309271e-02 -8.062380948687337678e-01
9.490853840021054033e-01 6.326857012038304973e-01 -5.080122051517834691e-01 -7.420791947151526013e-01 -5.689826838572995538e-01 -1.317657161024803347e-01 7.501454765664092861e-01 9.708005512351876032e-01
-9.681698713123194633e-01 7.811410893011656587e-01 2.566705018740520483e-01 1.654960948442623092e-01 3.671652711493971211e-01 4.921985461194910982e-02 2.014270051323450161e-01 -2.739119077764762267e-01
-8.950914469520403483e-01 2.940600949021701105e-01 2.609003997470831226e-01 2.390738967077423727e-01 9.306687528316577307e-01 3.892332454667721819e-01 7.395588123941811975e-01 2.576231306382490427e-01
1.690158900015588106e-01 -3.365042408897809256e-01 -3.578391226218722299e-01 -9.620459733744008979e-01 6.764340644561754878e-01 4.204462047215420384e-01 -1.505253312007874822e-01 5.923634994097386475e-01
6.464903095021463653e-01 1.263254705708893866e-01 6.630039245933083691e-03 -3.417280667405515615e-01 -3.580012868121711378e-01 7.086638431397158655e-01 -8.965208926606775819e-01 -3.613304705210746981e-01
3.649736819646562935e-01 -6.266110992107982725e-01 -2.834258323643150668e-01 7.717044744105736598e-01 -7.201395726865076341e-01 9.564906871728422466e-01 7.169274791361741617e-01 -6.185533039897379570e-01
5.028292385285215715e-02 -7.614778316648582734e-01 3.284195236890841141e-01 -9.954609543237424862e-01 -1.563200516449181343e-01 7.692845844036684255e-01 9.980468204425656520e-01 6.919648771907995766e-01
-7.525077321976354483e-01 -5.492436722773810232e-01 -5.258378114221744504e-01 4.325177211107416042e-01 3.185088195324929927e-01 -7.069765206564779803e-01 -8.862223512426163907e-01 -5.784496176099276354e-01
-4.849690183511266017e-01 2.524828036645705431e-01 7.781853721584499617e-01 -4.059438104652057788e-02 -5.661176909750746944e-01 1.163352578500349566e-01 -6.456329324032041850e-01 -2.329585128025442042e-01
