-3.046658887878361810e-02 8.525546107885595415e-01 -6.202489211733444030e-01 4.986313798255137542e-01 -9.116857818212369402e-01 4.791753094471129515e-01 9.952384478012756830e-01 9.127828263593775748e-01
-7.122159087683124223e-01 -5.090953532497126677e-01 -9.992768613028852887e-01 1.476871775247583507e-01 -9.603456639909191406e-01 9.826345201586537126e-01 2.233594812660726348e-01 -6.338933197666356545e-01
5.541776430316729396e-01 1.709883983544804309e-01 8.641351573943512054e-01 5.670703248528943252e-01 -3.273661945200014856e-01 4.461062204152694832e-01 9.086278518731896181e-01 1.922905893720145976e-01
-4.228807633220126316e-01 4.182297129381429279e-01 9.001191181739882641e-01 -1.538652320055378109e-01 -3.899159443368145350e-01 -7.517227546642328839e-01 -6.738605793536309729e-01 4.963040852657836233e-01
-1.540987935289608313e-01 -7.475785909548455788e-01 4.513678564494394418e-01 -6.976013577239863483e-01 -7.565956271211151662e-01 -1.009578625998102108e-01 7.813265476951309907e-01 -1.125206239583789181e-01
3.229796465430614383e-01 -3.685950403758277982e-01 -7.660587401447629397e-01 -1.035507073422490265e-01 5.846064321386992280e-01 -4.401821788074362640e-01 2.019412333255470315e-01 7.893289503101963422e-01
2.733781762849565311e-01 -5.933120715763702258e-01 -1.220849645501955738e-01 4.784140261851992371e-01 -2.530845806775925411e-01 -9.708785069707250859e-01 6.335656549114851988e-01 -2.008969316181463682e-02
-6.775313611520634716e-01 7.872494286558984200e-01 -8.980315797110911546e-01 5.622737721818424905e-01 -2.762293490111584759e-01 2.847918137297302810e-01 4.317050274935503307e-01 9.651665032126719446e-01
4.015257568275907296e-01 -1.729972998073221468e-01 5.307649657035939939e-01 -4.724589582048350778e-01 -3.290222110900544727e-01 4.998369049065560787e-01 -7.567167123828311137e-01 9.934221650056973552e-02
5.614744925420942501e-01 -4.891227630110661639e-01 -1.157444556995756990e-01 -3.632463509868693041e-01 -7.698013141192381337e-01 -6.155181954652377829e-01 -1.386593344066782141e-01 8.910143918809043662e-01
