-2.867053824832455078e-02 8.869415230326034294e-01 6.909519634042380343e-01 9.433273402820745446e-01 3.206925111887715119e-02 6.175995534417382249e-01 4.187215818924390209e-01 8.062435106056955458e-01
-2.495818645690897064e-01 -6.590652992891008477e-01 -6.346501347060440335e-01 -9.815899792873743479e-01 7.977446320853585071e-01 -7.020595700878229373e-02 7.885734543803575303e-01 3.884976453207644731e-01
-7.209713214837827344e-01 6.275352917855725465e-02 -9.654285152221304678e-01 -4.349033067673355735e-01 9.712785173626179436e-01 -5.303560614562408126e-02 -3.826375054580311019e-01 -8.922497034654344183e-01
6.940366729331781670e-02 2.458755667849612525e-01 3.405349707550957561e-01 -4.146956880905428022e-01 5.994903862991489696e-01 -2.170284232324137808e-01 9.995429972949232411e-01 -1.575361566391564327e-01
7.734403275120198540e-01 -1.973007734794096635e-01 -8.177770196430116378e-01 -3.294398993208360604e-01 5.244171451496493219e-01 3.631442537724405284e-01 -5.369301763976959130e-01 5.231489483191875678e-02
-7.505370114563043593e-01 6.933269501290459935e-01 5.792058843769789522e-01 6.586887480758503166e-01 -4.858060563533714848e-01 -5.107164031432431806e-02 1.862559579920719521e-02 7.919351958202052177e-01
6.452140647552340180e-01 -7.307750791556717473e-01 1.771968345121293087e-01 -3.610999450253513654e-01 -4.519935364294138669e-01 -6.172357166007365059e-01 -7.438626118686242350e-01 -2.734061473215894100e-01
8.321160593415748430e-01 -9.696919347287886737e-01 -2.460907870866921865e-01 -7.947875944856497288e-01 6.665662950989483804e-01 8.137196369542416541e-01 2.528567329329944879e-01 -7.561223304690234404e-01
-3.678615617571232566e-01 -7.329039387964240149e-01 2.277515868510173735e-01 -8.486782554121743427e-01 6.294012707010905316e-01 -7.358098185126697999e-01 2.497153183748310745e-01 -8.026138136603642170e-01
-3.746840689200705565e-01 -5.319455804449442216e-01 1.738531818464033041e-01 -8.359107947007762274e-01 -2.252686269461259272e-01 -5.646601399083992501e-01 4.271472798381774627e-01 8.888551008855971602e-02
