-5.086359363638082165e-01 5.306380553991807414e-01 7.043618762909940045e-01 4.617529544375067463e-01 -3.820154098480357252e-01 -8.080273804690440986e-01 5.509142355504934585e-01 8.423011984236798977e-01
-9.069627868673990623e-01 9.647701560810844068e-01 -6.582982875085066077e-01 8.901487487866881487e-01 6.336227709294903754e-01 4.696781005353571903e-01 -8.816208410686512398e-01 -9.642990046496906498e-01
-8.396066698786301963e-01 6.233310984536033494e-02 6.261393824607224268e-01 -2.011234123542360308e-02 -5.042016121640495729e-01 7.245100271748001752e-01 -5.486292542478983236e-01 -7.034952818840842781e-01
9.483961538140843750e-01 7.894959264606178362e-01 6.422178348144309545e-01 -3.827764355837006693e-01 -1.574913822213099834e-01 -7.788055766445283190e-01 -8.900141411916342449e-01 2.772689177503766533e-01
-4.650983342851604529e-01 3.232667152052151049e-01 6.651695280380736097e-01 9.482884473402304337e-01 2.713166057365001826e-01 -6.722637959658417373e-02 -9.071609820074986175e-01 -1.241626796849160108e-02
-8.449187847664849649e-01 1.789105975182381236e-01 9.363073996466186877e-01 2.342069150380556852e-01 -1.046000006703893259e-01 -3.118575945165522612e-01 -9.261754970740159187e-01 -2.805243457046602273e-02
-2.819271670111531680e-01 9.753065032938450507e-01 -7.231609985897422543e-01 -4.100681627505078364e-01 -4.545829306413602389e-01 9.598872176210349050e-01 -6.435177863596721615e-01 -6.193525295495683203e-02
8.386373103574378263e-01 9.115682850684199146e-01 1.650260330120976171e-01 9.631102502802124654e-01 -9.986937441697831819e-01 5.534256272405713162e-01 -6.160861143515083960e-01 9.214434396873056876e-01
-4.713022528220811580e-01 8.932385919800869267e-01 -1.135974929617784568e-01 -1.644206477081557871e-01 -9.274105246524180224e-01 8.515010082288938520e-01 -7.194514775810654239e-01 6.655507164603158277e-01
-4.890334604942994101e-01 -5.535921513297468177e-01 3.911234451198544182e-01 -2.661586785542287004e-01 6.271869591921017673e-01 -4.630867213322114040e-01 5.874697676313298533e-01 -2.977981959487923103e-01
