-1.815709220218508779e-01 5.072802145710775257e-02 -2.604148592345323365e-01 -8.483401243109289780e-01 3.721603188376843008e-01 -2.651042528119065267e-01 9.137134872672203478e-02 -2.294015334953241059e-01
-3.927534770289284882e-01 -2.741499440660419840e-01 -3.566848433610934066e-01 8.084873280184434741e-02 -7.521829188418327483e-01 2.476879718907594174e-01 2.809137379750072938e-01 -1.895378017870010812e-01
-2.126988106367626585e-01 6.385965672266378235e-01 -5.217147917674276325e-01 -2.292969420346910869e-01 7.693941572748792534e-01 -6.644853781768336187e-01 7.750561747270778845e-01 3.648119896889823188e-01
-8.300084615106271269e-01 -5.517205679357317649e-03 -8.701144559463123151e-01 -6.458983661368422613e-01 -3.956353318068435154e-01 7.301818161742048563e-01 7.933453016402189917e-01 7.724569959211355918e-01
6.184460344274282928e-01 -3.711997826784487753e-01 6.085287382588169258e-01 -9.908353896665111904e-02 -6.136486587878839938e-01 -8.303727643052201124e-01 6.135513975962996192e-01 2.240867658409040342e-01
3.622807192023482781e-01 -1.896488158388640599e-01 1.469394395387124685e-01 -6.540036167238834075e-01 -5.463410366071486113e-01 -1.056340450931136932e-01 7.703685865899556617e-02 3.079334646709093182e-01
3.818691205847848380e-01 -2.084394291555646817e-02 9.194358779407025839e-01 1.487569831408586118e-02 -3.680355784859257184e-01 6.358145129913184146e-01 -5.949457219305247513e-01 8.318266929845832269e-01
5.616349047652500204e-01 6.168678385357648786e-01 -4.087798259410087010e-01 7.892896050728015478e-01 -9.147596976794341028e-01 -4.993876133790642324e-01 -8.125853615853473322e-02 -2.654160050695557604e-01
7.260205916941184778e-01 8.891709040686730514e-01 4.225346398392639813e-01 -4.045524396615975959e-01 -1.939494973187563254e-01 9.967125751418235424e-01 -6.264333122320224767e-01 -4.300953811282486328e-01
-1.460254402142122654e-01 -5.843902468671970940e-01 -6.355440577810658187e-01 4.383361682751396593e-01 4.244267688964198371e-02 3.908588649905464507e-01 2.188077198032181148e-01 -2.924523462501549265e-01
