-2.255412612714591258e-01 -9.518817857252559467e-01 -8.078369621878422890e-02 -6.625753474323887726e-01 7.973071143010765915e-01 5.476922459451587510e-01 4.889519352209619196e-01 -3.387516673987711613e-01
8.293118412482374247e-01 9.474600243262374377e-01 2.724714383689861297e-01 -5.744661796156222966e-01 4.056712514586553464e-01 -1.349023028014884051e-01 2.932055144922938172e-01 2.473468600146011553e-02
-9.494273505371606525e-01 7.202056645774490562e-02 9.561659819563044227e-01 -4.472249518639745958e-01 -3.921947044022924267e-01 -5.158109311397247598e-01 7.916800141438642413e-01 -2.568838771321548808e-01
-1.185914347079983777e-01 -2.237085793721957927e-01 -7.897726635597110967e-01 -8.164802396572086174e-01 8.032478684491430876e-01 -1.293939440355231785e-01 8.408793146895843229e-02 -4.472769670539729070e-01
3.329914333293890749e-01 -6.026538295303927040e-01 -9.524242899465362733e-02 1.138000227675184384e-02 -5.692503598699172329e-02 -3.427019525700438773e-01 9.594987265270404908e-01 -1.419658993666943481e-01
-4.653726702652145608e-01 9.340280342229045907e-01 -8.733650366771250617e-02 -3.798690413620144923e-01 1.391447776300005490e-01 7.521695673208341759e-01 -8.724444364653842765e-01 6.272630578803934931e-01
-5.507682604871564358e-01 -7.240735903263617601e-01 2.105411830411956231e-01 -9.002681906176301929e-01 -2.429667310012901815e-01 8.933887807493712252e-02 -6.464857654749311955e-01 -8.256063524321965996e-01
4.826602838497526804e-01 1.761328132450223904e-03 -1.644882154669928820e-01 -5.115485952052265528e-01 8.721584073128396675e-02 -3.809834729786527596e-01 -4.850230431007045429e-01 -3.450904316227660917e-01
-3.577157948832421219e-02 -5.779436903260477543e-01 6.896746512359781534e-01 -9.992310233914272199e-01 -8.100754736559716562e-01 9.851816756315867618e-01 -2.642876636864066597e-02 6.341141874334068618e-01
2.125099760566204754e-01 -2.575472017871038855e-01 -6.293587555552249135e-01 -6.869628144459420938e-01 -2.491425211616093982e-01 4.347635492509094313e-01 -6.483143981679868606e-01 -8.404640227856319257e-01
