-5.828123127606799070e-01 -6.050134613768287650e-01 -3.575082542088359183e-02 2.312405243379045405e-01 -9.694966337274630863e-01 2.429612698742875665e-01 -5.352674336310569991e-02 -7.313692546044190390e-01
-9.385954783090870723e-01 -4.356092858921634114e-01 -1.075829268555541507e-01 1.587684078290456657e-01 -5.065457505686719042e-01 -3.514405778704843275e-01 -9.403210650942350757e-01 -3.700289287590241560e-01
-1.143445510602303372e-03 -1.496355362895702701e-01 6.148885169941311624e-01 -8.241320947873229663e-01 -4.819886633724392855e-01 -7.147388899412572272e-01 -4.540838352050944327e-01 -2.136688328785600888e-01
9.557818763128722583e-01 -8.807952456612224701e-01 8.227009930042781249e-01 -8.158657426823427983e-01 -9.471710763655012411e-01 -2.927735040892653906e-01 -1.185377756917675995e-01 9.877276245093842277e-01
-2.327567487080874908e-01 1.875777789617336655e-01 -2.722851468108267170e-02 -3.906411701819985094e-01 -4.971010364260199932e-01 -7.454845075670684107e-01 5.022433466813591707e-02 -9.583094410838066679e-02
-2.582475540441355744e-01 1.648284170719469532e-01 8.507476613597075854e-03 -7.219874038055440479e-02 6.977526533510376439e-01 -5.344150173703539064e-01 3.046409182535021465e-01 -1.629777694545404554e-01
3.734533098641801274e-02 -9.296327308121898891e-01 -1.757109328022858907e-01 -6.300932367085605446e-01 5.150977200933197775e-01 9.170649439142719572e-02 -1.575974008372562629e-01 3.504242575097737955e-03
9.601527528623361452e-01 4.605135926214778408e-01 6.433147157772409752e-01 -8.767879448162771983e-01 -4.225202706650144080e-01 4.258637094230834919e-01 1.206319075510251526e-01 1.918293142172911026e-01
-9.365780209692677882e-01 9.579705675942626897e-01 -5.079614546244126672e-02 -2.086476498845197813e-01 -7.015190209438268987e-01 -7.028713557660797306e-01 -4.160985126829004344e-01 8.016020565540964427e-01
5.736941558674593100e-01 5.493157829828119176e-01 -1.375177227864936569e-01 -2.059038123906242745e-01 6.528060645463491518e-01 -2.830482928777899865e-02 2.882225828942965862e-01 7.135615639557202350e-02
