3.480058358555866427e-01 -2.694801904821177985e-01 -7.070628638024811785e-01 -8.896410018312499446e-01 2.903037539423978242e-01 -1.639541500842034427e-01 -9.459450904927768633e-01 -5.396696778398442085e-01
-9.837766853572393888e-01 -5.650014337959718969e-01 7.745650043067764390e-01 -9.194595038465300796e-01 -5.976680117298329709e-01 3.401201148589862999e-01 3.725182587656810096e-01 8.205218532006195442e-01
-9.161043058517994719e-01 2.203675879044881825e-01 -3.394341650653729392e-01 9.916022688310446309e-01 -4.043842046225079034e-01 -6.468904614951309640e-01 3.921421534467843806e-01 4.036352458846175217e-01
-3.493627914789143585e-01 -5.551364430428651353e-02 4.489078134075157323e-01 1.124456422518254062e-01 -2.344589049104581768e-01 -1.854046607588890616e-01 6.602598793714680170e-01 -9.921393849061903580e-01
-8.894143404660723728e-01 -2.858105644064068418e-01 -6.843712053275237128e-01 -6.092833018110672683e-01 -4.446221651168835720e-02 -4.835413462034536813e-01 -9.228762580075100530e-02 4.407552456580423605e-01
-1.038071799149475893e-02 -9.662657512565098195e-01 6.548062942935657382e-01 -5.797587025196533350e-01 -7.894472501262483899e-01 -9.669503198947373424e-01 -4.281140433908796616e-01 3.469978141850911246e-01
9.599285315968373311e-01 -3.291179903833096887e-02 3.333861018427288769e-01 -5.445100844092936043e-01 8.609487467605831945e-01 -9.816295713687115398e-01 -6.194525199194487186e-01 -6.603312140547146214e-02
-6.403640618999764111e-01 -7.388897183743061703e-01 8.335744281258443689e-01 7.162259063001623627e-01 -4.043624584044671622e-01 3.252066654809988577e-01 2.347311566413001760e-01 -4.707893986212636772e-01
7.158926996012349164e-01 1.754047105970963916e-01 -6.630346921673226923e-01 -8.645509703582456851e-01 9.674890491964667216e-01 -4.880879559969188985e-01 6.057461317680061796e-01 2.003122747986951779e-02
8.626139321220711587e-01 -7.764521153620584926e-01 5.836610564212012520e-01 2.687108940499025600e-01 5.816892404013562778e-01 6.633178706739539798e-02 -7.339619017932506040e-01 4.948517033193868819e-01
