-2.321433981410758740e-02 2.444833057213580130e-01 7.108187853318543858e-01 -9.641016705205154302e-01 -1.658340463618432903e-01 3.346861047070086581e-01 4.240018173018718084e-01 2.935417267323658930e-01
5.914210870164233746e-01 -9.418747684106976159e-02 6.019016688875951093e-01 -8.592719147126297585e-01 5.118692373694821995e-01 8.642666049631622105e-01 5.896829626236570476e-01 -6.602987514550298087e-01
-5.394448380185679071e-02 -4.248413110443247653e-01 -1.437810393841452150e-01 9.283828098122453021e-01 6.591148861397777559e-01 3.817233613062920305e-02 1.175954548489139828e-01 -6.021621655189171030e-01
-7.655455633703327489e-01 -9.810978243023067424e-01 -9.995901679315501998e-01 9.458198425921118258e-01 8.753711000959762956e-01 5.063034386936802189e-01 2.823094352343900049e-01 -6.393229089488188244e-01
8.346438962187858746e-01 -7.336976934133343509e-01 5.503756139868105635e-01 -6.503394525009573712e-01 -7.959495368579758701e-01 -1.947109922554843831e-01 -9.349438930524773816e-01 -8.437473263866213102e-02
-7.031235874556924781e-01 6.959205386778593017e-01 -5.099496012083513108e-01 9.638777839778247536e-01 -3.922856413808479825e-01 6.477403992963548518e-01 -5.098260477051621553e-01 -4.617378915160719188e-01
-6.625508944701674618e-01 -2.647185159812857069e-01 1.780845614336974414e-01 -6.441108883089441406e-02 9.868533510962964606e-01 -3.194298073626364864e-01 -2.185842969686326853e-01 -4.940893784292534896e-01
-5.381259982385264706e-01 -9.496255371204709306e-02 -7.934196485710898195e-02 2.449520542716272509e-01 -5.934920990705219168e-01 1.401215387740635254e-01 -1.751552268527811762e-02 -8.438780114464543569e-01
-2.274563048627036288e-01 -6.860784890069160369e-01 2.453441773936009263e-01 2.606300229074332009e-01 1.843352819549182176e-01 9.072750271236891262e-01 -1.210748443913600703e-02 -3.831580532160061558e-02
8.561319419892590155e-01 -7.956817216616227650e-01 7.912033304935170985e-01 3.964969771769299989e-02 5.309561914576041985e-01 -4.170594716737392460e-01 4.546912896627075540e-02 -4.256730392419321163e-01
