2.955065005405119738e-01 6.293736199796713393e-01 7.739628686789787881e-01 -6.165363914428487746e-01 -7.813885558992414992e-01 8.673321519768317778e-02 9.395614248216201947e-01 3.250620751742845371e-01
-6.725081540814170644e-01 -8.856800343513144824e-01 -1.757545380177769623e-01 -3.265086383247057800e-01 -3.123241352481207489e-01 4.353979608171800741e-01 7.018448083326456199e-02 -4.135629029736118678e-01
9.067167887130676007e-01 -1.082990343129601740e-01 -3.581475388391686110e-02 -6.873925553531683441e-01 9.041447401529840722e-01 3.406585062885569837e-01 3.472116592847638294e-01 -5.780737198539471766e-01
-7.905215306951931531e-01 7.927413458507526212e-01 -5.711681012434770555e-01 2.573175271063616876e-01 3.601623294107314521e-01 4.193782154067635659e-01 -7.291352952300773627e-01 -2.615540466157022514e-01
9.555194276860718983e-01 9.318804232981028335e-01 -4.135040901884576847e-01 8.792615845010081088e-01 -9.934639206127338085e-02 6.760345899537112402e-01 -9.377667708037595862e-01 -8.617010058697245345e-01
8.991019399643676024e-01 1.548160229206936300e-01 -6.159999024809816870e-01 5.592680136124426049e-01 -9.416949804652821054e-01 9.965549728522653528e-01 -6.722307951332333609e-01 -7.651470607281058989e-01
5.084172492648861841e-01 -6.760630600176760208e-01 -1.411166060615540729e-01 -3.722130194256474400e-01 -2.523453400604749319e-01 9.217616046517456141e-01 -9.340965019479388065e-01 5.541019069731780711e-01
8.277534152032486325e-01 1.900079158243936917e-01 -9.695743798213027898e-01 7.513850314984626966e-01 -7.430221941082131298e-01 -6.158346747826937140e-01 8.183250049781267688e-01 2.355922478778642581e-01
1.892971511353758185e-01 1.083245802725851803e-02 5.163898602224870071e-01 5.983605864136807284e-01 7.863481252865058835e-01 3.641068199040304876e-01 -5.925704401185627468e-01 -6.666731226894133666e-01
-8.894083000358024016e-01 -6.456837018969041608e-03 8.111038981257996383e-01 -3.835374823846962045e-01 1.808406005809193307e-01 3.228195489762462067e-01 4.458819116128007742e-01 -1.970661363635224372e-01
