3.402817844510974687e-01 8.711828872853843997e-01 -8.495082631317849575e-01 4.925912231966242949e-01 -7.392349930741390907e-01 -6.292771759028004119e-01 7.939381373146803256e-02 -2.411868221580286686e-01
-6.906625238590453630e-01 -4.251901330896832309e-01 -1.023957977388307850e-01 -5.001647328066691767e-01 4.684289275022901489e-01 9.358050230355750010e-01 7.164985591796859676e-01 -7.771211611633856986e-01
4.146604891589429354e-01 5.870679983227271581e-01 -5.679063711616789689e-01 -1.874291868038235886e-01 2.702822049536393045e-01 7.388441246072083857e-01 8.833087748254087046e-03 -7.832107709298696818e-01
5.669323467140099382e-01 -3.902004220367565335e-01 6.176171540112793679e-01 9.249416438100586113e-01 -8.366069465893917201e-01 -4.107801277823375230e-02 5.578735468991640190e-01 -7.689358307222311506e-01
1.392465783157370574e-01 3.537956927389065420e-01 8.268225391185715090e-01 -2.009677838424122065e-01 8.816224686811360289e-01 -2.707304584371508227e-01 -3.880936467104234566e-02 -2.557316024492060080e-01
-1.672537100436137791e-01 7.844067428030743194e-01 -9.328563552121338365e-01 -7.599363182575920028e-01 -8.728391167428068975e-01 -8.261191235226594820e-01 -2.324500200450310139e-01 1.995098015540750502e-01
-1.643514608001184207e-02 -1.122006596138742651e-01 8.153631134168772832e-01 7.731727678513942159e-01 -8.126535429295298485e-01 1.799874824536018547e-01 1.762728335988117401e-02 -5.055663718940801576e-01
-5.934935844369926272e-02 -2.257056312406757748e-02 -8.793529622748559316e-01 -1.675574451555053024e-01 -1.631380242687223703e-01 -4.759675549417632379e-01 -3.870666857164120067e-01 9.431751044132499207e-01
4.660553841574688327e-02 8.329311563875314572e-01 8.216000753645222865e-01 4.495322635645846443e-01 -2.949299446133730740e-01 4.105093133566690700e-01 -1.018794446908977136e-02 1.200154678317817414e-01
-9.314117902984406783e-01 -8.593058023913049404e-01 -6.815715682860965519e-01 6.288102297029889431e-01 -1.409359220917212330e-01 9.474835111351485040e-01 2.567035701584989837e-01 -4.682825064786872993e-01
