7.912694220143356993e-02 6.281570208870372873e-01 -7.937092928867455210e-01 -9.607149219171393639e-01 2.170176573689250876e-01 -2.998880946436834893e-01 -3.896645818341393230e-01 1.134969579259070827e-01
-5.495233826660750331e-01 5.078372292014692313e-01 6.285918717564458191e-01 7.576410971207470091e-01 8.320858636950771992e-01 5.683682351980710035e-01 -2.809305619882340732e-01 -8.770480538727754016e-02
2.739607293514694231e-01 6.968103096348412517e-01 5.136459598821634387e-01 4.166198551563926600e-01 -8.270026203944227383e-01 -2.075379886025623399e-01 -9.332621099905142881e-01 9.905367236666484665e-01
-7.384549402160909271e-01 3.183155888095265951e-01 -4.479845013988925650e-01 7.691820242727147594e-01 -4.122626764436365665e-01 -9.531895775489784839e-02 5.814289612923835282e-01 6.349061359861389864e-01
4.947402819626662840e-01 -6.297115402869779555e-01 9.332312553380872622e-02 7.111041716869590523e-01 -7.110996076728484105e-01 -1.872924269033011679e-01 -6.290842047779394708e-01 9.802901212936243613e-01
-4.508269345887143675e-01 -6.124418880745599036e-01 -7.381787497321046221e-01 -2.422932890492823788e-01 -3.848663441485247194e-01 5.783252381312782298e-01 6.630163710969516622e-01 7.175729812994999790e-01
-1.891835304126754380e-01 6.082302912635300096e-01 6.949876218574770892e-01 -5.722098828664770043e-01 2.549469449641150742e-01 -5.354944848870883956e-01 -9.521069957275436479e-01 2.333741020877238004e-01
8.136046758245687460e-01 7.631395803747873519e-01 -8.597191729610278443e-01 -7.422228667759491749e-01 -4.656243712339627194e-01 8.867716260903364400e-01 5.979787171969406234e-01 -4.349683312416348091e-01
-7.338507477123346057e-01 3.342196435746307426e-01 -8.787682934674159174e-01 6.785103584017531109e-01 6.140863503756668340e-01 4.895133655248271598e-01 -7.221757707751141897e-01 4.604950182525440194e-01
7.958163823821176042e-01 -7.044211349137750044e-01 8.924614925190617054e-01 4.544377355843489674e-01 5.594369308526032647e-01 -2.148831845203997837e-01 -2.273180687904099440e-01 3.124289802902633362e-01
