7.458979349664869307e-01 -8.708904744653123142e-01 -6.419632211580228454e-01 -2.609808077728190678e-01 8.528613676562724066e-01 4.042522505880099537e-01 -6.725328651381203837e-01 6.800360717350479867e-01
7.499924272977733786e-01 1.810782760858664631e-02 -5.773411645446315799e-01 -8.283084051044831142e-02 2.354008428558389543e-01 5.175769980087021604e-01 -7.206961110462064557e-01 8.774725211910943123e-01
8.205277314465830862e-02 5.050571338050362513e-01 2.125519009491787514e-01 -1.979575355632705591e-01 5.916371904652157898e-01 -1.546548026493663741e-01 1.180368122842112566e-01 4.600056669314249724e-01
-3.853287279250381392e-01 -6.692919529049998761e-01 -5.934308709278726113e-01 -5.686339593999290010e-02 -2.151495682596435977e-01 9.600073068522601005e-01 1.403341739094372542e-01 -3.800384143008928017e-01
-9.067421312330268268e-01 -8.801471200231683056e-01 3.156559388727113724e-01 -2.339281056676718595e-01 -3.845770750565122853e-01 -8.728055455545526975e-01 -9.269174930736874263e-01 8.762888938867581246e-01
6.363844268549430083e-01 6.971069562531402308e-01 -6.772569844008340390e-01 -3.670907496006059478e-01 9.815358389592490074e-01 -6.231844741201633120e-01 8.843731162004402346e-01 5.335983092545504292e-02
4.658559760141620654e-01 -2.086719438592727904e-01 -2.923449124767962815e-01 -2.194443307599467374e-01 3.185229967157359177e-01 -9.803254444762357078e-01 9.896984046035750548e-01 -6.644913632044957552e-02
9.067872800745198081e-01 2.345230156307063218e-01 6.075542662225057455e-01 1.443802843946633274e-01 5.483330973232203309e-01 -8.683636173614597276e-01 -5.836259606247287124e-01 6.030774851082125743e-01
-3.459401819724694516e-01 2.253427056682275609e-01 3.964736097712351359e-02 7.633756141716796506e-02 -8.011579825569810076e-01 -5.730279131329005793e-01 -8.408637077041900554e-01 3.241233541363666149e-01
-4.611968940172794795e-01 9.821094566431407547e-01 -9.126159682440273535e-01 -2.734428889979056976e-02 -5.775730440323245674e-02 5.013735491941160305e-01 -6.841791953120579528e-02 -4.122702150903601037e-02
