6.345267383102399794e-01 -6.758986068345027576e-01 9.079257411545829104e-01 -9.071830824897217926e-01 9.737715172575136524e-01 4.262379415105765901e-03 -2.263620648737707519e-01 -2.425114029944634986e-01
1.960524465833966001e-01 -1.635353719987264753e-01 1.833824150001452935e-01 -5.837327807616092823e-01 6.302585667642408573e-01 5.430810189935049159e-01 6.042196941673318999e-01 -3.430552609298933575e-01
-3.493894582482837130e-01 -9.420989855384227507e-01 -2.554977608888568952e-01 -5.529011822702558643e-01 8.006210050093964803e-02 9.865408449519015299e-01 5.294745101607556403e-01 4.235976474971303585e-01
-3.761809277163965515e-01 3.335162712775365801e-01 -9.651140122469785698e-01 7.979893331001366441e-01 5.457917366078259835e-01 4.458361021952446102e-01 -9.871333521734066974e-01 8.528193703497914946e-01
-7.777757184229161513e-01 6.628765636770534986e-01 -9.147392817567332468e-01 8.928521924974295310e-01 -9.549091680331056597e-01 6.041684284747119715e-01 8.482540655252059913e-01 9.541701291167514754e-02
-9.797570514680709053e-01 9.450514988642799707e-03 -5.481903565115286980e-02 -6.317432430253044906e-02 6.930485698039781095e-01 -3.305608096070082880e-01 9.722140565389041367e-01 -4.563721948810610662e-01
2.108895673678492511e-01 1.226684080275817212e-01 1.505135835162885183e-01 3.774194922296083554e-01 6.002484084848573875e-01 -6.551327185547561882e-01 -5.484656487134742520e-01 -9.509288643301787580e-01
7.084579731551170489e-01 9.004848713806454796e-01 9.845733940224985492e-01 -7.069880713732026312e-01 5.857616075940930145e-03 5.788850486309664589e-01 9.578863661961762865e-01 -5.622953421901895066e-01
8.587615717306906760e-02 -2.391318411273164468e-01 -5.607024625476568769e-01 1.938500890045082858e-01 -1.188285571087495107e-01 6.751837384893017990e-01 6.215851263253602266e-01 7.775985937724290142e-01
-6.683791879562428484e-01 6.153254302917419150e-01 -6.258366198689633286e-01 5.965090781505202333e-01 2.604988261802796412e-01 5.517603036160978469e-02 -7.146741140504477841e-01 4.667539899321273555e-01
