2.457026227135379326e-01 4.080411544139450619e-01 -9.296906176471699812e-01 7.629667307345764371e-01 -4.446371675557758696e-01 9.810998118418776670e-01 3.354211790527830139e-01 8.022603570108108872e-01
-1.577559503369481142e-01 -2.945786104744430034e-01 1.160608287554782958e-01 5.433105245777121173e-01 6.061679649615969723e-01 -9.296857827950197883e-01 -9.619570857247503604e-01 -1.757051294854601320e-01
-1.137577110346341680e-01 -3.575801247040626407e-01 3.260680258264294640e-01 -9.208976227205960541e-01 -6.379475745229685746e-01 -9.834306199058100439e-01 -2.984239891865030359e-01 -7.218127653311749992e-01
-1.785132677939136325e-01 7.063327038508222522e-01 9.216412372600226721e-01 -6.143141061017591831e-01 7.928055236303841458e-01 2.899231634638992361e-01 2.558059482329899659e-02 4.895959953203794512e-01
5.193884876282766072e-01 -2.947854862998560144e-01 -4.664918942688021097e-01 -3.107901323006516670e-01 -1.241353122712036683e-01 -2.937995753046143133e-01 -5.893563474833756199e-01 8.530838885654852266e-01
9.920666964281448230e-01 -5.481729733514968395e-01 -1.215297362940905845e-01 -8.683654264005136181e-01 2.356737399487218720e-01 -5.770612808877020328e-01 -9.628605815009292357e-01 -2.700702643040997497e-01
3.646745800894319878e-01 -9.071499371358515695e-01 -9.215668487379045093e-01 -1.492661539365716106e-01 -5.392104505993398078e-01 8.676767705443555467e-01 -6.003919560533734767e-01 -7.560125615893109607e-01
5.244068167171711536e-04 4.077086840723009864e-02 3.496715190835038012e-01 4.855771326262048326e-02 4.409765753551175838e-01 6.107743559680769430e-01 6.880019672219475080e-01 -2.666625880394275505e-01
7.149163845076691448e-01 -3.901383971806033912e-01 5.721570301696918825e-01 9.655621097510522777e-01 7.096306678468937701e-01 -4.685419520984535069e-02 -6.896654894959688420e-01 -6.170943535913240297e-01
6.600844956626934490e-01 3.605802035240723846e-02 -5.781467385408762816e-01 7.979105221111293389e-02 -2.540950507864245811e-01 2.839185141309741311e-02 -9.044717120127969689e-01 -8.692211493022738988e-01
