-5.675837449421283765e-02 -6.959523181751614551e-01 1.093865033081842242e-02 6.802038929384930377e-01 8.676222500584760411e-01 8.411667844126948790e-01 -7.253650589496873913e-01 2.904622573210420278e-01
4.381781183767183840e-01 -5.312381785428850201e-01 2.732604168434646930e-01 7.869793486764062873e-01 2.428992847478910200e-01 7.775476159199574688e-01 -7.269438697214674061e-01 -1.008008561967126404e-01
-6.097789867367975347e-02 -5.535823905088721464e-01 8.629585593141571032e-01 -4.773462678031648032e-02 2.651082179852919385e-01 5.471765762211839856e-01 9.041673083155135071e-01 -6.235853528696353454e-01
7.492347069242115687e-01 -1.796288427705126090e-01 -8.413872247163822760e-01 -2.284710327727830226e-01 -6.027501299951691927e-01 -4.826142031183766612e-02 1.376709303117709116e-01 -4.707923789327537190e-01
-1.683335069643867588e-01 -8.371819365927073431e-01 -5.069437291175233895e-01 -9.558297682215850521e-01 4.953188421385683604e-01 -2.831103701042867460e-01 1.176960625016674200e-01 -4.037175111772486336e-01
2.088662180560083570e-01 -4.600543668323557878e-01 -2.744889933914529401e-02 4.270160598791419293e-01 4.080953716620441263e-01 -2.385894543173623372e-01 7.443815911864766210e-01 -5.459908978839060900e-01
-4.882275623713936419e-01 -2.942411738366321750e-01 -1.759696730421915767e-01 4.355745365363052901e-01 4.112901300979410202e-02 -3.222103324513394540e-01 -1.841229375240198696e-01 5.697491569724719707e-01
4.170689612633067256e-01 6.459537052204504803e-01 -1.529824470539273840e-01 2.859254717115395916e-01 9.524803754807180667e-01 8.144979068290161273e-01 4.620107590137034759e-01 7.458472289124218335e-03
-9.150874679643876686e-01 8.414526231077523732e-01 -6.648332151455944583e-01 4.715974484924767562e-01 -8.532532936027139581e-01 9.283237319512260832e-02 7.494004803447116281e-01 5.404374769633539799e-01
9.142151169344276962e-01 1.838451027330558762e-01 -5.005890259862946223e-01 5.220479356182927688e-01 -4.652569109888027299e-01 7.959791673358775910e-01 6.462985328796244655e-01 3.689831364998408247e-02
