3.653634855367720036e-01 2.314985034445782297e-01 9.241683190526206459e-01 -7.633165364343914572e-01 4.687508409483671645e-01 3.626124264471148884e-01 1.470609608059387785e-01 -1.322683585396353667e-01
-6.810251222744621025e-01 -5.925757447767607822e-01 -5.455700940443632962e-01 1.940610636780686349e-01 5.233411919420771774e-02 -4.821743778814038262e-01 8.440607587885307073e-01 -9.721393872951220594e-01
-4.296911763755622005e-01 4.445902081176611453e-02 2.727811400088995253e-01 -6.631470683955607015e-01 6.665273818138639506e-02 2.905283038844250765e-01 6.803359525645307215e-01 3.150271529089774258e-01
-5.300776162641469558e-01 2.358317636207167833e-01 -4.521811988136603677e-01 -2.477698315289393882e-01 -9.737152605843926167e-01 1.687803932137370566e-01 -4.622686976723389130e-02 -4.455560847155408677e-01
-1.354193180610996361e-01 -5.410140327899211066e-01 5.923548958959736765e-01 -4.174123456005160993e-01 1.643327672022933950e-01 6.917660506182850000e-01 4.600119899622299169e-01 -8.825661154145838516e-01
3.943217714723126210e-01 7.124214225633040964e-01 9.020350141881772199e-01 3.257778369109423089e-01 5.298067376751836033e-01 -3.081328996658125874e-01 8.297335400598513377e-01 2.983414904646228827e-01
8.678444827287776775e-01 5.964372970173936750e-01 -5.665932609631414429e-01 -8.249253322486114204e-01 -6.851406132717809960e-01 -2.373811070780849075e-01 5.102631601975327058e-02 7.729883943563815585e-01
8.606806685890151520e-01 -3.472859062372652961e-01 -9.746177888594040883e-01 -8.666870332719935899e-01 1.053642106511416543e-01 -1.278009263763342229e-01 -3.630092817727808008e-01 5.386784724473077102e-01
-2.840560013115789317e-02 -4.748657238757372223e-01 9.979819794267472677e-01 3.942887891911002196e-01 5.222364739456002436e-01 -5.520690636071456936e-02 -4.942449673804445442e-01 9.990976355005594112e-01
-8.761592708017724718e-01 -9.259788619729065751e-01 2.194918772759393288e-01 -7.071597260883291103e-01 4.066106357970094010e-01 3.647557101822973546e-01 -9.665127409535863023e-01 -4.300822442746239371e-01
