-2.094024581940068241e-01 -3.312412862747449172e-01 -3.711413128474161383e-02 8.717454267835662574e-01 -9.541744200913375717e-01 -6.173889022757612643e-01 -9.857803224013796939e-01 -1.028731958527118184e-01
4.624545176317096384e-01 -2.022558114818084896e-01 2.331129221475247704e-01 1.336482695412621879e-02 -4.700128714251929907e-01 8.193999677320857877e-01 4.887219649785163877e-01 9.620093915603873391e-01
1.315255544144509070e-01 9.930898512497550179e-01 2.686688578708207320e-01 -4.283244801450405426e-01 -4.912437382932723917e-01 7.907437107882995253e-01 -5.441060269472277611e-01 -6.562138891928246398e-01
-5.235943759831711564e-01 3.576340106900515181e-01 9.947269426690334981e-01 6.596648400359894637e-02 3.965009412686484325e-01 1.643085610362982063e-01 -8.008764701665893604e-02 4.056635245850221949e-01
1.429670712006765321e-01 6.011237365920962805e-01 -7.494640767979787732e-02 1.332929936182372099e-01 -1.470033963572450197e-01 3.620989454933041252e-01 3.319411246714860653e-01 8.525735494930526404e-01
-7.699350396250888018e-01 9.968551612983689303e-02 -3.997778786053909350e-01 -2.518247803676303409e-01 -1.060652106958297480e-01 -9.799000972889682082e-02 6.401658654449053909e-01 9.982299771193625659e-02
3.993716972437999502e-02 -2.576898604319206587e-01 -4.931020589449284230e-01 -5.558355662210441306e-01 -4.658471519043181353e-01 4.155294942446792206e-01 -7.051902724935439348e-01 -6.586975701606225808e-01
-6.758660110657059850e-01 9.548980032913902960e-01 -8.449990432500704696e-01 5.877982358798805596e-01 -1.949256587417451669e-01 -1.817156395129762014e-01 -8.441127750723413925e-01 -3.730705903963926762e-01
-9.910403125615863118e-02 9.432254666036623547e-01 4.477237591414546802e-01 -5.402555578954670867e-01 9.158283936598958785e-01 9.433929859032035292e-01 5.985970965621509876e-01 -4.632462381968656118e-01
8.941572744380630322e-01 6.649978334655837209e-02 -6.495195915002847098e-01 2.620315959893322333e-01 -6.889771334085739163e-01 7.240963777576432392e-01 -4.983345208184832842e-01 -2.983631030831526143e-01
