7.256720842762329760e-01 6.298758013567642422e-01 -8.548842945996795173e-01 -5.087613505377248657e-01 -9.079972187573659426e-02 -9.309608197973993082e-01 -6.925768308068298573e-01 1.354188570176519946e-01
-2.888422925537650343e-01 -4.352130623454866232e-01 4.661992702422625978e-01 -4.505632352982398281e-01 -2.593697710380824528e-01 -2.274841794884274737e-01 4.909254493081087745e-01 1.613072050082164921e-02
3.441332838616495415e-01 -9.393095380194083077e-01 -1.332906650107390512e-02 9.159678084906786033e-02 -9.998378703224930497e-01 7.831855877871782834e-01 -6.496385481815636354e-01 -7.945719561763113781e-01
-3.175602995733681766e-01 -8.519678167489659337e-01 -2.681096701162615226e-01 4.471286421064946115e-01 4.279482347600209735e-01 2.540550072750826782e-01 -1.723004758199271347e-01 1.575261457860661629e-01
-8.876898057107360795e-01 6.620518863407003352e-01 -9.447035822638942815e-01 3.025476090763750125e-01 -6.313849117841230374e-02 -2.894186124686286554e-01 -7.432205426144902205e-01 -3.662468459510634933e-01
-5.305721776936929146e-01 5.944508915317494591e-01 3.166726599543305820e-01 -5.377647165478018909e-01 6.190161369676050462e-01 -4.028930185157368893e-01 6.647138078422349938e-01 5.535326689665764910e-01
-7.953441451878642265e-01 8.775077580834600433e-02 3.465707397201933659e-02 -3.695245741875439194e-01 2.682262019493262262e-01 4.804742793681049395e-01 9.575403180354544741e-01 3.057142375695924841e-01
2.631631110505963100e-01 6.860994638581290328e-01 -8.909745174013574687e-01 -9.979100971091470207e-01 -1.955248858485691965e-01 -5.949086446397082728e-01 -4.066348168823810116e-01 7.020187757745708357e-01
5.560297111166248030e-01 5.121401793153970150e-01 6.197189337696855649e-01 4.506987066281922250e-01 -4.788984560560738402e-02 -2.014887710510100405e-01 4.899242892633959290e-01 4.130606337027351582e-01
7.391553520192919446e-01 4.694413201731109098e-01 -5.158866205847398856e-01 -6.047344526821949451e-01 3.389276827050926588e-01 5.523109562329728828e-01 -7.033305855861340383e-01 -5.164658272523037219e-01
