-5.657717748892203691e-01 -8.652103765994691997e-01 1.547941768758032133e-02 -6.549015507375022249e-01 1.007327769449466448e-01 4.654973333105121291e-01 -5.476246267651390109e-01 -2.606953667714062561e-02
-5.675714811792882397e-01 3.289934672840555407e-02 2.807149634963239659e-01 -6.910124886430011326e-01 6.284554781370967902e-01 4.068091584206869893e-01 -3.013287492759348929e-01 5.015886452227387160e-01
-2.914425344220792358e-01 8.353564179166261816e-02 -6.340920583446618686e-01 -3.606436763455440619e-01 7.479007434382620723e-01 -7.234637301113338026e-01 -8.487164784966545472e-01 -1.417917510123876124e-01
2.896462363559484388e-01 8.246143919655450905e-01 6.453092248288170296e-01 -7.387065400510206548e-01 5.101863642718640346e-01 7.929909587281451788e-01 -2.684024861859395372e-01 -1.592450806265348628e-01
-9.989950857175060595e-01 -8.891447432558829966e-02 9.169981531425042132e-01 -6.475936324138007461e-01 9.540999273767247768e-01 2.847430058565434408e-01 -9.887697634783640943e-01 -6.607464431187630716e-01
-7.964616193498628149e-01 -7.521900520718836081e-01 8.563569328040099293e-02 -3.821405420816104126e-03 -3.411404973287575082e-01 -7.941126778879323833e-01 -3.243509920330669427e-01 -8.047646995528985325e-01
1.615270744400907343e-01 -8.709068821200940391e-01 -2.534734063114276736e-01 -3.133413912442939431e-01 -5.978325059772822136e-01 7.326101150290662556e-01 -7.999728586231042993e-01 2.279459328362580806e-01
2.766847445910103342e-01 -9.645593848034046403e-01 -2.247286200835696413e-01 -3.531905882928072504e-01 9.909834499501466443e-01 3.879546734179584178e-01 6.860562404989174468e-01 2.475281803951134840e-01
-5.212230567093796285e-01 2.075136546844242869e-01 -6.761385703326312502e-01 4.803225181648416164e-01 -6.440372551441091442e-01 5.985638259277148432e-01 4.477288582649796567e-02 5.518325042443936734e-01
1.531367243654815358e-01 7.994037746603448458e-01 1.635801095238531566e-02 -6.446414642249653770e-01 2.236699363111394057e-01 -3.819586530215905995e-01 -5.568314752576408733e-01 -9.031486839630931129e-02
