9.180015254899647204e-01 -1.300608201763351346e-01 -6.791485718554295392e-01 9.544344581043009423e-01 1.986007050969063048e-01 2.781540798761445998e-01 4.798571298973319799e-01 -3.463437126826469648e-01
5.671199609966548483e-01 3.958607484420866296e-01 -6.874790817798499543e-01 2.854843725681401878e-01 7.945134719637760856e-01 -3.878231596675107973e-02 -4.372028853181484376e-01 6.084856592970375733e-01
9.394584607727030079e-01 -7.373748028220226125e-01 -3.669875393714396861e-01 -2.365236638570353822e-01 -5.233361664377766953e-01 -2.431026579401263099e-01 3.917372842899706775e-01 -4.499628681125160679e-01
-6.278365762547770679e-01 6.181149577657860661e-01 5.295970042381448195e-02 -7.898545742761091670e-01 -8.433687718307032455e-01 -7.648459055578851196e-01 -7.393591887698534038e-01 -8.298121283123032210e-01
-4.023131581701997472e-01 -2.552318179522572450e-01 -2.196617144259860321e-01 -8.599596897332180134e-01 7.304601681735554131e-01 -3.432226714191544126e-01 -5.745803296859159914e-01 8.239311731759773050e-01
9.914311912860864773e-01 -9.119058418185810311e-02 2.716497270372897344e-01 -8.549373097738479643e-01 2.194600930390766536e-02 -7.575187220986872028e-01 -6.773257020209904056e-01 9.877427788683965648e-01
-7.558248398031659487e-01 -9.274678163551592913e-01 1.822787706614958925e-01 -1.585722041906194590e-01 -8.396357630346296119e-03 -1.653128109741175411e-01 -4.148501015901320255e-01 -2.850584311549961836e-01
-5.290766516934932717e-01 9.701955186979271950e-01 -8.511909580838035172e-01 -5.468678044441210861e-01 2.818091698589706429e-01 6.629658466347867485e-01 -9.891140822740309702e-01 -7.581881184355192538e-01
-1.265836351933491422e-02 9.070306574213486961e-01 -4.758337449687519705e-01 -1.025820591310580010e-01 7.139690324081457984e-01 -9.951937640569168408e-01 1.990524153149242359e-02 2.839795355117182840e-01
2.501137287716170832e-01 -1.797157779585982773e-01 -1.386765346346774397e-01 4.562244638646919537e-01 -7.037767543261821412e-01 -3.692982432408129512e-01 -2.311149540464869645e-01 -4.828767707236467643e-01
