8.783346386780510606e-01 7.830097297629095010e-01 7.353544778210123756e-01 4.196917004794387118e-01 -5.295141875961606459e-02 6.399148920277670793e-01 6.048621521920971578e-01 -3.380268644902797437e-01
3.956178974040036600e-01 -1.872312128180242397e-02 5.586875589173869727e-01 3.935987790301627154e-01 7.665336880956055143e-01 -3.772558917350430363e-01 2.205580611743733765e-01 -6.633837296992515231e-01
-9.550299314012624663e-01 1.043139172417970606e-01 -6.498517896508919645e-01 -8.124399020815422645e-01 7.155944592249914304e-01 7.433117523951504602e-02 -9.535817956106120707e-01 3.742963816040378866e-01
-7.270250618303730761e-02 8.819178640931677471e-01 -6.943903980549293031e-02 3.266772653846246044e-01 -5.876216189317500227e-01 3.018584257240164437e-01 -7.734102184167181981e-01 7.496642186795408058e-01
-7.894928437679662458e-01 -4.786090109731413467e-01 8.306443638035765353e-02 -1.262770729206621478e-01 -9.742797378739098679e-01 2.212014504952621863e-01 4.472091422045143538e-02 -1.907894174429247691e-02
6.275467841515733891e-01 -2.156978456535496580e-01 -2.650471851240994159e-01 -3.625750922604553672e-02 1.057507972149982489e-01 3.186290615568425633e-01 8.931647728390130769e-01 -1.611362564617060400e-01
-3.681051163207214039e-01 -9.994200086502025293e-01 -4.825689480594037573e-01 -4.776744759481093006e-01 -1.800856131056074450e-01 -6.521552642489436558e-01 -5.477735272703196934e-01 5.864188267329737414e-01
-8.525147935029704360e-01 7.299028827601106162e-01 -8.624926901976850413e-01 5.704245243080576788e-01 2.492361216246070654e-01 -5.319708289929214740e-01 2.337199686599478188e-01 4.503235450070937063e-01
7.557774528545144754e-01 -9.750732419620564695e-01 -4.429280678433125118e-01 -4.557455727802728340e-02 -5.045800138220675191e-01 4.044669398668152560e-01 -8.231432981686461758e-01 -3.552783472563527667e-01
3.624225998387864411e-01 7.926933913138192178e-01 -4.121160792880580459e-01 -3.319989641167506722e-01 8.764776263612537033e-01 3.913674466350465231e-01 -7.186101124268022833e-01 9.086857552165139573e-02
