-9.512556452186937683e-01 3.920421824824105173e-03 3.937024529619379543e-01 -6.816671452153890698e-01 -1.387433279557079846e-01 -6.629275436030124258e-01 -7.997542037491498501e-01 9.593994550413862399e-01
9.158287485676321893e-01 -9.983668273048023067e-01 -6.454248075712920585e-01 9.077638247362647128e-01 -7.632260265968293655e-01 9.751966181442228709e-01 -1.922816686508854733e-01 -8.356579974870914640e-01
4.576688111855609087e-02 -6.096311146030728434e-01 9.432891822803646242e-02 8.522822402002763198e-01 3.430325193442691489e-01 -6.811172420344977496e-01 -5.907936213133142545e-01 -7.207736034224938582e-01
-7.228969771623354745e-01 6.102776070211706205e-01 3.289823034609029584e-02 -3.209262852390455389e-01 -8.920749682139617054e-01 8.547453637640909374e-01 2.740780603967529760e-01 -1.613984263525474194e-01
2.622978566790266086e-01 -4.277027285434005233e-01 -2.326385838828350927e-01 -2.893371320306750150e-01 3.052149568553954584e-01 -9.761266076030341576e-01 9.042107797401495173e-01 -7.088435528896588345e-01
4.037005399281750062e-01 -3.480503829420835693e-01 5.606050342401696085e-01 7.675804285209733013e-01 6.170208570208952636e-01 2.215003262132222428e-01 3.148195857301232525e-01 5.468511851016824021e-01
-1.579487464276572162e-01 2.976113845481798137e-01 -5.543627781409063981e-01 9.455198826409327850e-02 1.363026343686239983e-01 -6.844193419978492621e-01 -3.791300075788537338e-01 -6.367250592571602752e-01
2.514707792593340319e-01 -8.584818249828947145e-01 5.893860146631284547e-01 -9.259634174160409348e-01 -1.349867480247255447e-01 -1.587845293998273455e-01 -7.701232123467873780e-01 9.237452212411183528e-01
3.897921780933415459e-01 9.644983011825358776e-01 2.164769568348741124e-01 -4.320392676344082528e-01 -6.810903706497402066e-01 -3.679441557633174043e-01 4.464418639936129640e-01 3.904216291150262030e-01
-3.163279933697078494e-01 4.471175093491981389e-01 2.555991767551608618e-01 1.787395282202457469e-01 -7.671175720060809944e-01 -4.946844996852106657e-01 -9.024510742164260080e-03 4.525031981180807072e-01
