-7.113482251074663143e-01 -5.321425695396666544e-01 3.011366937492312434e-01 5.592078399552047330e-02 -2.730315675697667643e-01 6.029455898780944345e-02 4.577463829494810010e-01 7.562001942455058856e-01
7.905840556274332798e-01 -6.208023717494670635e-01 9.828472125569542861e-01 5.748740961431164642e-01 -7.135962387366081572e-01 7.072674378312715504e-03 -5.698974550756468194e-01 4.186818761917121545e-01
7.596360668695072427e-01 -5.790731361065695193e-01 7.616135509352806032e-02 -6.052632721517281489e-02 4.770309679546638204e-01 7.704862336422229063e-01 -8.341302003048922664e-02 7.479806113401870071e-01
5.584133661228436463e-01 9.370810227046917351e-01 6.360240608467837564e-01 -1.736509062773341494e-01 -8.799295334367993604e-01 -3.604290323495249471e-01 6.881223167805272656e-01 -5.789029017523812382e-01
-2.152850270850572567e-01 4.130198593459639689e-01 8.278050737296285266e-01 1.197615765998718551e-01 -9.660061236555339548e-02 3.792297188327431456e-01 9.797028123401596567e-02 9.339877495736503832e-01
8.154927727721399400e-01 1.135525188748596204e-01 1.430619612783186057e-01 -3.301066777786099138e-01 -6.481646995100807107e-01 -1.500171169952650985e-01 5.788312824657815270e-02 -4.476946090344893214e-01
-1.179381379099981864e-01 -1.819023562460075905e-01 -8.238040797274335247e-01 -3.668737000890514022e-01 -4.773189344446644444e-01 8.757995324718972352e-01 -3.637603545771896929e-01 -2.422715631214673593e-01
-5.403555508677146957e-01 7.733279314837646634e-01 -3.855121372518484080e-01 -2.684262053676955695e-02 5.465925754785818658e-01 9.467065739480904352e-01 3.050744878768314461e-01 3.605573525072489627e-01
8.285578440336469619e-01 -1.437265342777753752e-01 -2.123329069090718058e-02 -4.724758705172946716e-01 9.265923727334948179e-01 3.117065831809524568e-01 -2.054126875126320861e-01 -6.910924531097417667e-01
9.138274569665516545e-01 -5.611343960129022701e-01 7.209826149359879199e-01 2.234495344811429085e-01 4.170087196463645451e-01 1.180233304762052793e-01 -9.011923289139305293e-01 9.887522981046070747e-02
