-3.971790020575522995e-01 6.453560000332234647e-01 3.094992189522673964e-01 4.194302753430929620e-01 -7.409814385436599427e-01 6.406094782484030858e-01 -9.890072343286591128e-01 5.473665783386389982e-01
-4.600880150998811757e-01 -7.967467695916869985e-01 -7.585480123754519965e-01 1.219667867930858129e-01 -7.363086284291482375e-01 -6.733728945377641661e-01 2.620510829767270788e-01 8.281830038246218439e-01
-4.834720929015843272e-01 -6.264198674886845009e-01 -5.437987294691586371e-01 4.519623829296910422e-01 -3.784000061878689536e-02 -3.904643227986492882e-01 6.888175968354159906e-01 -4.239960130883437817e-01
-1.636350317558095124e-01 -3.093634734140833231e-01 5.763895969084311677e-01 -4.933633722179788794e-01 -9.292410032309579293e-01 -9.231314696081134308e-01 -4.201322866395758027e-01 5.780017091473843571e-01
5.735172545609836803e-01 -7.238863194600764217e-04 5.176895373062257999e-01 -9.465453925632953958e-01 -4.375806907709001159e-02 -3.983973471873820671e-01 9.162598548514493402e-01 -8.416237850861878478e-01
5.707739345076501269e-01 5.838444026963993672e-01 -6.509869985980021312e-04 -7.135361718875665726e-01 -8.408480214443050382e-01 -7.349988829081366415e-01 -5.860947191483230068e-01 7.917235184079269850e-01
-3.287263171983676457e-01 8.986779317523247990e-01 6.246262555615531564e-01 2.502603719183298381e-01 5.890984356252741971e-01 -1.088867842962650823e-01 -9.875661438138603199e-01 -1.019142623998345876e-01
-1.154972669461100665e-01 1.410028692032809783e-01 -2.008337306960275015e-01 3.427621031315466471e-01 -6.645764246334939784e-02 -2.785230441899919640e-01 -2.113879925435260265e-01 -8.757029848275610373e-01
4.258227558875706809e-01 -4.929121349797411789e-01 7.775874538261873248e-01 4.150057924838379542e-02 1.913434381717493693e-01 5.759295770343795251e-01 9.013429854831098709e-01 -6.444153070491815960e-01
-2.045539931995998817e-01 -2.152855696162410126e-01 3.948970972724969997e-01 -1.684992300060315085e-01 4.588421307190031495e-01 5.947210356845480383e-01 -1.979798490663220445e-01 -3.893765851091179897e-02
