3.747894817649917165e-01 5.502228043740275965e-02 4.672527599620834859e-01 4.096982747056157059e-01 3.837313431784470374e-01 8.362600747771218312e-01 1.654621585480253732e-01 4.757090728230122245e-01
-6.355887861377942372e-01 -3.875225530212089708e-01 6.836486822901977067e-01 7.889284161208134361e-01 -7.851880428169972781e-01 4.730372356390044608e-01 -2.876070819466878259e-01 3.260157665802938531e-01
4.442987016676069878e-02 2.058503916286444912e-01 -5.803968717579519598e-01 -5.430995433300713771e-01 8.372364618510959033e-01 3.808847171927476349e-01 5.068155516220551604e-01 1.857811401346198821e-02
2.389689883441752372e-01 4.938800344217937344e-01 -3.134769293867931683e-01 -2.037225722196243094e-01 -1.136058428141706322e-01 -6.470221916735805490e-01 -4.374850953374909146e-01 -6.903872755261846184e-01
-1.561313234952204088e-01 -8.758355318423958202e-01 -2.345712006598588140e-01 1.195583882795585584e-01 -7.928149420945789227e-01 -3.293416614295474609e-01 6.897168086347305049e-01 -8.333438131804979943e-01
-2.450109712511112647e-01 -8.668951570055409839e-01 8.267820823383085216e-01 7.760581786193576637e-01 -7.562802825893526482e-01 9.705033115321668458e-01 -6.074169815306833531e-01 8.138572447037992763e-01
3.224795378577955951e-01 7.697765309267883271e-01 5.285661042281764033e-01 3.485666567262257765e-02 -8.625757390601729302e-01 9.554258617769209039e-01 -3.349756949012823171e-01 2.231419875636608818e-01
9.320297609532988137e-01 -5.560139548907763185e-01 -7.613700626035100338e-01 -1.811879594725644971e-01 -6.483081825451229019e-01 -2.580626072680769489e-02 -8.352977053876231572e-01 -3.929823645043772906e-02
-5.051824355062499716e-01 -5.934946301172330241e-01 5.883316914601288694e-01 -1.641066093981158325e-02 5.210139746023116913e-01 -1.686029786752856197e-01 6.317845891775026868e-01 -1.298395300806212127e-01
8.634066423662667411e-01 2.509373024789847140e-01 5.311687388228747420e-01 -8.585164786969690098e-01 -6.123819070870866188e-01 3.853002068416138126e-01 3.555357115446051708e-01 -7.463447102819953383e-01
