-9.210569403482105066e-02 3.694314790547514882e-02 2.943668830551826598e-01 -3.231011003283073002e-01 -4.165174741097881217e-01 1.724023174265074676e-01 8.674300750066972210e-01 -4.110934187486514624e-01
-6.651475528525103709e-01 5.814712095283081084e-02 6.985574832289005442e-01 -5.604728794442879192e-01 -8.021466051362455829e-01 6.440949171233130155e-01 7.080973261212224479e-01 4.287732230205876238e-01
-5.671192560394864302e-01 3.852081818318626727e-01 -7.274247145039958173e-01 -8.737477946174525556e-01 -8.852296445386320656e-01 8.310077837064642203e-01 6.241355340562584342e-01 -2.047293586069616200e-01
-3.425431949266299902e-02 -1.438429938950611664e-01 4.787662425988461479e-01 3.531861817934160985e-01 -6.299811923628135801e-01 1.226074622757113985e-01 1.575026262061038906e-01 -9.455764489576452547e-01
-4.435320905394961599e-01 -6.304325727731152629e-01 -3.944921375068783931e-01 8.631919575772803999e-01 -2.051842744596841239e-01 -7.116961585069432328e-01 -5.511133533381042948e-01 9.532530568900623447e-01
-7.981209570545362286e-01 -6.608681070691149184e-01 -4.000152704460084863e-01 1.244277095255872378e-01 -9.456387579463716442e-01 -7.650542434092737487e-01 8.964952627323685697e-02 -6.575645868521113879e-01
5.334205621543608444e-01 -5.123986808155787109e-01 -7.877450316461667157e-01 3.469575293060813692e-01 1.694116556771925186e-01 -2.001031081683861679e-01 -4.679080905877244234e-01 6.437324152435275337e-02
5.587687753107812849e-01 -7.530534765387668639e-01 9.895309986308162831e-01 -5.615374054385453562e-01 7.301497350849950330e-01 6.837482863594188665e-01 6.390356709592266427e-01 8.102481818258244761e-01
2.624594576451508843e-01 3.979403787804725035e-02 2.223950515176842391e-01 8.026467498771014952e-01 -5.478937375409431709e-01 5.808956329783381278e-01 -3.411247460260153908e-01 6.766688194873953233e-01
4.203894554237497250e-01 6.052874817481916914e-01 5.633104701402416037e-01 -4.609407698313268131e-01 -2.169808386166685032e-01 -6.825386432005127180e-01 -1.949615024829236543e-01 2.742819540826528790e-01
