-2.466999324395420246e-01 4.496350358003076142e-01 -8.475969229680884176e-01 1.849596406972857654e-01 1.654618248281825021e-01 -2.815304149353066165e-01 -7.350491628005817457e-01 -9.967467152214530834e-01
-5.493013819993592950e-01 1.693967034722663190e-01 9.585726705880250886e-01 8.387858518420496790e-01 8.710688003538600288e-01 6.414215448932836239e-01 4.213935819692182783e-02 -5.511985067227269663e-01
2.306566401898371144e-01 5.498857034453394910e-01 -2.785253643957048553e-01 -9.427885607632873199e-01 -2.568888086364129464e-02 6.412871310695504867e-01 3.881575941655406314e-01 1.919649347439413845e-01
-7.758926786579807278e-01 -5.657454762230114120e-01 -5.635519833555309166e-01 -9.342423748164196962e-01 -4.605965858407743418e-01 5.140630047936451952e-01 -4.874909339438642242e-01 -2.996580870326794876e-01
-5.034547971745733097e-01 4.140840240320138310e-01 -1.532387079451265066e-01 2.234157749621739075e-01 3.300251813779779830e-01 9.490835011924629860e-01 -5.292629136673219215e-01 -6.905397944532003507e-01
2.716924442540049611e-01 -9.201603017015398400e-01 8.770122200044074834e-01 5.646448399860313216e-01 7.960872003150620824e-01 2.384814309882867800e-01 2.959855229269241494e-01 -5.510553907764050852e-01
-9.229232650356584688e-01 2.457615536538988454e-01 6.521399591032095433e-01 6.903612683593363109e-02 -8.954718455661789811e-01 -8.141272735480398204e-02 3.904359686842231447e-01 3.523818040917268135e-01
-3.588136334689753237e-01 -6.766449541690602310e-01 2.350981729964616296e-01 3.994791119485903153e-01 4.685724705089684416e-01 2.667262903234866034e-01 4.483949233619626273e-01 -9.190036308250149055e-02
9.220924815067623737e-01 8.659887957607104170e-02 8.940861996893620933e-01 -5.831442310784138439e-01 8.442460938668834292e-01 -6.869394725237507604e-01 2.761510592894400595e-02 -3.103454210809442060e-01
5.871845194131197765e-02 9.928651494752067652e-01 -6.167849197484283064e-01 -5.683132336032192811e-02 -4.074080942416566931e-01 -1.299376555791189602e-01 8.626104017423033010e-01 -2.165192563075968302e-01
