-8.389778345836376161e-01 6.136050000265231841e-01 -2.974881803460780461e-01 -7.832359140660205554e-01 -3.314423987217791634e-01 5.028245693420940743e-01 -1.186351299300172357e-01 9.806452404080212570e-01
8.818431719759571852e-01 -8.260903116179416639e-01 -2.814401419440231145e-01 -3.293873737931773960e-02 8.934135037890951203e-01 -3.579745938092673274e-01 9.123695398657529765e-01 2.389399862154817367e-01
6.901109478296818533e-01 7.205749440130642114e-01 -9.779682578445982877e-01 5.117408053622956032e-01 -8.036183197564235048e-01 6.942355039178482734e-02 3.749314236181513493e-01 7.248919370360218384e-01
8.271424192561414035e-01 -7.281132032704948909e-01 -7.383699536409500386e-01 6.841928899514537754e-01 -3.751601473425145716e-01 1.285367868835600724e-01 4.088432612442542968e-01 -7.382477596770375960e-02
3.878694653815228932e-02 -6.050232529365668910e-01 -7.274996177803563224e-01 3.041890609908830534e-01 9.062763658540171630e-01 -9.319780211495429789e-01 -5.597026219741314534e-01 -7.744793985330920005e-01
-9.705649637201856361e-01 -5.139002235131990837e-01 9.142701796214349752e-01 -4.027958876662296461e-01 3.337966206480580400e-01 -4.498605850501111725e-01 -5.701675568981225961e-01 -1.552173989590881487e-01
8.589169415274591213e-01 -1.939549946206704512e-01 8.599935853918061479e-01 -2.658985364312156374e-01 -4.123617004542066145e-01 -9.401832569052006594e-01 5.273839231874914990e-01 4.660554519342776647e-01
-3.554552314405665658e-01 -3.968954990273991790e-01 1.156964300553438019e-01 6.760428052055129644e-01 4.073035453615745372e-01 5.977311194124790283e-02 -6.078835839510099426e-01 5.917812934959005844e-01
-2.752598836312936115e-01 -7.541625902875188636e-01 6.392941183668554572e-02 7.998978868253554531e-01 -8.687197430830164713e-01 7.803463360464024667e-01 6.246550096550760323e-01 2.266870916840879602e-02
-2.556461263228793079e-01 3.957791285089184985e-01 -9.295074527399440623e-01 8.677912557327021048e-01 -5.930521098235173039e-01 6.599445824987464349e-01 -3.736272965536631130e-01 -8.465246979320077969e-01
