-5.880678633322220517e-01 8.475053107912597916e-01 -2.636827910574768286e-01 -8.077651270137933270e-01 -5.867021311357776270e-01 -4.084681488921884096e-01 -5.438157510373926584e-01 9.832297951740280872e-01
3.809543382801869882e-01 5.371027185566998874e-01 -7.898911154033916304e-01 -8.099229787610524589e-01 -1.597825547854800909e-01 4.645046213743078134e-01 -2.193447502076106836e-01 -5.819894036496386924e-02
-3.496190061528723358e-01 3.949400533693261384e-01 -4.130590890597800602e-01 9.323200605092503146e-01 5.532801182625664005e-01 6.312693903535326889e-01 7.123832371031357802e-02 -5.926420554741702595e-01
9.409794910039541715e-01 7.791938592842042599e-01 -9.962303529336440366e-01 -9.885680543924599828e-01 4.560398069365823037e-01 -7.606178013620259470e-01 5.592330531619678080e-01 -6.813015035491518656e-01
8.537350823312916948e-01 -8.820155255347428280e-02 7.192947040974364548e-01 -7.358758865149186423e-01 4.174869976904549418e-01 5.275548485790886311e-01 7.384918875270443106e-01 -5.557475939874236825e-01
5.661975372738570211e-01 1.344036041126870362e-01 8.044423906233266752e-01 1.014717894658456743e-04 1.613382347734420019e-01 5.388116707710604025e-01 -4.192285246737390558e-01 2.275190948161038840e-01
7.659992150687764401e-01 -9.388368049995476916e-02 -5.435862666924791142e-01 -3.612025629672623861e-01 -1.213114807077848578e-01 5.640255898936352708e-03 4.901085674049199259e-01 3.324284207475689534e-01
-6.415528328457542617e-01 -6.065402873191547695e-01 7.043302779338533881e-01 -8.788977461235636390e-01 -4.290779558226531787e-01 -7.030334078893947236e-01 3.659525007041211087e-01 2.942305359734358472e-01
-5.127059935636049115e-01 -5.953550519183747891e-01 -6.866593286296684973e-02 6.034229737666141347e-02 7.588312890451096582e-01 -3.237335980421902626e-01 7.693596665956041747e-01 1.567582032921190915e-01
5.005066660040022875e-01 -4.354267596160574794e-01 -5.394324868875020051e-01 2.983171367372925431e-01 -6.188551850458863246e-01 -8.952311232417509146e-01 8.777614835279539118e-01 -6.433202329652143447e-01
