3.615738848829510577e-01 4.710216091808154815e-01 -5.419327273245031495e-01 4.699204634512239576e-01 2.531456040059987256e-01 5.097591467691715561e-01 6.605293923425978875e-01 -7.971091291148877378e-01
3.905621848066154200e-02 -6.350170199154159256e-02 -9.392044587950678647e-01 6.711264312044180613e-01 7.920953084642801123e-01 -5.702221655199031236e-01 3.237795590174872284e-01 -1.460174033081174105e-01
8.974395070985086154e-01 1.190499834216662833e-02 7.880077473174946778e-01 3.583719537142322498e-01 -1.544852576521484888e-01 -6.766880733982558738e-01 3.353356036794359341e-01 -6.751237731671972941e-01
-6.656719360815965825e-01 5.362928514246725342e-01 8.769170306504932011e-01 2.942036470339584042e-01 -6.398721422749438226e-01 -7.812301238515917401e-01 -2.083414533176930483e-02 2.467867667053720293e-01
-9.225254441466164135e-01 -9.998494696628599243e-01 -2.109573794841523853e-01 6.725460339074276206e-01 9.013598305734855654e-01 -3.311978788787928174e-01 8.923031070028277778e-01 6.302098090204795167e-01
-1.337697156638941731e-01 -1.191693199112426882e-01 -1.796127395611086808e-01 -2.364100800381085943e-01 3.158925813765147694e-01 3.559493328688307923e-01 -9.792783821912545150e-01 -1.991888039725915327e-01
-6.038952873142728883e-01 -5.019316857459532599e-01 -2.572056423676440939e-01 -8.504591655528603855e-01 -4.900320634159260891e-01 6.619861703045228918e-01 -9.915799876972359872e-01 9.626508801585769159e-01
-5.536043494905098505e-01 6.606937509556427557e-01 -9.263564597502638165e-02 3.151417278065380412e-01 -2.560580923489057525e-01 -2.328239232633479983e-01 8.861758944676374483e-01 8.543103915507666013e-01
-3.956281970946027293e-01 5.532132756706207299e-01 -4.477709864549728191e-01 3.470355696754634511e-01 4.616970461619023247e-01 7.317607364179001816e-01 -5.712285870405955368e-01 -7.297403395688895067e-02
5.776414330757200233e-01 8.118860402376968377e-01 8.857025846658876933e-01 9.651432995759097189e-01 4.343352748726760915e-01 -3.535695685082456130e-01 4.712928780589946687e-01 -2.779617855948854910e-01
