-6.518449718052199415e-01 -6.893756142319538149e-01 -5.126435605856638489e-02 -9.171270757894751657e-01 2.682483929610435247e-01 5.064560129117654519e-01 -1.128705529470166447e-01 -4.967235708904222946e-01
-4.157484652334362263e-01 -4.611862764990228847e-01 -3.054223032908105484e-01 -8.275667510074806721e-01 -9.407677211112972504e-01 -2.121287949479961910e-01 4.011085009502115550e-01 8.647297504501803012e-01
4.109480664305082964e-01 4.347575372142140626e-01 3.363401569579129724e-01 -7.547221958303773626e-01 6.172782141030097591e-02 2.625479354016388989e-01 -1.586062781587354031e-01 9.947543403784986360e-01
2.533620768974813586e-01 -8.851463900259408657e-01 5.350232041254208148e-01 -8.725559613222122479e-01 6.770930989047392323e-01 -1.690731087348937844e-01 6.610192148804121537e-01 9.565493114000616082e-01
9.095910822506778626e-01 1.230301840051970519e-01 -2.116539001906019291e-01 4.034840642896333485e-01 7.269917186148975308e-01 8.266632209579676260e-01 2.532635451183982145e-01 -3.702159622224852065e-01
3.852677623772240434e-01 -4.433251799038242513e-01 -6.966835301464460173e-01 7.636163841429983723e-01 6.919280190320340473e-01 -8.836643775707420101e-01 -9.502768672776205072e-01 6.873473080246026434e-01
2.144277858998975272e-01 -3.978547211267784434e-01 1.541620346339869219e-01 9.175449877758534711e-01 -5.492435009555118874e-01 2.071186631045809357e-01 4.077418039751097290e-01 2.111618920346174377e-01
-3.939559377276442564e-01 8.288329490136820965e-01 -7.816572438819024971e-01 -2.770711235579446097e-01 4.921073443092478517e-01 3.387920089427609582e-01 3.996963903439900712e-01 4.474837802098230455e-01
8.013263009788675895e-01 -4.757862942540700413e-01 4.497470457078163175e-01 -9.020086759848615632e-01 9.918382704195110033e-01 9.387690050312991197e-02 -7.981553852815777006e-01 4.714089690609784000e-01
1.245820924448209244e+00 7.713829431503074208e-01 1.423479134337160001e+00 8.737620930530843877e-01 1.207536455395843644e+00 5.346013804541680514e-01 1.079429063552454604e+00 9.791114873390477369e-01
