5.994606226300323026e-01 1.577291899293402633e-01 -4.260483937968895241e-01 7.943756304129090395e-02 -6.636884288722335601e-01 6.479486495738155938e-01 -1.022614047589949227e-01 2.227355167118247881e-01
6.618615819365689656e-01 7.530535289601307802e-01 -3.180496036276658778e-02 -7.417047684909816585e-01 9.211109063038975808e-01 8.782113778537268267e-01 -7.837653313477499495e-01 -7.349405462111249232e-01
-3.660697102791656832e-01 -2.167629106061985667e-02 -4.256498818519958149e-01 6.552601592080602444e-01 5.182137066378029733e-01 8.127524947202087180e-01 -6.812780524199819610e-01 3.672615782383956695e-01
3.455013330449938636e-01 -6.833958444261312160e-02 -2.069872896688291775e-01 9.105049731467027563e-01 -2.801825224117897584e-01 8.526250408953488513e-01 -3.527857366850444265e-01 -9.995654916184868455e-01
8.440245098857148687e-01 -7.235197063507372572e-01 7.725515604566424166e-01 8.920586844266711335e-01 1.093180302157317207e-01 -1.794323371040218440e-01 -5.379534439176834049e-01 -2.295113870143239421e-01
4.805547079689667100e-01 6.447941125634684134e-01 -9.102550409136389575e-01 -7.837065549096868811e-01 -8.591687403761767428e-01 -9.846746351124191499e-02 -5.911124275085608559e-01 -2.293532846299803918e-01
3.977388811307556171e-01 1.313676606404663438e-01 -2.416619490592231134e-01 4.167579125270748364e-01 -4.744477416052852448e-01 -9.769176482059820366e-01 -4.774486420999515257e-01 8.278100079994017424e-01
-1.333892354887427079e-01 -7.859458579719118543e-01 -5.446903785092889194e-01 -1.971135738063132248e-01 6.017458234699017972e-01 4.851631871265362772e-01 -8.776168465932767671e-01 4.668220451449243136e-01
2.565745045240550581e-01 2.915366076967074171e-02 -5.587230387381909580e-01 -9.154745661536645152e-01 6.388582249801988411e-03 8.947855303338636546e-01 -4.617701470810924302e-01 -9.689542739452225995e-01
9.851715852223570380e-01 7.292756053983784348e-01 1.123622327104901508e+00 7.444673468261769900e-01 1.316452236044401314e+00 8.328745191149458105e-01 1.270136403048099272e+00 8.625860916243340837e-01
