-8.604346882986724232e-01 8.926075157204182986e-02 -2.084548304660318596e-01 -8.834326579510907163e-01 -1.884129270455217053e-01 3.879717090666925383e-01 -6.044174107295849918e-01 -9.599286855949684671e-01
7.445699653665442952e-01 -7.425204188539147321e-01 8.262512121618079686e-01 -3.125703908976431578e-01 -1.815877836852659577e-01 6.145485304037048291e-01 -9.555114434072586871e-01 -6.784310778407711684e-01
6.015279453846880120e-01 -8.030429667189367127e-01 -1.102625757123136818e-01 -5.203746537272166961e-01 9.342470052328060159e-01 -2.769175522151043900e-01 6.183477662564262900e-02 2.328759898930004013e-01
-3.472082316807321156e-01 -3.258003959864586019e-01 6.546182374626954292e-01 6.579901453784806620e-01 -1.505164877576394833e-01 -5.334542321520798769e-01 2.941500791806896942e-01 -5.521331437010574827e-01
-9.069917543446237573e-02 4.822070604601962351e-01 9.282219909449866968e-01 -5.201019618070297224e-01 2.648721082134521954e-01 9.462548336784806224e-01 5.043379822336853113e-01 2.669650983603339967e-01
3.890782936282584092e-01 5.141538812583850149e-01 -8.898052882327134316e-01 7.226600645128700151e-02 4.762198258476659785e-01 -6.877446369668582804e-05 8.889549406144723331e-01 8.863981907905607027e-01
-2.695343523892779203e-03 8.070975927274905981e-01 -4.480275491549823297e-01 -4.239352943634464577e-01 -3.987885851972592377e-01 -3.690921354102560947e-01 6.811762373761394151e-01 9.786905227293867249e-01
-9.795821172913878883e-01 1.807211741558552021e-01 8.264964564090921950e-01 2.326184928621517489e-01 7.358968580458360442e-01 5.437698198714735476e-02 6.987253808177522618e-01 6.448882942303446608e-01
-9.964321897577093079e-01 7.652724014770309058e-01 -2.432799891760177857e-01 -4.418933947580447885e-01 8.132439920146383727e-02 6.198417250696381942e-01 -5.893560035767109184e-02 -6.273657013211730860e-01
1.004124348384358267e+00 1.488937298417082777e+00 8.851292601986419095e-01 1.034587437051393888e+00 5.716676479509222863e-01 8.884914092052986767e-01 1.246981806314283014e+00 1.091013122535324120e+00
