-7.774337905723727182e-01 4.234724152968698530e-01 7.624797118792037143e-01 4.571104958671452501e-01 -1.503013008232469971e-01 -3.250780973054097078e-01 -7.920318072448697677e-01 -9.345931813076413519e-03
-1.693903148547639681e-01 2.165117592569538729e-01 5.751780166204201183e-01 9.012243593068736125e-01 -5.311740978576433569e-01 3.620939338559210352e-01 2.510118721410847797e-01 1.919124103431062434e-01
1.647472803254992346e-01 4.890536327408605555e-01 8.361891158272187763e-01 -5.522468335469055134e-02 -6.974658321193263344e-01 -5.297361249871814781e-01 4.847299636587809601e-03 4.897727408256526971e-01
7.982720166348100665e-01 8.328672882603307404e-01 -1.094861635739152739e-01 5.964023633811061931e-01 -3.857836632741247218e-01 5.035615555713937042e-01 6.285379356122644534e-01 2.123059802084297232e-01
-8.653161252630363620e-01 3.627683865953585940e-01 6.695437173340816894e-01 6.709320107613845341e-01 9.224969238156077722e-01 7.520254286513907704e-01 -5.825703751690471943e-01 -3.169189416357454103e-01
4.838974015244890126e-01 1.618655585484103376e-01 -7.387159852541913541e-01 1.966035847275813264e-01 -3.917182265730942969e-01 -2.300911312108679940e-01 -8.360279497505063162e-02 4.390619652988489996e-01
-8.157344436566564827e-01 -9.295021530972025214e-01 9.469468346787068835e-01 2.314983910937931100e-01 6.364333011038829646e-01 4.192229457533507286e-01 -1.839138953146712829e-02 -5.874898816192608564e-01
6.850200792197671529e-01 -3.673754705128118303e-01 2.174017273994430788e-01 -1.898849035184777545e-01 4.788821871471560243e-01 8.861133970453258790e-01 -6.395316499879166727e-01 4.168858107211070863e-01
-1.220783855546878627e-01 3.086307739124565241e-01 8.628845105478011313e-01 9.040202040826283980e-01 -8.495471543833872374e-01 2.847371775397637972e-01 -8.504396859146690080e-01 7.033615049497243810e-02
1.122405787424891610e+00 6.422083049977077573e-01 1.156449728621312012e+00 6.651408895090646922e-01 7.528917293227453955e-01 6.341668715407923207e-01 1.366583596327653360e+00 1.335339617922299826e+00
