4.366354617604999433e-01 8.545949917902098125e-01 -9.544382890297316013e-01 -4.934430038505221994e-01 -4.639685795684898029e-01 1.214196243806719977e-01 -5.379957809428392856e-01 -1.175335263953836140e-01
-7.199774157055764956e-01 -4.346638433347831398e-01 1.579362104806070199e-01 -9.660983309989334966e-01 3.453454838704048679e-01 -8.481625434656545615e-01 9.297606088638139532e-01 -9.328276984314609610e-01
6.447659336611755165e-02 -4.602833129484482644e-01 -6.120356304279812587e-01 -5.592674242597517331e-01 -2.026573437701728597e-01 1.381011685966091473e-01 -7.634380093353483332e-01 -2.291033057871518785e-01
-4.716576163222157003e-01 8.214080072128935317e-01 5.095765662514584182e-01 -9.569577441718248867e-01 -7.105200695360458507e-01 -6.573672250532061057e-01 8.841738334915805186e-01 8.567507453442395615e-01
2.210859281320711744e-01 -3.739969769974920144e-01 -6.580901469165811868e-02 -1.564701477936871754e-01 6.164180910989112139e-01 -5.872335474071717076e-01 7.242297354681499488e-01 8.100933246885297923e-01
5.396847898998080595e-01 -7.784978724407185524e-01 -6.674907761699073738e-01 8.590671299874361733e-01 -7.301088581519978860e-01 -9.144272332106715417e-01 -6.091038295687818405e-01 -5.895626453670519407e-01
8.584219811082385299e-01 9.695894940397256079e-01 4.280492259114303533e-01 -4.509098572700667162e-01 3.518540551622428847e-01 -2.411663805361585755e-01 2.076445256498846703e-01 -9.217785558841296023e-02
-1.476450251005834158e-01 -1.219537861714863336e-01 5.483440873897944545e-01 5.029580504559327814e-02 -6.504827642246688857e-01 -5.722525970244112248e-01 4.765732073065980234e-01 5.619232421829627455e-01
8.773867809051647537e-01 -7.897856274254557718e-01 6.378690805653204343e-01 7.831552174730922466e-01 5.291434765562557097e-01 2.854002835259961124e-02 -5.257801949193505742e-01 6.499662281508387096e-01
8.580830748260659391e-01 1.078091119577092805e+00 5.526922410017166554e-01 8.523930029906214845e-01 1.094136527118501512e+00 1.188118616575410291e+00 1.427866097708269555e+00 1.132280708457874763e+00
