-8.653497729506185454e-01 -8.698043639342500910e-02 1.288487922633061444e-01 -2.516698036021693952e-01 -2.611052271871197039e-01 -4.496911194040225102e-01 5.638846314316818820e-01 -7.123324806183275459e-01
5.051860736103908067e-01 -1.191418412955680406e-01 -7.138023382378166914e-02 4.939056871511469105e-01 -2.745238127648521598e-01 -4.816164145033370314e-01 6.313195148486756558e-01 -5.795012738135907338e-01
5.688320386353904468e-01 4.467106865162957519e-01 6.367990560160854407e-01 4.450990132991083925e-01 -7.419059043328295466e-01 -2.569516229802779606e-01 -7.365802677191273240e-01 5.373207617961874849e-01
-3.688671318136975685e-01 -1.134157179144348326e-01 1.421876331549096761e-01 8.873500595549144165e-03 4.371782398623302868e-02 4.488248150673235237e-01 -6.581880162296167569e-01 3.382464808433338632e-01
5.465049535915080803e-01 7.756735584884861812e-01 9.140432388457631063e-02 5.825604995503248507e-01 6.541333142298031422e-01 3.934030081758517206e-01 -1.364548445219235795e-01 5.328427788155387645e-01
-5.028105520004735318e-01 -8.063263267863995942e-01 -7.870207751636579818e-01 8.565579430517999970e-01 8.969144445269563448e-01 -3.333918367396322413e-01 -8.156813311264938804e-01 7.993455306001173710e-02
-3.671318956830660341e-02 5.962599851149925634e-01 -7.392864621634134270e-01 5.826708881671713858e-01 -7.239835384833426257e-01 6.722767707101136025e-01 -8.421640847906888272e-01 -4.348176174127553750e-01
1.545119740486859961e-01 9.578666920871277135e-01 6.865857130492631910e-01 1.315562508130030395e-02 6.090609750369411213e-01 6.764200368014405829e-01 8.560658458169754237e-01 -4.706062078786179548e-01
-7.843909240105695346e-01 6.225617170622190777e-01 2.581632195203302782e-01 2.382418039647626884e-01 -6.528715380559568793e-01 -3.587660425035115175e-01 1.803735947431832631e-01 -3.921926453384383393e-02
7.010512680068400337e-01 1.489459083737839418e+00 1.423826988055226117e+00 5.132034895237764793e-01 6.944540935468279663e-01 9.478851831131648309e-01 9.865143186493170457e-01 1.016737086147708080e+00
