7.989088423952297457e-01 -8.253005396737216337e-01 -1.139194593267049971e-01 -3.900306295169921889e-01 3.030549277721026336e-01 4.626495510350157048e-01 5.910415232164167865e-01 -5.869806085835977960e-01
7.666483093588771780e-01 -4.909841608117107015e-01 -1.064668444988958740e-02 -5.785293006652818537e-01 6.087993372270172898e-04 5.951157228479111438e-01 7.928455769576610024e-01 -6.538067661811408637e-01
-7.538914887135612641e-01 2.813244422570095882e-01 7.205892705785621466e-02 8.924429405041582886e-01 -8.285819963763305651e-01 -9.251357231657753033e-02 -8.687241258086917384e-01 -1.327082844240521364e-01
8.568072735909599835e-01 3.742128684010506134e-01 -1.903709224032361647e-01 8.689729411424762517e-02 -2.815671931030814257e-01 5.976461404688926393e-02 -4.421120857906366552e-01 -5.097607507002717142e-01
-2.356752693442731861e-02 -4.521761525894607558e-01 -2.448888433190938851e-01 9.889553852986070481e-01 6.593897234671697305e-02 -3.152412800155874884e-01 2.684545545078049766e-01 5.876907910732325213e-01
-8.471842675836067649e-01 3.112353101625600083e-01 -4.431716004722736635e-01 2.313230588678540922e-01 -8.756380672430812417e-01 3.011883102302603810e-02 -5.324651478529163207e-01 -3.644423570552119962e-01
-2.842545538242950975e-01 2.690921530436278797e-01 3.461032850296654750e-01 -8.505080080879201532e-01 2.058432010051323147e-01 4.273503045634763353e-02 -1.432439062408821240e-01 -9.833943650238592404e-01
7.555438714732083394e-01 -1.249943292995108202e-01 8.862101099500399037e-01 5.363256909819476004e-01 4.519590928137811048e-01 -8.490106582541194769e-01 -8.707581327064795040e-01 -7.796400316339455738e-01
-2.269657706262566688e-01 -4.402989526035543388e-01 4.593681747427624806e-02 -8.231770619241227660e-01 -4.561125706429862703e-01 -2.947517389877463145e-02 -8.934204484596075524e-02 8.788139808881409998e-01
9.043547077344354923e-01 1.385943116340102144e+00 6.643835860387996561e-01 7.536439524865936601e-01 6.121615728728914130e-01 9.325826397929662948e-01 1.218917495788797156e+00 6.714943736136557151e-01
