8.189230310792923184e-01 9.779113677000892402e-01 6.087319201594207918e-01 -8.622725777460360508e-01 -5.371044272215685922e-02 6.112640512024849482e-01 5.340361356488831923e-02 -2.125840404214489610e-01
-4.803543318122587280e-01 6.675814235497801175e-01 -6.689836645888547206e-01 -4.901677158130717249e-01 -5.622643431627640798e-01 -9.384982410785298601e-01 8.535059958838675520e-01 9.350700847212878308e-01
-8.393453833533470743e-01 6.620328587426920208e-01 5.180262146537450985e-01 -5.861413092764482524e-01 3.673895675952465467e-02 -5.416199566600243820e-02 5.232148677439960593e-01 6.946243492328463276e-01
-1.195161750987112637e-01 4.988489245186973342e-01 4.380991863033398825e-01 -8.729306088965798072e-01 -2.102059136126386285e-01 -1.253357611316261444e-01 4.151663504593954279e-01 -9.953522539338666153e-01
9.065171522724757569e-01 -1.966592357058125629e-01 7.578217920897545312e-01 2.548756084882255468e-01 -8.328170872405580294e-01 -7.470075711048962397e-02 8.560462302095928067e-02 -8.169394285818802892e-01
5.616543498090234010e-01 5.094824143535863215e-01 -7.407410830022067572e-01 -7.933607123382657722e-01 -8.369281350073509707e-01 -5.161860646535867403e-01 6.705839436512683882e-02 -5.656649403500055850e-01
5.881002234512129334e-01 -1.832662272795881897e-01 -8.390799400161310651e-01 8.092263298691926288e-02 2.914887657077749328e-01 7.271959081536292224e-01 2.382427307157573004e-01 -6.285107102810698620e-01
-2.319667023721090349e-01 4.538699724021348914e-01 5.583330480460404477e-01 -6.365501177932675336e-01 -1.586671512018618113e-01 8.355126237383505572e-01 -3.678671434998874723e-01 -7.373475420203634556e-02
7.426701350894511222e-01 -3.955139647546754844e-01 -5.523623959665728833e-01 -8.232425991470786464e-01 -6.082167748476101643e-01 1.690447292442436300e-01 7.259892466910145004e-02 5.139854811191368889e-02
1.459038099110740561e+00 5.830368977825767240e-01 6.353445549524530112e-01 6.882138503756364267e-01 7.171364062247405080e-01 1.474767622403432510e+00 1.328780037958246396e+00 1.031825425771470073e+00
