-4.170513019914738884e-01 5.320644318201668277e-01 -9.581734426294776785e-01 8.906253269392654381e-01 4.478194659495007279e-01 5.067754117003679948e-01 -9.883061842100697714e-01 -8.333457382188593776e-01
-9.696540945598146610e-01 -8.870888983838085551e-01 2.141537582026269426e-01 7.647265120261454996e-01 2.117992644368218436e-01 6.721142258199610531e-01 -8.442072953502972599e-01 7.069508441057641424e-01
-9.706026301265131551e-01 -6.684674590873203037e-01 9.021210423750922747e-01 -4.165387179116128991e-01 -2.485389601494001344e-01 3.680959835257915369e-01 6.541105393075103969e-01 -4.725748094544290900e-01
-3.289165942714216140e-01 -3.656291188293445682e-01 -6.708742618971486049e-01 -4.059138913453232966e-01 8.398688611725901865e-01 -8.214530969851223663e-01 6.224683759956197715e-01 3.532589829683980831e-01
2.050956803535741724e-01 -6.334435419026118730e-01 1.988172381546124967e-01 7.396504199705804528e-01 -4.102327314814113723e-01 5.443226503699925001e-01 4.965503149641259384e-02 9.893302644826205139e-01
5.007199066291598832e-01 -8.492039680383589584e-02 -1.419881341103086392e-01 8.985626862765563327e-01 -3.042539917364952551e-01 -7.873619963576488079e-01 -1.336797065234389681e-01 9.399344641954683333e-01
7.612970981670665882e-01 1.413240878761672370e-01 -1.473065313293964174e-01 -8.967220870284671186e-01 8.697508697515989873e-01 -5.435784439928439404e-01 -3.738841883911447894e-01 1.171976402854510990e-01
6.779041029803904994e-01 -9.046182065638754821e-01 -5.895727104363528426e-01 -4.136853846948536084e-01 3.537640153294692169e-01 -1.909847531184949432e-03 -4.149055924199092082e-01 -8.166452015991541025e-01
4.914278438733636900e-01 1.146154009411533004e-01 -8.629149398010091954e-01 -5.025478262101206184e-01 -2.580220493543992077e-01 6.103446050726646366e-01 -2.163539814534143346e-02 6.026526052047174176e-01
1.040767641172118285e+00 5.512316079786004908e-01 1.300328490599659048e+00 1.187011997014548736e+00 1.187953481706124581e+00 5.626439681891636235e-01 9.581209230169456248e-01 7.415012910358450560e-01
