-9.845594322996962244e-01 2.698820376127648579e-01 -9.222731321645281088e-01 2.869828575814625804e-01 7.941512005344486536e-01 3.259665743213309153e-01 9.085096253924791476e-01 -5.059456338809291687e-01
1.730336400078462677e-01 -6.103978459622139141e-01 2.567804052363971135e-01 9.065312322358898278e-01 3.653665293038743656e-02 8.369078604527482312e-01 5.821849894659130165e-01 8.700131750663100405e-01
-5.213985826990212846e-01 -9.048099958655948516e-01 9.035603614850453713e-01 7.470349716610025226e-02 -7.043849526013841178e-01 -9.760823678680807802e-03 -7.080417819318118866e-01 -4.655027961486992716e-01
7.466749387830469153e-01 9.049524325803082192e-01 2.547327325394641573e-01 5.744961905179539752e-01 4.325842497711782642e-01 4.328508328454887533e-01 2.011363600901983073e-01 -7.707835594810770186e-01
9.216468837389539814e-01 1.808967948594943920e-01 2.830783943965717864e-01 6.598742929821155290e-01 9.082980011607919568e-01 7.129741421280679781e-01 -1.632985597646523512e-01 9.136539411652098153e-01
-9.505586309031250902e-01 -1.991790277654725827e-02 -3.601046184148815055e-01 7.375804246855821589e-01 -3.188641524344302258e-01 -5.840004179244679960e-01 -4.971304310790096714e-01 -1.402133348517020650e-01
-7.445529350484747511e-02 5.702916530291222141e-01 9.446433201709989458e-01 -7.411366529221179444e-01 9.567396972210473471e-01 1.636266151695267013e-01 -1.295047621756428846e-02 -4.118536240574717233e-01
-1.893441357981595630e-02 8.355335435497168728e-01 4.281777243781641484e-01 8.272569424743489996e-01 -1.614031877319634933e-01 -9.323301642013182011e-01 -3.621485167991878029e-01 4.335830533887805593e-01
-8.825588189664070882e-01 -7.695081928382574432e-02 -3.343082079779791105e-01 -5.385111409804010929e-01 7.921717237936576339e-01 4.412554647595992030e-01 -3.284032945097152822e-01 -8.898264255731944683e-01
1.308238766062125080e+00 5.100555829531151497e-01 1.282184832252211137e+00 5.462528743233536765e-01 1.335587468184143756e+00 5.471653771751359141e-01 1.107650393299895786e+00 1.286765525508339447e+00
