-4.101539675440477595e-01 2.360019369007588796e-01 -7.967198170006906111e-02 -4.550165870527662637e-01 8.354674992937667355e-01 6.003609551164321712e-01 -6.982467225383248710e-01 -3.120731121370312611e-01
-5.521681923969912198e-01 7.772325608712518097e-01 -6.740394846177908406e-01 1.925673133745009480e-02 5.888943533845398814e-01 1.373724816726322739e-01 -9.325124346033819567e-01 4.750053455314893203e-01
2.288035153711596159e-01 5.922659812652548705e-01 2.849516301321077805e-01 6.257680449149927160e-01 8.965866049334025867e-01 5.270529021978653805e-01 1.088477624849586434e-01 3.045729970072907911e-01
5.912533378584581278e-01 5.432096096200087487e-01 4.577802621027236007e-01 -9.900931249890516650e-01 9.052248804081259870e-01 7.260633556894773299e-01 3.656928212039984860e-01 2.519790713488556655e-02
3.851362583280140139e-01 4.033423868217951291e-01 -7.172712726306780251e-01 4.356060765215223896e-01 -4.856385345213920512e-01 -4.782621026534830122e-01 -9.354261430873787031e-01 -9.870271015270375425e-01
3.786442133611831462e-01 -8.164280634927356672e-03 -1.553345201008446974e-01 -6.998038900757042047e-01 9.778360260455090103e-01 -1.877144755682804700e-01 8.283058697439862339e-01 -2.760370551864301802e-01
-5.336276923176055398e-01 -2.008239876458350892e-01 4.842637759754579996e-01 -7.467139028122096178e-01 5.941050879518023908e-01 1.743500174607968134e-01 -4.051276950941369304e-01 8.174678815779599095e-01
5.265001084984224367e-01 -1.582529821819076421e-01 -3.915395212846006778e-02 -2.354277300168199361e-01 -9.373503991573426397e-01 1.688909273298286884e-01 -7.177717204845752708e-01 4.958125949736125193e-01
5.053436072197272644e-01 -8.705057443342680834e-01 -7.155439704627659658e-01 8.921242162966525058e-01 6.512480766675416977e-01 -1.814736577537094941e-01 6.690151252891467504e-01 4.504589593521997060e-01
1.024107620329996360e+00 7.176599944529298281e-01 9.538800112839713741e-01 5.516044031973564854e-01 1.018975034424320247e+00 1.459352198856300742e+00 8.857747511691619335e-01 1.315458339504593122e+00
