-3.725628989095013388e-01 -2.572329950135601173e-01 9.819531118050386365e-01 -3.386149870307089138e-01 3.895973112055850507e-02 -2.633988901927881709e-01 -9.666797939434006448e-01 5.752048293808929014e-01
-3.873039657138204195e-01 -1.040352899573071532e-02 -6.038422559499161402e-01 -4.418880453049145451e-01 -3.074729245253586818e-01 3.743744497054699583e-01 -1.523624715130440510e-01 2.447655513092708013e-01
-8.385823000596448473e-01 2.512175028725205372e-02 -4.324928379865873307e-01 2.269174471832682283e-01 -1.094996351562520509e-01 -4.926886303395658917e-01 8.988368921449718663e-01 9.285944599009001710e-01
-1.261386407403208842e-02 3.940147802799487398e-01 2.431480661905984775e-01 -4.099448683292437057e-01 -1.069345263999694762e-01 -8.583435877774694411e-01 -3.577394795662993676e-01 8.062877018382397232e-01
-1.586692489497134595e-01 -7.180406139365660412e-01 -9.995438634420523716e-01 -8.528870658428535645e-01 3.417217124044686916e-01 -2.501735849783837118e-01 6.639625062653178311e-01 3.207315096878948779e-02
2.701136102812915496e-01 -7.188179668795635635e-01 2.553424570220155232e-01 7.052012181044033934e-01 -6.521063061903553670e-01 -1.414936457252031765e-01 6.443508794263845818e-01 -4.934779122097958659e-01
7.295606641383713953e-01 7.555274363546791161e-01 -5.172068257149349257e-01 8.812880295483953574e-01 9.471119056878829490e-01 -8.416842650662068603e-01 -6.300934588835740424e-01 6.274622552790019014e-01
9.797256643473142290e-01 5.181111587797158080e-01 -8.174613581114329453e-01 4.463361207040930090e-01 5.735545022388643943e-02 4.237443155353683988e-01 3.425632767507094112e-01 -4.632432430203894391e-01
6.221185551533525704e-01 -6.969962257780668580e-01 6.399180922672575988e-01 -6.787653532531405798e-01 -4.848980789410741732e-01 3.059680325628542086e-01 -5.897195468447986588e-01 -5.710827503538054017e-01
8.408080774695274595e-01 1.114719430624152796e+00 1.074746013317060989e+00 1.220411578364501315e+00 1.494422982340942507e+00 9.721067126127461711e-01 9.534227793263343465e-01 1.218479115232787402e+00
