-7.258259469981889200e-01 -7.707385363110372811e-01 7.765368663073379807e-01 -9.049287919587383211e-01 -8.216681491081994082e-01 4.909973614232840955e-01 -8.431463997218950901e-01 -4.252335890934746399e-01
-1.953678903724411775e-01 6.543693815673055081e-01 -1.255737445888820414e-01 -3.515436576590857953e-02 8.219552312001698890e-01 -2.727523079171305653e-01 -2.988645179868869572e-01 9.595226448225868676e-01
-7.376036196991717642e-01 8.513232479954215837e-01 -6.960913321773616325e-01 -8.439715366526836515e-01 -3.397251603161834943e-01 -1.101695500134001193e-01 6.486195091786473022e-01 7.473658957748425813e-01
-8.566136060891049731e-02 1.846785048665688933e-02 6.371701879195086349e-01 8.282623375348414640e-01 5.223324969682621166e-01 -8.460695954246697514e-01 9.802375643327481125e-01 -4.586698690336010742e-03
-4.589742053814280798e-01 -1.331970164222224806e-01 2.118893732903903704e-02 9.007498990315097043e-01 -8.556514669379033933e-02 6.834609077635929175e-01 2.962646793279670732e-01 4.420085658946015794e-01
6.737703360780744610e-02 -5.787176536300726593e-01 -7.205345089253358815e-01 2.807293487160535950e-01 -7.971420338595807120e-01 8.823762467626217187e-01 -8.563680333084264795e-01 -9.664617061217428695e-01
6.201780805612746583e-01 8.209345431809131899e-01 -9.911954070175146292e-01 -6.519613962550487862e-01 -3.280435908188996663e-01 -3.807065219931191624e-01 -5.020175373539224051e-01 7.174228879503286027e-01
-9.251088899780504082e-01 2.966833453360879780e-01 -7.063024627423668544e-01 -7.730666193100885764e-01 9.803037054560932440e-01 6.915243988848973622e-02 -7.270044228154532995e-01 -6.023577871360139557e-01
2.296347395519233725e-01 -5.305927068599434193e-01 -8.801212407533069992e-01 -1.842353335386972546e-01 4.514330628944329682e-02 3.419078173410883270e-01 -2.819482164367532739e-01 9.813176124361395747e-01
1.335731685030757898e+00 8.167627375214006058e-01 7.101612458110937443e-01 1.464761834697448695e+00 1.183782299159075624e+00 6.895813222563377254e-01 8.363478272693584126e-01 9.102789849894935559e-01
