4.185251306451016617e-01 3.156573874827686144e-01 1.509910756112504693e-01 8.473038683583451469e-01 7.014358418064754463e-01 4.507215823509236330e-01 -8.360669898097548014e-01 1.963264679339891128e-01
9.471054094761772735e-01 -3.492681857306618731e-01 1.150422592678017608e-01 -6.771449891210996608e-01 -4.928086240321210010e-01 2.040909454121631050e-01 4.759143445894629121e-01 4.789785705661586679e-01
9.189072596075282817e-01 -3.089334906023852856e-01 -8.241876007412152205e-01 -3.048502629722624757e-01 -2.853695547363050977e-01 9.022897262513200900e-01 3.170658062099596108e-03 5.231954697452609881e-01
9.045778951740208740e-01 -6.353242707154147517e-01 8.525155091830305398e-01 -2.507418933850735776e-02 4.653236404028346929e-01 2.437162065703353253e-01 4.202430179404779143e-01 2.615799608035933588e-01
-7.693785007833870981e-01 1.131413528283053971e-02 5.996414099565985367e-01 9.073338416376555138e-01 9.843471941204759990e-01 5.528371174850137404e-01 -8.438523461074631804e-02 -2.335803524144755006e-01
-1.186167941883686794e-01 8.723826790455335711e-01 7.641105027916419434e-01 -8.799128555609572189e-01 4.663652620814258132e-01 -3.122712151316653362e-02 8.993290846272816719e-01 3.235676343510451858e-01
9.776854884620351793e-01 -2.069092558250253955e-01 -9.708726754901775280e-01 1.187290637380991054e-01 5.312706089183312219e-01 9.203298185834041245e-01 -2.627077577976855149e-01 -3.558475778299503567e-01
-5.836404281141467365e-01 -7.813260873968153053e-01 -2.324435196813325888e-01 5.644764756592310917e-01 -5.159689513820397977e-03 -3.067744891249084560e-01 -7.727164369057313298e-01 -3.764248497013220618e-01
1.108511566834349260e-01 -2.200341172844142434e-01 -6.758976957773676908e-02 -3.389892268533651887e-01 -7.879833978407246864e-01 9.327051333572291547e-01 3.240924438844166033e-01 -2.270202523707629538e-01
1.007980717465007947e+00 1.020954325371432603e+00 5.263308009526969089e-01 1.223070197311941998e+00 6.834995184162234727e-01 1.113532963664858322e+00 1.145211548904267129e+00 6.246229117702609690e-01
