8.982889480509954616e-01 -6.257697684140031136e-01 -6.739520744677713893e-01 3.161449523717627663e-01 -8.005629048934166381e-01 -9.147129833644689345e-01 -7.584675396642452938e-01 5.312461005789368418e-01
7.670884826392532219e-02 -5.753272834589111540e-01 -8.384614115116417743e-01 9.587116473576196007e-01 -9.907327102394678509e-01 -8.527742495703922732e-01 5.260235557441985677e-01 -4.079733706048180863e-01
2.402262109198161077e-01 -1.111279454067610750e-01 6.703784262257432847e-01 6.552924657182068735e-01 -4.945548108031228018e-01 -4.731114646761882536e-01 -1.648084479043365747e-01 -7.514349861326654612e-01
5.503289914488209700e-01 5.486007482686439118e-02 -2.572330059021394888e-01 -2.330025038752097100e-01 -5.904277749418815890e-01 -1.770097893826239055e-01 8.448258692854486718e-01 6.463234672643662915e-01
-9.916044767133673776e-01 3.537503985223575675e-01 -6.370288745894359117e-02 -9.531789910356027740e-01 4.417472727097404572e-02 -3.532616932151770861e-01 8.864256785599593513e-01 -7.749993007017876856e-01
-1.369883217760410332e-01 5.479155524764063312e-01 -5.128741986437506117e-01 9.953263767542017693e-01 2.393970540872230046e-01 -4.710965538678557607e-02 -9.540248372159438883e-01 -1.740832147744701963e-01
-8.729643480895354912e-01 -7.804346585706856132e-02 -3.985155090923651056e-01 7.582584055484291596e-01 7.813652750422768190e-01 -2.106790154040976137e-01 8.483828310821013297e-01 -6.739078264643261207e-03
1.306238493152189761e-02 -3.004872568453009762e-02 7.671429825411801851e-02 4.817478834602155757e-01 -4.049328412076214079e-02 -7.877579311299029996e-01 7.035372341277934538e-02 3.437672697642988329e-01
-1.654762721503777456e-01 -3.307738106436117764e-01 8.896622418252573272e-01 -5.798246528335544436e-01 -7.188462036643283870e-01 7.769367794808967886e-03 2.991037098202062872e-01 2.033528415508403242e-01
9.635760461379282438e-01 1.037991092607025045e+00 6.933440457834928461e-01 1.414478626523067106e+00 1.249886975528536670e+00 8.567488868434017801e-01 5.712916361054143355e-01 1.226158254956848381e+00
