4.946460398030319006e-01 -6.153298126272295221e-01 -9.903565767025022115e-01 -8.956241708302121740e-01 -4.200091428928605097e-01 6.337157885166964100e-01 6.869438671823964171e-01 -5.265897377411952185e-01
-1.381555727565655367e-01 -5.465304748361354825e-02 6.169479241944908487e-01 8.771377484193809693e-02 4.980153675264797908e-01 -3.046718986816157049e-01 9.301886500566092231e-01 3.036890116871737710e-02
8.177730373952221132e-01 7.482674197308105679e-01 -2.529087028701066941e-01 3.330499319484447884e-01 7.372589314549820028e-01 -3.769828177819640747e-01 2.028102398423250463e-01 8.398604844438763983e-01
6.070733035277666723e-01 -9.047995998469018364e-01 -4.276528812898567899e-01 1.787677567916912125e-02 9.806239078680010213e-01 -3.743952992096055699e-01 -9.970676858994771408e-01 -2.422756184519925249e-01
-6.404259261458586927e-01 5.698980724465125824e-01 1.366634031432532037e-01 9.959956462304659919e-01 3.514539576572481838e-01 7.539402633642893203e-01 5.263498152277112929e-01 -6.111880382680774382e-01
-8.186678062074612683e-01 9.359538884388010072e-01 -3.307877695973422405e-01 4.221180089281872938e-01 9.860766077269227381e-01 8.912748931652212381e-01 -6.260430226901700923e-01 8.867656295261756583e-01
-6.518573266184410908e-01 -5.727912610511909364e-02 5.417265451002335475e-01 -7.721765028267073561e-01 7.016421992030974497e-01 -1.713309065030756972e-01 5.707319890873059354e-01 -7.493211789510934029e-01
7.745206409967086980e-01 -5.716873163717639539e-01 -8.466991003403918636e-01 -5.446064974578890272e-02 -3.205120282886584349e-01 2.781657977754508071e-01 -9.278441956787664147e-02 1.850170724845212611e-01
4.015593479642509678e-02 1.458630854770848195e-01 -4.074094483607952899e-01 -8.185142045468776217e-01 -3.375190100056491005e-01 9.444640468218992169e-01 5.125092881343096263e-01 -8.375591078768076514e-01
1.374717910611417793e+00 7.318155747468121364e-01 1.481804611643345648e+00 1.334707891963588633e+00 9.664706030942752379e-01 1.168900178408381452e+00 1.005944335556429481e+00 1.114370137531465188e+00
