1.714741629359533004e-01 -1.209429701654514133e-01 -9.197914528297879144e-02 -6.253028495160009026e-01 1.237080532120291565e-01 7.692444253284362876e-01 2.000711266866090909e-01 4.894107665152203079e-01
-8.992948224022632164e-01 -1.782166795867470288e-01 -1.094198430618620321e-02 2.530197427573879221e-01 -1.208392864831413505e-01 -6.004065414479706764e-01 -4.928158077425266459e-01 9.269845822718423278e-01
-8.093307332129191511e-01 -4.439310827179558938e-01 5.458821965512012930e-01 -9.689543754309246637e-01 6.904628417266729379e-01 1.276658889289166154e-01 -6.893565590815986521e-01 -1.516809312389033604e-01
5.406715347188484344e-01 9.608747713243808164e-01 -4.483546721107238842e-01 -4.253523782561019484e-01 4.795673563198723510e-01 -8.674338327321728936e-01 -6.396918896148933165e-01 -2.458167873658829716e-01
-2.148960914766624430e-01 6.496870231919715799e-01 -8.929195402483716126e-01 -5.187580650521592673e-01 8.684624129878200094e-01 -6.205877856724368868e-01 -3.256047029533084558e-01 5.666168060644301008e-01
9.257620457783870549e-01 -9.551495159878788943e-01 6.749184169532518318e-01 -7.166306739186307784e-01 -5.879323124163307046e-01 -8.696598046615144906e-01 -6.481864579481635413e-01 -3.047403119263281113e-02
-9.450075406127333988e-01 6.984443616766977669e-03 6.272593853871024638e-01 -1.772717157337520000e-01 -7.283392426890600291e-01 3.262643219632115343e-01 7.748651116999960564e-01 -1.063542853453645076e-01
-7.634125993328886306e-01 3.393510828209489461e-02 2.864099594402724769e-02 3.158475930989759206e-01 5.570614907746138655e-01 5.589379966193217530e-01 8.426641869050188749e-01 -5.967030858260897741e-01
-5.954387669680971662e-02 -2.632886181913063339e-02 4.241679594257374841e-01 1.015582334632583184e-01 6.629632972633476840e-01 9.231009330248751699e-01 2.144369221285260529e-01 -8.323135399975796211e-01
6.198528078963774224e-01 1.038475158341704452e+00 1.497616293311729407e+00 1.011728240784266042e+00 1.137337255689283788e+00 1.317985641797185581e+00 6.458624976003782825e-01 1.304754331183429983e+00
