-8.367088658727843686e-01 -7.591581763889547751e-01 -7.569003795206583618e-01 -8.494787740742524296e-01 8.133854834728497796e-01 7.922959059600853671e-01 8.142847930207051110e-01 2.234758112780630412e-01
8.995232213595318882e-01 -6.416607487104670771e-01 -4.104159807220226774e-01 -5.187301514845736872e-01 -2.711485845313916787e-01 8.137735294021286592e-03 7.262832049851268845e-01 -7.400701973696779401e-01
-5.173983881142987240e-01 3.749372116851810155e-01 4.806201286366318381e-01 -2.389855390849471295e-01 5.356760123918857808e-02 -5.203785267580141038e-03 2.405844466640916224e-01 -4.411587176120186360e-01
5.792361812475623761e-01 -9.553764386524206120e-01 3.987786349321531532e-01 -3.389817716135501424e-01 6.233932443875433993e-01 7.841550736596392124e-01 -8.258958557981850301e-01 -4.669017177684178233e-01
-4.892380310490944684e-01 8.441382211597772134e-01 6.482749122713169498e-01 4.136413748140335134e-01 -4.667476812005886266e-01 -7.904613342953910049e-01 -6.547405783159243597e-02 1.367699744909123272e-01
7.246562238479512530e-01 -2.448709257486405555e-01 -2.559891020399969186e-01 6.979128278544182162e-01 1.077532616133416443e-01 -8.789006620880688292e-01 3.911420022274492148e-02 -7.222261596221746238e-01
6.805977755262413442e-01 -3.762948903139107237e-02 -6.130315516659388120e-01 7.193512665990118293e-01 9.630573530229147305e-01 -2.743518703538654346e-01 9.517480128861548483e-01 8.531393983656860858e-01
-6.845174013366976951e-01 1.600678399615005354e-01 -7.603721636978457710e-01 -1.033863964717527395e-01 -6.552166230463731811e-01 2.394892426233048432e-01 3.785531799833652400e-01 -7.077938001905226262e-01
-9.801426775322190643e-01 9.839787387328304824e-01 2.249174434737559736e-01 1.242882945333481093e-01 -6.980143944435004411e-01 4.035226250915249224e-01 2.251749237273970028e-01 -8.825325153972261027e-01
5.045765559666791633e-01 6.772557886705965480e-01 7.137054479139450791e-01 1.048312506837903335e+00 1.006437770152628364e+00 6.398326393538660284e-01 1.436668353024540545e+00 8.886971835811406928e-01
