9.966695570764498857e-01 -5.094901094519685980e-01 3.905698352262843009e-01 -5.972356304091348544e-01 3.179972483628268343e-02 -7.047066814544640234e-01 -2.029081273213146908e-01 9.656551704261779889e-01
2.961191711560122730e-01 8.809387261179280060e-01 -2.897913387091506365e-01 -2.125846174712764380e-02 3.974205815775011530e-03 -2.034204181321095373e-01 -1.484013665017251959e-01 -7.495817432591425078e-01
8.779926756398703791e-01 -6.885954781274921110e-01 -7.640259527604802425e-01 1.458197177896614072e-01 8.934440357370625474e-01 1.845359874955687651e-01 3.698189498814541398e-01 -1.566228461624770141e-01
4.465170139115710590e-01 4.358911796485049894e-01 -8.312449314614474005e-01 8.201264815216280368e-02 4.308747987646188715e-01 -3.264002531147007780e-01 -6.597535587242311372e-01 -8.506605848425050631e-01
6.400799050126004808e-02 3.943573781703151315e-01 9.100534375560187517e-01 -4.544263086887370129e-01 -8.069888552669295390e-01 -2.458752308073919313e-01 -4.750937440399083389e-01 -6.294009852170350250e-01
-5.473068197116457423e-01 3.541244236759879538e-01 7.329690795919994173e-01 -5.750406523382005641e-01 -6.684763035716294599e-01 6.733973803254607038e-01 -3.409893802165542276e-02 5.320401535664109893e-02
3.362601962184152971e-01 -5.230763466047516630e-01 -1.983588662140163272e-01 -8.392122964359429726e-01 5.631848558932459614e-01 -8.321053595596121788e-01 5.117773045133888754e-01 -4.423935881004248394e-01
-8.715445451195158455e-01 -8.182596303102740443e-02 -7.520524340284915343e-01 -2.090234980066145720e-01 -1.195431293803630446e-01 1.473596242162220626e-01 -3.867520650367040069e-02 -1.175462625942946815e-01
-1.529073374508471694e-02 3.101616402747586765e-01 1.463686136634434476e-01 -9.477332149697570429e-02 8.915548341737111748e-02 8.962781702127098349e-02 -9.613005447855191843e-01 -3.896256621469982306e-01
1.446762620816165912e+00 5.323745907860304438e-01 1.166793906401657255e+00 7.658192118926824277e-01 9.685716712030278952e-01 8.528206726191304154e-01 9.282757977957001305e-01 5.617505032659628750e-01
