8.302177403480635043e-01 -2.383328344886372907e-01 -7.983872723739819932e-01 9.871842322094028788e-01 1.914871481294366795e-02 6.708094434066822487e-01 -1.571232726830897874e-01 3.000222477376681685e-01
5.560947801333391283e-01 5.582557331007298451e-01 -4.074121900808911345e-01 4.193526429302107950e-01 7.486295535786147148e-01 2.098712425653357361e-01 3.384832379356819132e-01 -2.990719392602780857e-01
-2.119207633673683144e-01 8.855441475556098396e-01 7.227536211709617575e-01 -5.925493198955125163e-01 3.692489300299073296e-01 2.704077360704670863e-01 -3.117455253759944256e-01 -9.380751264368698550e-01
-8.569678891296816925e-01 -5.915817868893875620e-01 7.699579637909639285e-01 8.320884959247814017e-01 3.617172615626547127e-01 -2.825133268825228416e-01 9.039639919038362503e-01 -7.282839745338514081e-01
-4.263389501293790573e-02 5.239326371616201961e-01 -9.196204545721740065e-01 -3.732334170598174961e-01 -7.186273512891014903e-01 -7.509175928067275407e-01 8.310911530174420747e-01 -1.593226878833868820e-01
9.082271905051617633e-01 -3.600667175062730596e-01 -4.224045694015365893e-01 6.213543623703523533e-01 9.646586156103451604e-01 4.188120598374860393e-01 -4.572225504142950481e-01 -1.132257518401131868e-01
8.262319021663706575e-01 -1.037648295578568192e-01 -6.147128404766457610e-01 -7.262382640854807558e-01 6.316139316186575314e-03 -9.361202406702329171e-01 6.293846176747317500e-01 -2.266203402011537360e-01
4.203340138395199599e-01 3.790295275749699933e-01 2.152982186589149638e-01 8.164529913578495446e-01 -6.641467264368894341e-02 4.450923241723967472e-01 -4.888287465967826595e-01 1.562760225536974357e-01
4.182150776231741141e-01 5.219633904632239307e-01 3.322740393972087869e-01 -4.799862904558709342e-01 6.821617098784793498e-02 -1.883537909688532963e-01 -7.388930901921246797e-01 6.636345948095301317e-02
1.399072965254515744e+00 6.562997622031110367e-01 1.381498216491480413e+00 5.103478931864341428e-01 8.129257568468482020e-01 7.763789858348603135e-01 1.487384758292877418e+00 1.075029602561173636e+00
