3.570017212106124660e-01 5.232047251135516497e-01 7.120299670895815503e-01 5.351472251322233475e-01 3.320596660044596860e-01 6.310440957514207305e-02 -3.305118437772434081e-01 -2.390675337156140667e-01
8.913852029294373480e-01 -4.903259232461383288e-01 2.389342022232452400e-01 3.468673068524927849e-01 -5.539567827865730099e-01 5.159284553876768431e-01 -5.601747655235229661e-01 -4.341424072300554826e-01
9.329975713085847389e-02 3.301881128792989450e-01 -3.616961208408568940e-01 -8.414146023762161253e-01 2.511956507790602533e-01 7.347841954703786538e-01 -5.553485660038157690e-01 7.585148919355881869e-01
-6.494729694285050758e-01 -9.755440157685557612e-01 -2.057322868740336652e-01 1.249241469606994226e-01 9.021256545507443381e-01 8.556389548528242628e-02 -6.638608903107672266e-01 -5.159907243357348960e-01
9.070295499791991567e-01 9.007292113831000258e-01 7.774724712459331055e-01 7.573023780713561415e-02 -8.580405376911206528e-01 6.526177681392866248e-01 5.031523531091308676e-01 -4.500836430438852620e-01
5.268037376499050684e-01 8.206617704423095905e-01 -9.778710526111078494e-01 -8.344645079041483893e-01 8.430071623298478478e-01 -7.764056359761559722e-01 5.209605663981380363e-01 -9.628940521018081178e-02
-8.638442061002815642e-01 3.756460916681825246e-02 -3.712780463699649758e-02 -3.441214395158149753e-01 4.549814000532357294e-01 2.033066909015077695e-01 4.537764399061423592e-01 6.490305276685215397e-02
8.948984780657291971e-01 4.625763452963131961e-01 -7.224643818555043229e-01 4.963545224111636234e-01 -8.019149988409244312e-01 8.954541239638935668e-01 -7.791761596232040787e-01 -9.408839998768301349e-01
7.293005788789799215e-01 -8.777036884853022247e-01 -4.262774943681924000e-02 3.719464653293713674e-02 4.252722113172193730e-01 8.472580124252790945e-01 -1.079513036168817663e-01 9.817596942976651864e-01
6.537392181458361318e-01 9.758355044797906164e-01 6.111216783063327940e-01 9.677133585971385843e-01 1.019447879003416269e+00 1.121371492081319587e+00 9.344257809059042241e-01 1.017308918579132637e+00
