-7.599554040504912233e-01 -4.207790106183721957e-01 3.318170100511630416e-01 9.244405353311393458e-01 8.784671825544518864e-01 -2.971705205477070955e-02 6.644837386752140418e-01 -4.829785394208427896e-01
1.726917754014700712e-02 9.048673898413117644e-01 4.944162007864181252e-01 8.317871667150733561e-01 7.597633219301813678e-01 8.226713824046516521e-02 -9.987999826883640075e-01 -3.602945840327886895e-01
-3.369034053964952147e-01 -5.101991297664909553e-02 -3.450080301121845050e-01 -9.114223650041695102e-01 -4.175891712608907902e-01 9.056837929987229252e-01 -2.633217647741070699e-01 -4.561174089852022551e-01
-5.751401289182511700e-01 -4.833838882363656886e-01 -1.734255808593905268e-01 -5.071503492729256823e-01 3.126130780860758573e-01 -8.789654953734837850e-01 -2.306281674059913467e-01 3.110701962241950724e-01
4.912417044421402146e-02 -6.991702450359131849e-01 9.128928459988667754e-01 -7.980704816246535493e-01 4.752065849686590848e-01 -1.157940253994043101e-01 -6.444067574806511267e-02 -5.468467778109022959e-01
5.147651266343082899e-01 2.369194945494208504e-01 -6.390931433613167290e-01 -1.307070989823033713e-02 7.981831293868766330e-01 -8.362774741742806661e-01 -1.824923160411786593e-01 -3.450264252166028722e-01
-7.481766639613123271e-01 4.752922529441954147e-01 -2.301357709742091195e-01 -8.791976160643926175e-01 9.212715277607830267e-02 2.252055598019011562e-01 8.012041420179127904e-01 -4.328136802214939127e-01
-4.071553003731316345e-01 9.896900414555782621e-01 -3.115277215049645498e-01 -3.247997032104823489e-01 7.884424910719283197e-01 -9.009093242613879227e-01 -2.571247717132405519e-01 -6.828856362383495249e-01
8.445295166683277621e-01 -1.293774333884845085e-01 5.341146454636716001e-01 5.961107857501073415e-01 1.457554033322803200e-01 -1.560726358355348786e-01 -3.244369354559599739e-01 1.693374219123786606e-01
1.352835150280016885e+00 6.170714016353957554e-01 1.154639370338338633e+00 6.962469916121658553e-01 1.070734915763388528e+00 1.388269813464641400e+00 1.292225543543192412e+00 1.260288641531141174e+00
