-8.149645746962397297e-02 -3.452272077498004244e-01 -5.112660032935540944e-01 8.237217120089690425e-02 7.449171787478146012e-01 3.265033721363359565e-01 -3.687108264913123712e-01 3.142290253183415150e-01
-8.473420190359510773e-01 -4.901697947025718261e-01 -7.165193313665636499e-01 -7.875085993741126611e-01 3.954843138606047859e-01 -1.170138972769507735e-01 -7.910646903733866697e-01 6.009992780751107766e-01
5.428487156700700922e-02 -1.171573942585286687e-01 4.835916693458093274e-01 -5.934734503174743381e-01 -7.502450115611218884e-01 -2.948673190665649368e-01 6.577181819141333374e-01 1.721876893841622902e-01
5.082648200897550428e-01 -8.880328529574452734e-01 7.429426374042467085e-01 8.132271278756404431e-01 5.959652660785781375e-01 -8.552559103779666660e-01 6.214065790321099403e-01 -8.566517633334589377e-01
-4.445522769859855394e-01 6.390972809804571497e-01 7.397816721002254958e-01 -2.351410934034174893e-01 -3.835956844839438773e-02 -5.191068535541107920e-01 -5.522599061026085554e-01 2.582995105333349972e-01
-2.992321682851519782e-01 6.046931605515430963e-01 -7.550330338818000975e-01 -3.390806454217973887e-01 6.140541182136614040e-01 -3.416500398358390811e-03 -7.537837717544482175e-02 8.289584156229317102e-01
-5.371827805136986100e-02 1.074905306541769079e-01 -4.350462785950206523e-01 3.155622505376418641e-01 5.467536628256772779e-01 5.464660519737076783e-01 -7.076126110390801305e-01 6.673381834826932479e-01
-3.975859762316424906e-01 -2.785340893188548161e-01 9.962630463650337109e-01 -7.728992279321060810e-01 -5.113404224929487540e-01 6.522331330475605871e-01 -9.043332869684417297e-02 -3.608580656525584018e-01
6.238070465027711897e-02 -7.633455287709940418e-01 9.918607060300279610e-01 -7.979643554193962540e-01 1.197101252694352524e-01 -3.910271008270320703e-01 2.998611524528758121e-01 -6.423932945467167865e-01
9.372341757671572848e-01 1.460239755304851172e+00 6.058239141043627596e-01 9.879312110954993065e-01 1.038084310882617878e+00 1.480673398097445581e+00 1.143775485325889463e+00 7.388932610952003710e-01
