-7.982243802902386776e-01 4.453678053576060059e-02 -3.266494723895174701e-03 -5.252372158022080573e-01 -1.769503617755621150e-01 3.217134947938156131e-01 6.609499636729090355e-01 -2.208351920524191936e-01
2.937650807107550222e-02 -9.584594200428702138e-01 -6.752225743693489601e-01 -5.738464622479282351e-01 -1.730247019920561069e-01 2.898553347739309949e-01 -3.306141774721815807e-02 -6.404288726636808704e-02
-2.074589218418076975e-01 7.907709283037627213e-01 -9.103705417429748259e-01 1.597613083474052065e-01 7.428792223434141917e-01 -2.066455351570726240e-01 2.526155976132398173e-01 7.882333625666180232e-01
-9.265500406148725610e-01 -7.967188116608023840e-01 -9.830447410038116729e-01 -4.257544148518552785e-01 1.956269593259369888e-01 -9.572940785785262197e-01 2.793038809163583824e-01 1.653309118998871341e-01
-2.660081031886558645e-01 1.706411718063434169e-01 6.721077919142219859e-01 -9.994629916165462813e-01 3.843612717158857439e-01 1.946029188491598116e-01 -6.515731622704499237e-01 4.090331189875786588e-01
-6.487128961452848230e-02 -3.159329747471217864e-01 -7.644805628147246512e-01 2.862614878333811230e-01 9.321199785520859482e-01 6.505888017407601698e-01 -8.505926365480329654e-01 -4.314725644233532442e-01
-1.284701785175768052e-01 1.748458381416471141e-01 -5.740933078644865351e-01 6.952658086308407537e-01 8.223871088392193940e-01 -2.657881306220288842e-01 -9.715580999053079481e-01 -3.650667389434578691e-01
-4.836951682294319266e-01 -9.744252248595208776e-02 -2.190362507518865964e-01 -4.434988631747198706e-01 6.363412553546972106e-01 7.980470042883927029e-01 -2.057262756002580240e-01 -6.662873163604099425e-01
2.179250514071826572e-01 5.236980752508926251e-01 1.229271046781525989e-01 8.654548253186160611e-01 2.233481600292577252e-01 -6.534810244880471242e-01 9.060896989949855929e-01 -1.390668458079682424e-01
1.380817754302717137e+00 1.466803062546979453e+00 6.706999438639407174e-01 8.832496661514950276e-01 1.126763903456498461e+00 1.213534252342431952e+00 5.009081290669148423e-01 1.047425077822181194e+00
