3.131599559507263209e-01 1.138178050539462305e-01 -8.973060028991874937e-01 -9.183924536894834123e-01 -1.642356467112391361e-01 6.546898514545373970e-02 8.437908034999701545e-01 2.658737223874436673e-01
-6.337599205207353759e-01 5.979994598072260192e-01 -9.030760775392034923e-01 9.415888426600405037e-01 2.347018766063952988e-01 -7.635049138590279671e-01 -4.587720620158606266e-01 -7.874191030380648382e-01
-1.976376973448890073e-01 -1.704305972945328040e-01 -1.214243684815545787e-01 -4.962316864456295384e-01 4.465931489555854395e-01 -8.564566894611127523e-01 4.004118708672435023e-01 2.950253037995804739e-01
-5.646297762744199034e-01 -2.913808186116138010e-01 -2.927120410476007351e-01 2.528286924220548570e-01 8.612024430005502662e-01 -6.457253874498405377e-01 2.437562875077234903e-01 -2.015339873555781480e-01
-6.579373672783916938e-01 4.795626431076549512e-01 9.475792666955218380e-01 -6.563705115151010627e-01 -6.497818596686550929e-01 8.947787527570585375e-01 -3.435064718144131835e-01 -5.224158500400746252e-01
5.278019486890443979e-01 3.411846646793308402e-01 9.891104746201127007e-01 -3.114603912504398942e-02 6.459245423121426910e-01 -3.970213087008984676e-01 6.800207966251372582e-01 9.337350134514430522e-01
5.069925105685204603e-01 -5.684366209056526120e-01 -2.986329977372665923e-01 6.269841427271714007e-01 8.118017186818122788e-01 3.855842306149830367e-01 6.694413526354454635e-01 2.163851149859701284e-01
-6.201685416303652776e-01 1.633753076367574497e-01 -5.487895196684453580e-01 1.709993089707360081e-01 3.363463248882763157e-01 3.310009588636007027e-01 3.953374866499046458e-01 -7.885813960271306211e-01
9.674206736326662615e-01 6.956478112288497773e-01 -4.935194318544799952e-01 -7.863135057094670088e-01 9.325973862583996077e-01 1.678878220734139060e-01 -2.804049607918688292e-01 -3.232066380016791474e-01
8.673775274024174697e-01 5.296556143283638329e-01 9.640852925475880131e-01 1.196391016139166430e+00 8.409635399111523579e-01 1.132292875849572722e+00 1.480844158920406661e+00 6.797832306168688499e-01
