-7.787093313128456984e-01 2.428302411628679991e-02 4.089897395734569674e-01 6.599667359306016223e-01 5.806521622276805683e-01 -2.625515551243478019e-01 3.839731177437699650e-01 -5.737043277586417744e-01
6.780437504239422708e-02 -7.111184374917005613e-01 8.545237558352956064e-01 -2.432174244596116974e-01 -9.433691853641248404e-01 7.821201385947573748e-02 6.214977384707196517e-01 -7.644585367756551175e-01
-2.689971397411778931e-01 5.127688151352256529e-01 -1.662928602711222226e-02 9.221707807879142571e-01 -5.135804004638730991e-01 3.138574226294224001e-01 7.527942737376820403e-01 -9.138197998796191435e-01
-5.131830733568434333e-01 -7.114009303645820737e-01 -9.326372929483439655e-01 1.864721933386026542e-01 -9.825939408816197762e-01 -4.753532281610506338e-02 -3.070829223618973813e-01 1.744271623321580478e-02
-4.606089832279161023e-01 -1.581647312049585530e-01 -6.986948698159940463e-01 -8.404350418156074642e-01 6.912522520388986180e-03 -9.562633354535230445e-01 -8.495111118453757548e-01 -5.772772206772640580e-01
-4.588199578545175683e-01 9.588693334952249625e-01 5.734783251895858580e-01 -7.612643268182017753e-01 9.767621483281427874e-01 5.735859462794214991e-01 -8.653745600787645653e-01 -2.193318372926305049e-01
-9.764839465510271044e-01 1.785841053405674561e-01 -5.403899491243813191e-01 -1.296416074576851596e-01 -8.004052874702081155e-01 -4.467782446962733633e-01 6.749289421155073576e-01 5.581383631280099067e-01
3.043961943159070316e-01 9.427783314942239645e-01 1.074640601503380477e-01 6.270938550350588780e-01 6.023021715487508754e-01 -3.339760048412043769e-01 4.100398048704825271e-01 2.412537289917005001e-01
-2.581879556208965809e-01 7.799951200290042852e-01 -1.252020209882291901e-01 9.606534208417283338e-04 -3.473905822887668471e-02 -5.884285077874016334e-01 -6.495617035961254171e-01 -7.924261201813780353e-01
5.964955996043657116e-01 1.154800937287957519e+00 8.497205421315707774e-01 5.386763573542907579e-01 5.368250039870585688e-01 1.289020258622993520e+00 1.419517512045901597e+00 1.483712272741437133e+00
