7.819020737795421283e-01 -4.234641479568441724e-01 4.869659202058393976e-01 1.394945942493963642e-01 -4.250109382360485188e-01 4.360177303235941437e-01 6.211618033944432682e-04 6.601853660928391765e-01
6.865196360806313791e-01 -3.861800633659728810e-01 6.243365249752759194e-01 -9.403807240446355742e-01 -1.090001947363643531e-01 -1.920268908531177487e-01 3.898245840317609012e-01 5.198896377133259694e-01
-5.008355490311069413e-01 3.303781722447436398e-01 5.733739856824791037e-01 6.751939181225459219e-01 3.462594530358547029e-01 4.133198756542524333e-01 -2.898275154616962723e-01 4.546718039062522809e-01
3.634318263666487248e-01 -5.147493449105231544e-01 -1.867063999475915281e-01 2.765815995467526545e-01 5.575930837506419824e-01 6.915894438776566400e-01 7.534926463142805897e-01 -4.058910887270679169e-01
7.380166988231726677e-01 -6.837193984220399923e-01 9.053137923375900176e-01 9.256752459750214879e-01 3.252482476077824813e-01 -5.084377538601285718e-01 -8.818989393118030762e-01 -8.148267871319343492e-01
-4.308063384313829403e-01 6.559746069092464715e-02 -3.332194367097811583e-01 7.514515110158845879e-01 -8.441245829880239526e-01 1.551847324101278680e-01 -5.009372278223660491e-01 7.148650748663261112e-01
-8.333908779860539351e-01 6.327952587857788025e-01 -4.707907028719022779e-01 -5.054679537093886843e-01 -1.056582177950400325e-01 9.463048200902024476e-01 -1.851622968557518067e-01 7.675720867475641640e-01
-8.862927601364418706e-01 1.836038226799814321e-01 8.235577068511539256e-01 3.413681448100034377e-01 4.234142695185749705e-01 -5.467211545321226662e-01 9.382938936850704348e-01 3.533856963498249737e-01
5.996002556668877936e-01 9.827335283079261519e-01 7.393881157350827849e-01 4.984492882781699219e-01 8.928069803885729794e-01 9.250536301019152141e-01 7.471954775331073328e-01 -4.054200448112206256e-01
5.454359734223743761e-01 1.154514088098219649e+00 7.887546618052283520e-01 6.678068164352335412e-01 1.122569204630250894e+00 8.069502928925321728e-01 1.271260006078078320e+00 8.651159069459513073e-01
