-9.453665086223419500e-01 -5.457458454935373293e-01 2.690228549087956278e-01 -7.962899804539358417e-01 -2.444758927462520326e-01 -1.788446236293157465e-01 -5.642107728709071512e-01 -7.373769569763810594e-01
8.111864944470883465e-01 -2.786945592579066489e-01 6.343598084226642619e-02 8.977715764854066194e-01 -7.809628706224129857e-01 1.609172908004630198e-01 8.205270344740662747e-01 -5.809540583486869636e-01
9.384193752496934327e-01 -7.169668242253866008e-01 4.763817444513485100e-01 5.056660823154826012e-01 -6.734547829582822054e-01 7.206912435354855262e-01 9.000558313019217938e-01 -5.968283817681507841e-02
1.652020571857308884e-01 1.971058306632058610e-01 -2.301396660546031203e-01 -7.459221978794567942e-01 9.902647482396318424e-01 -4.103863745825584441e-01 -2.850986920474953834e-01 5.107254660249689326e-01
-2.030745678737324589e-01 9.378491280559375642e-01 9.142524617549883104e-01 -4.819922448793212411e-01 2.842129487726272608e-01 9.115605636267964940e-02 -1.012165805955766995e-01 3.463302984286609210e-01
-8.776288155322267137e-01 -4.221440920569812238e-01 -4.100024626284226592e-01 3.215105128622073316e-01 -2.058862321058410050e-01 6.080353142547947343e-01 -1.204801601576028780e-01 -2.375491410500172318e-01
2.305973301067070214e-01 -2.749522574043263834e-01 -2.441400268598141743e-01 9.895187748291489616e-01 7.768988632225737323e-01 -7.435896385853262291e-01 -1.004271629331232596e-01 -7.503647672738911201e-01
-3.001403182026425309e-01 6.554794574546531916e-01 3.709814067256949066e-01 8.157553421954519823e-01 -2.025634761631052161e-01 1.045798087527338716e-02 1.829725315092538551e-01 -3.142773848769311318e-01
-1.130880563874001599e-01 -7.325339080782302670e-01 -6.986278624529644876e-01 -5.660650319044111534e-01 3.810037840131492715e-01 -7.541288717842797862e-01 6.151723938623023802e-01 -7.279243967932866877e-01
6.991389014006791358e-01 1.339742273244874271e+00 1.498506632156751284e+00 8.676488252046823391e-01 7.588882789574368237e-01 7.060900407498946763e-01 1.143511612375577524e+00 8.259055985207061079e-01
