-1.627885251995260241e-01 6.323761932399583063e-01 -7.523934340591953429e-01 2.098145389784087378e-01 6.603090901873096552e-01 -6.806227285128001459e-01 -5.442473070965809789e-01 -7.033287032048241016e-01
-4.343236040901394812e-01 -2.389683676024325631e-01 -1.595823033139436298e-01 4.859416250968038309e-01 -5.965764410966294395e-01 9.698582458005113871e-01 1.013434997048328068e-01 5.816018992151290590e-01
7.329047690813681459e-01 6.439209181948462035e-01 5.343884257837570040e-01 8.617320154269225707e-01 -6.186854802214647453e-01 3.144232045815060772e-01 4.528673194868431118e-01 1.238377399191199491e-01
4.481800865104419440e-01 1.871063929476972643e-01 -5.672276589293543392e-01 -3.553851354910408933e-01 6.853669607975554356e-01 5.208253399163051967e-01 9.474979784880741551e-01 1.196133211622916193e-01
-9.264304962515934605e-02 9.270844237350746031e-01 4.608898748565146697e-01 -1.668603624406357344e-01 -1.534572240905518470e-02 -3.626638718958874463e-02 9.356857777320828351e-01 1.632013031579364615e-01
-4.187014126271231262e-01 5.585273169489368694e-01 -1.199884914571287542e-01 -6.355280137952168396e-01 -3.512305749708333202e-01 3.935070116363872383e-01 1.707220515355256651e-01 6.355896251555108734e-01
5.040435619456826721e-01 8.344517253044210214e-01 -4.762917578763301574e-01 -8.882601254167259430e-01 -7.328572351839575116e-01 5.524188011823727429e-01 6.149758914213667715e-01 -6.459808094382193389e-01
7.923750906059876531e-01 -3.879935044696976032e-01 8.446250590605697273e-01 8.557236354211230633e-01 8.542579981905384923e-01 -1.266318917680711031e-01 1.223302268097754553e-01 -2.474748430838356050e-01
1.713863893632971980e-01 4.123325941577500320e-01 8.285176206704001345e-01 4.930962399682092823e-02 -1.996837300322495956e-01 8.321937232052232236e-01 -8.408424163975518617e-01 4.080936560044712280e-01
1.271647979837316367e+00 5.618396038789226221e-01 6.277239428483289974e-01 5.542372161294080168e-01 1.158215379982483917e+00 7.966182056180770577e-01 1.241716331495944736e+00 5.318656489501591977e-01
