-1.826860030251158395e-01 9.788382637388226559e-01 -6.348138930624733778e-01 -6.704685444588953658e-02 4.974618646778772302e-01 2.856321686962515205e-01 8.478001348140826732e-01 9.295945739720634649e-02
4.240832832868566271e-01 -5.855474095248280886e-01 8.391530068165071743e-01 2.729608929317008936e-01 8.163413379626252020e-01 -8.946600260736909949e-01 1.347996358068477285e-01 -2.285327563166066334e-01
6.147408214941745275e-01 9.456288230342346779e-01 -6.289050354956662314e-01 -4.134853147616321944e-01 4.407357418377277902e-02 -8.915739145314189873e-01 8.360365590519081014e-01 8.737271443465604026e-01
-1.908060092880916603e-01 -8.508885911322170426e-01 2.362893442870892535e-01 -2.490073257715836874e-01 -6.941533427738000306e-01 3.859353025959768591e-01 5.727559327805036293e-01 -1.888060485327001103e-01
-6.012542574290158370e-02 -4.333457920786543127e-03 4.870758320418153708e-01 -6.665394728205260577e-01 4.412542257490392750e-01 2.694518913727672604e-01 -1.218946796341557892e-02 -9.315589385485574248e-01
-7.723906360441732399e-01 1.385094618557749513e-01 -5.728000907825248067e-01 -3.432924733085680469e-01 6.707965238269544272e-01 8.072575947151887643e-01 5.274837928563660405e-01 9.114749189180377797e-01
-9.507541573454931783e-01 2.688633024604980548e-01 -7.565051373726057182e-01 5.590934024087430565e-01 1.019835049826389728e-01 -7.860357456052506908e-01 7.324992364089886188e-01 2.160128113824455465e-01
2.098175100881223276e-01 8.048410778865466852e-01 -3.601217194778041364e-01 7.568764391768338928e-01 1.307274059560137314e-01 7.304886441077751424e-01 1.059833504092266843e-02 -5.998509263369393718e-01
9.010358181726894067e-01 -3.424839103452756994e-01 4.488226048740764362e-01 1.666530782220188023e-01 -1.908223073694483851e-01 4.132544016551753518e-01 -8.275986093864167170e-01 -3.355760553448992045e-01
8.606106993639192071e-01 1.133447106203605781e+00 8.279215114966224087e-01 1.467396762242129560e+00 6.108907036160009518e-01 1.124765040696408036e+00 6.127642521514656826e-01 8.951746516155387745e-01
