1.131836504986698522e-01 1.799011800687844165e-02 -1.283575724863950107e-01 1.286413428736414843e-01 6.022818030061705130e-01 -1.078091887978218644e-01 -2.334170629768099747e-01 4.805657164185699326e-01
-9.314520085733231092e-01 6.452897817223088861e-01 2.363666005120241831e-01 -3.571706092827728884e-01 -6.170234097102986759e-01 -1.773632567889915634e-02 -5.781123909613665734e-01 -5.895663680514471316e-01
-2.907200943638232893e-01 -4.895042927339456895e-01 -3.326034580524448447e-01 6.852571140291086049e-01 5.584578582787220746e-01 2.766563952630598511e-01 -1.425017182921102243e-01 -5.478246805326154600e-01
6.916427553621069535e-01 -1.056006185116951102e-01 -7.434247699098839313e-01 1.974857706846195882e-01 -1.860457555622769821e-01 6.267941420533171826e-01 3.588201799443353490e-01 -7.305276488113432443e-02
1.090568512131060430e-01 1.360550947473297967e-01 3.099370197425748152e-01 -6.662082548905201573e-01 1.982248803560260342e-02 3.221381908090004131e-02 -8.883762461303994495e-01 1.480771473773767610e-02
6.078559914721748392e-02 9.318154531518918482e-01 -7.007862274016618542e-01 9.425081874488940858e-01 2.337363840398296588e-01 5.886272169579260805e-01 -6.911304010577117296e-01 9.292662262204287593e-02
8.616453389382232597e-01 -8.481832002155631489e-01 5.149271513200861516e-01 7.249970597260162464e-01 -5.885525333810568416e-01 9.644189102481313114e-01 -5.926774767313971459e-01 9.559763234038434199e-01
-3.526261847196328070e-01 -2.696760811737410890e-01 -9.927691035653154472e-01 -4.635722139890419147e-01 8.842712764945235282e-01 5.697423559228262935e-01 -5.869820505074689887e-01 8.485231598484841431e-01
5.168031398396291110e-01 -6.824621943190227746e-01 6.022524903491830450e-01 -1.009532522890965733e-01 -7.464012332382858883e-01 -9.984525918941347111e-01 2.495085005578021597e-01 4.843253613740841068e-01
1.220284516513006512e+00 7.675932474447172416e-01 1.066889176482225032e+00 5.954147360669905797e-01 9.428493968521416413e-01 1.471861857019656661e+00 8.305360762780695794e-01 1.464494537402538876e+00
