8.140704124175255352e-01 1.471834290240525700e-01 3.171001234077301945e-01 9.231514840543526557e-01 2.427145832467894060e-01 7.961442928404982577e-01 2.713854370235793123e-01 8.315125824121030185e-01
-4.971205351072534029e-01 6.002380405513101369e-01 -8.673474149562199198e-01 -7.937124306692431297e-01 -4.361280007714705143e-01 -2.615297226303650024e-01 5.358761273185463914e-01 6.439985309045863637e-01
6.377763886722729314e-01 -5.813776194525219765e-01 -2.822965423033967358e-01 3.215650824168971855e-01 -1.169370776494726982e-02 9.566413362807479892e-01 2.116757737603671696e-01 -9.590674715770981518e-01
6.334504493532524538e-01 -4.635777684738762172e-01 7.107662440514317392e-01 -5.881046743820828038e-01 -1.506039043266875765e-01 -6.826364925917067783e-01 -2.923159431666497721e-01 2.302356371512268574e-01
7.094519810678174832e-01 3.560588516364222578e-01 9.615827125893785521e-01 7.233197918518812219e-01 -1.299306759164042813e-01 -3.000889423356274399e-01 7.091066650931341364e-01 -2.615353694261304263e-01
8.450371292470968410e-01 9.300297893528666204e-01 5.603837343246618197e-01 2.812801107623614794e-01 -8.076757312925766374e-01 -7.495285341701409809e-01 5.452166507978550847e-02 2.949366817154495113e-01
-6.523354811303636591e-01 -9.942327460186419774e-01 6.420142698798725345e-01 -8.757839048440179130e-01 -8.784273642908657642e-02 -4.231007482412445508e-01 4.724792431560731476e-01 5.570324304554690187e-01
6.433164709794492175e-01 -7.951959154127605789e-01 4.857675559570779900e-01 -8.634706882637539493e-01 1.539462089030905201e-01 -5.870922042772006577e-01 4.251536213462592251e-01 -8.753735960070747613e-01
-2.362234594067291749e-01 3.569061250826632836e-02 6.206344731178869978e-03 -5.605628412691987528e-01 -6.080616255432738093e-01 -8.622049854746729469e-01 9.281155233251119352e-01 9.439209924448375144e-01
9.540074684848892650e-01 1.418562686176367826e+00 1.499594872298113390e+00 8.480966271904807341e-01 6.880763697198284401e-01 1.263331609203636408e+00 1.457171793336875076e+00 5.426509317400199928e-01
