1.511407500048731478e-01 -9.498215397723048792e-01 -9.094434984121362309e-01 5.372972571113741047e-01 6.022883847754327835e-01 -3.068361409673436846e-02 -5.534803170258506544e-01 4.090662636072652791e-01
5.052740440624079454e-01 -3.259677956221729289e-02 8.743737863682352618e-01 -8.344638262748893531e-02 -8.231087991788244018e-01 -9.322741224448596320e-01 -1.123274592677310224e-01 5.305840355363005134e-01
2.794985738635096251e-01 7.456709512790680172e-01 6.409620213577122971e-01 1.837874131636165753e-01 1.114326856627694262e-01 8.576010363977750739e-01 -8.531931813133919462e-02 -2.848403964836667690e-01
4.922306354825634056e-01 -8.996996198218774055e-01 -8.245367544957968864e-01 -7.573228032853154268e-01 5.309199279084542145e-01 8.246761493168859314e-01 -1.455392644525281831e-01 -2.097801580615112904e-01
3.589416983609239331e-02 -2.414303381321230013e-01 -9.281985920817283908e-01 5.202631473240362237e-01 8.822176268559698276e-01 8.089968136728089565e-01 8.030992627051338761e-01 -3.780709711236385218e-02
7.126332476297527752e-01 1.980305528577015473e-01 -8.801514711566522653e-01 -5.799418897711889898e-01 -9.890625443600065125e-01 6.359862753589742290e-01 5.771976045286679735e-01 -4.622914083514242378e-01
-5.245371464320003341e-02 3.313600566411272208e-01 -4.760899177803303850e-01 -8.537986549836884542e-02 5.602042141350700444e-01 -5.970887213378250902e-01 9.020392649601338686e-01 5.704198562256967975e-01
8.888625058808943269e-01 -5.426441219244213521e-01 -9.504171547382185281e-01 4.690640526537175337e-01 3.301471935429538540e-01 9.847850428303805970e-01 1.361646026700058520e-02 3.067625525245327722e-01
-4.703375083394296663e-01 -8.345730908057999997e-01 -8.749971848013884390e-01 -4.904235524304285665e-01 1.245716318692531299e-01 4.681254233515357299e-01 4.798466209630967150e-01 -2.938396503782196856e-01
1.443254870641603516e+00 1.100277893660646544e+00 1.349052197101370476e+00 5.689739108770897058e-01 1.417473970698110541e+00 8.241579852791413030e-01 1.216041772579393943e+00 6.650041662300844036e-01
