-1.841528383683059822e-01 -8.277484475410767928e-03 -7.977414344205187025e-01 -1.000360619451747812e-01 -8.009183831856059310e-01 8.748724871232089750e-01 -5.909975149235568992e-02 -1.893175753069973322e-01
2.529416481037780606e-01 9.226575485850507796e-01 -8.699580498332839529e-01 8.264999434283497592e-01 -6.953121241292343768e-01 -8.050326361278838938e-01 5.966331016536985388e-01 3.082722395334247523e-01
-2.940437635613248890e-01 2.176168688968913578e-01 1.093097928079520553e-01 -6.567406049850736949e-01 3.784461109065040407e-01 -1.076132197476087349e-01 -8.165095273195575043e-01 -6.954670135446001655e-01
9.122055529696280196e-01 -5.370983523682919536e-01 -4.140039906872543529e-01 3.166792946892336147e-01 2.860270537259634871e-02 -3.683132759165634873e-01 8.285530374831489020e-01 -7.463275609899469032e-01
-4.567093143310607672e-03 -2.978977363507504528e-01 -4.854425354107556601e-01 -2.827697711704937333e-01 -5.061825006725870768e-01 -2.601146115707164697e-03 -4.685562958602940142e-02 -1.269131847249678202e-01
-9.178801720140774556e-01 -4.652490788726502124e-01 4.398952944489193939e-01 -9.040808413343730532e-01 -8.692396109602027465e-01 8.978782946221768313e-01 8.670870613812062810e-01 -4.913469003185357842e-01
-7.313520570199560922e-01 6.270891738197603704e-01 4.143408115077524823e-01 -6.216822786251858801e-01 7.727255356373097239e-01 -8.868127090961277492e-01 -6.949896738308170008e-02 8.532781048035256166e-01
8.207124148336428782e-01 6.061855615377611528e-01 -2.558983175658835485e-02 2.440066081732938930e-01 4.392791903025654587e-01 6.859792886414539659e-02 5.511188184594968398e-01 -3.596855650617474254e-01
-8.595547125758962181e-01 -7.819107324889926769e-01 -8.163889924860097125e-01 -1.790595626443247657e-01 -5.340545945581876008e-01 4.603494651151911476e-01 -3.128679673064562738e-01 -7.507676321033709410e-01
1.051749602575395404e+00 9.076327893404639857e-01 1.015802245503848678e+00 8.795547786581149330e-01 1.025918554395802929e+00 1.234055236383889254e+00 1.475570884790308845e+00 7.356296625970741854e-01
