-9.799265974325599426e-01 9.147854071512218077e-02 -2.086112838191376273e-01 9.580114622963831206e-01 2.984597436974596452e-01 4.961070788559227562e-01 9.956922148198450451e-01 -9.050057765571917212e-01
7.162582762354610111e-01 -1.066117621845186214e-02 1.573276912498511315e-02 6.658680532689986720e-01 -7.422173938534486481e-01 -1.436211444074497745e-01 -9.550879399689358173e-01 -8.104300588794484117e-01
-9.917978255521844311e-01 -4.766641155615609637e-01 7.248368464396022226e-01 9.623030079868759579e-01 -4.901689712060683934e-01 -1.104800703354413827e-01 -1.302281934399396324e-01 7.521382735384207763e-02
-2.640211898026685322e-01 4.638786730006989600e-01 -3.705865160543564407e-01 -4.262473187744000303e-01 7.291504743041083980e-01 -9.722535668387966012e-01 -8.568985738193750645e-01 3.466606069240953936e-01
6.990703647270231080e-01 1.507876546142175034e-01 2.683884404129084356e-01 6.456757271531827769e-01 2.543428514608985225e-01 4.928792855430488284e-01 -2.273670713766962059e-01 -6.314044433226326802e-01
8.709116177183595653e-02 7.790494032067720731e-01 -3.286373752385771674e-01 -1.714681046823571808e-01 -8.165157864205541127e-01 7.776406972362190917e-01 1.178381502610819087e-01 -9.953350542192263006e-03
-4.100576084628724249e-01 -2.399154726076684341e-01 5.871361048785190828e-01 6.218431798570218660e-01 5.233847342154083204e-01 1.062758929518414774e-02 2.057451664048552953e-01 -5.211952498463023886e-02
1.151955723101740769e-01 -8.323541429222369725e-01 8.467215044733631402e-01 -9.654688695196285142e-01 -5.150622985741013515e-01 3.889783902252408332e-02 -7.339997697629301321e-01 -4.238123723776106022e-01
-2.148566407818979229e-01 5.048168247849744716e-01 2.851650162808638811e-02 5.820423225207083107e-01 3.854322071851816744e-01 -1.250019049146660066e-01 -9.729925470371920682e-01 -4.707977760315973370e-01
1.235105896113564583e+00 6.946205369095111992e-01 8.647422657146326408e-01 1.304908126771145760e+00 1.351818969219809929e+00 9.494039516272644308e-01 1.310509221876241526e+00 5.912481933813763524e-01
