3.196253489535554326e-01 6.243206069042177564e-01 -7.769460294785102139e-01 -7.103335626387763391e-02 9.298785086901020236e-01 -7.020847169000130616e-01 4.344286369102068335e-02 9.319439163882548005e-01
4.494294038357742327e-01 -5.895272387894725519e-01 7.114351926217294952e-01 -7.024327123731044509e-02 7.070489896169580568e-01 -7.272532570354681702e-01 -1.594231039268063643e-01 4.808050699090928859e-01
-8.375246506422970860e-01 -8.993968232420832543e-01 8.265144220989928403e-01 -9.640269245346402283e-01 -3.405751355409460945e-01 -3.662936063684840704e-02 8.864053374933693608e-01 -6.961272324248839460e-01
3.034623371321587548e-01 3.723665295007128062e-01 -4.772542980595650963e-01 -6.816628584208668240e-01 7.239488413567198855e-01 8.130902966495157091e-01 7.877663313998077843e-01 -5.280723611838322729e-01
8.680005197164577524e-01 -7.973521919233903521e-01 -8.084580859759424865e-01 3.972852691146089299e-02 -2.076995769602290043e-01 -9.331564981252220559e-01 -7.318486294613963938e-01 -1.094762848117287746e-01
4.177114589783252896e-01 6.270175257657339962e-02 3.871846373175100720e-01 1.051721574631070411e-02 -6.554858636803662097e-01 9.268736612434023137e-01 4.106101885746209490e-01 -9.942920467539846374e-01
4.789268440377967284e-01 -1.870224387617498429e-01 -6.129445584862940333e-01 -3.849742576046415454e-01 5.513589845228707986e-01 -7.441314118245463405e-01 -4.791693949376885087e-01 -5.842430843464829771e-01
-6.851285705020662142e-01 -7.954772218100458758e-01 -7.115393187016143539e-01 -8.866020645174987891e-02 -9.321184899201984120e-01 -8.241432336863547814e-01 7.499855552682017645e-01 -8.566857223164645596e-01
1.549949236305321332e-01 9.262810462790409538e-01 -9.777718944178517280e-01 -1.225884123783813617e-01 -4.188315598595853118e-01 -8.382048821001768513e-01 -9.307548787273340896e-01 8.749761969183551535e-01
1.114326007259164975e+00 1.042908328224396275e+00 1.172724837154947242e+00 1.220444429673434028e+00 9.070856457377426407e-01 1.351609624846109581e+00 1.065157479661116957e+00 7.978623214678758346e-01
