5.847365122349696964e-01 8.228117989913734664e-01 2.712371446360377636e-01 1.328692246398377463e-01 -9.807574658033366699e-01 7.708005232030590292e-01 -5.066830635538432936e-02 -5.645814630627359332e-01
5.725196641318917035e-01 5.176703993566522666e-01 -4.470535988116564052e-01 -3.205770789959838662e-01 5.494762924525862235e-01 -4.812764347653306629e-01 -7.030385764105742119e-01 2.590699215289902213e-01
-4.353179652256511378e-01 5.416259458049821340e-02 -8.290079604487723408e-01 8.636518364490881616e-01 -6.290068292378998560e-01 6.174252524898264927e-01 -3.309217473720769132e-01 7.345666760896529812e-01
2.644957285055054008e-01 3.084246267503165662e-01 -7.994789615786650483e-01 1.172041065003632809e-01 7.373911829592483258e-01 -6.975437891749143304e-01 -8.221866802563480014e-01 -8.001770093060258660e-01
5.781446484517434037e-01 -5.976379099945834383e-01 -4.490182059932790182e-03 -9.015756936428986901e-01 -9.414307350162862686e-01 -3.752007432436355039e-02 5.786245386025035131e-01 -8.979279782922664488e-01
-3.514407687083580534e-01 -7.423945033368850588e-01 -3.708519365571194548e-02 6.441048407757263838e-01 -8.868169443442348587e-01 5.662240011980121945e-01 8.691672356309860792e-01 5.852718610395575283e-01
9.887399517031909557e-01 9.053435320785685470e-02 8.733639818190346293e-01 8.267210902488510982e-01 4.565156974742801133e-01 -8.638830275412088255e-01 -9.156370858824456338e-01 -3.954730112079234416e-01
-8.930956765967017486e-01 2.740368846623313370e-01 -8.851364778023254054e-01 -7.573488134864592158e-01 -1.342306460174280680e-01 5.154895051708288101e-01 -4.295343328148892859e-01 5.518085024147778572e-01
-9.805115627325098338e-01 -3.409684927403016097e-01 5.454660091887926221e-01 5.740775789294079168e-01 -8.170622099098487912e-01 1.716852327551954271e-01 -4.273057920662339804e-01 -2.703536661480829828e-01
6.372357354304017951e-01 5.892666820932540572e-01 1.237059810572423979e+00 1.284569882430066201e+00 5.411797005965164331e-01 1.485813474758055808e+00 9.987944873431343629e-01 9.037592523462691929e-01
