1.454515570116243772e-02 1.369994100479456911e-01 1.521328327366409106e-01 9.574219787938169635e-01 8.919816258679214016e-01 -2.008263858251813083e-02 6.630940293480047654e-01 -6.311862791053712840e-01
9.820130896054184433e-01 1.102797490069111763e-01 -1.884227498189723349e-01 9.161761550034674961e-01 -8.588752451630021767e-01 6.416637684834933797e-01 2.794317909839070246e-01 8.533560117117209298e-01
-5.394765372019723060e-01 -7.906434348767146236e-01 -2.363229327717826234e-01 3.226642051306090053e-01 -7.604234677173078438e-01 6.017358872980806961e-01 -4.553976195892812662e-01 -9.851771611910733473e-01
2.447905018032054958e-01 -2.054808116238389104e-01 -4.373626140556032826e-01 -4.957843168990725413e-01 -6.266436338930778671e-01 5.710293870755656087e-02 -7.980159954254666399e-01 -8.088874797878069511e-01
-2.209659663219667447e-01 3.881523770310217891e-01 9.052372146781706430e-01 1.687808931260894596e-01 -5.504130440141448144e-01 -2.065324500698275667e-01 -9.879268177828559594e-02 -4.605692821043190222e-01
8.925840820831465461e-01 2.150454248537905233e-01 5.350376237389113943e-01 -4.683256829715587433e-01 1.338459623515759755e-01 2.824503993527156531e-01 3.185594015572899007e-01 -1.586975237555561247e-01
-8.835599651493450946e-01 5.045196442519084279e-02 -2.384600832457368647e-01 6.568147624728932765e-01 4.311593758286160760e-01 -5.059402765085061482e-01 -3.078945590769628371e-01 3.425936545836949509e-01
2.878444995086339997e-01 8.174861835146594036e-01 5.321809541117641373e-01 4.841365189800117541e-02 2.378403535693429660e-01 -3.032284379452321321e-01 4.996430985928492774e-01 6.070037645583279406e-01
-9.192895213674654453e-01 8.511425803967134218e-01 -8.211327703367856667e-01 6.755402848911162828e-01 -9.843312258818324167e-01 4.143993830658896371e-01 -6.169515130261549185e-01 5.466252016891812726e-01
8.415308803611699640e-01 1.495896013512239220e+00 1.140537272731444451e+00 5.425243365970974230e-01 7.465573175096401615e-01 1.338073185591496905e+00 1.331893341084194660e+00 8.581971811582176368e-01
