-5.887476621494418527e-01 3.531675202765354182e-01 -6.354279573599863618e-02 6.301198050343641555e-01 -9.824123635305146429e-01 6.377579166812563649e-02 -6.476715680966766975e-01 6.198024247137772225e-01
3.550513784617710389e-01 -1.424313587908865308e-01 5.593966956391327461e-01 -8.393921460657975953e-01 -6.888414504573381336e-02 -9.260973549000708349e-01 -3.801264120318359474e-01 7.047547109729774828e-01
3.896718356315445053e-01 2.411391370172226711e-01 -6.783616139691592828e-01 3.615790492122890054e-01 3.158153505768459546e-01 3.552899067367374375e-01 -3.546398407907960237e-01 1.570227898448390835e-01
-1.274811140611837867e-01 -4.302136373410214709e-02 5.229377182906058685e-01 -5.141721834771944000e-01 -5.877904378995135737e-02 -9.615106964112829502e-03 5.276209681292425291e-01 9.581243448941489937e-01
-9.981008218803284482e-01 3.492981073192276131e-01 8.763765655203996641e-01 -3.266803057353107054e-01 5.380894622295988583e-01 1.350708658844828047e-01 9.314169399020051365e-01 3.437373903904701322e-01
-8.711027897230105843e-01 -3.603180434892163664e-01 -4.605710517742114263e-01 -6.922240703661570738e-01 2.578216166662081754e-01 7.242198886606723285e-01 -6.738479735837041851e-01 8.550571052895357127e-01
-5.340192924363220683e-01 5.718092656345585834e-01 -7.253748255371608167e-01 5.928892143046036178e-01 7.215664854412153773e-01 1.113369726634205747e-02 -7.770159386376411792e-01 6.080649603917025470e-01
-9.912428600442515503e-01 8.014166678232126362e-01 7.147275511522566127e-02 -2.320543146180131799e-01 -9.985945859474496533e-01 1.807351658517704074e-01 -6.774639576921432926e-01 -6.071020072350945540e-01
-5.861239054878188970e-01 -4.650897885758573658e-01 7.912708626336113493e-01 -3.105941994622503088e-01 -6.483818362457975937e-01 -1.794992242639279478e-01 1.865206871997899807e-01 -8.790377392671102630e-01
5.602936459544506365e-01 1.064701337859815133e+00 5.738334631755607207e-01 1.227329514119167353e+00 7.472234575405628521e-01 1.114471131208496502e+00 7.281196774711232722e-01 7.199711168678055717e-01
