3.142400138338106164e-01 3.120770119084199656e-01 5.102601263095976059e-01 -7.903423576811903217e-01 -3.249937119040520184e-01 8.594183055826043471e-01 9.509157341559606458e-01 -1.724832982427271233e-02
2.433776498984567827e-01 -3.738053592272641001e-01 1.898192478246847337e-01 -2.480492896630976940e-01 -8.721367189914741580e-01 7.182739515649201323e-01 3.273035728078481643e-01 3.414931979702711118e-01
9.980816869236530664e-02 1.208723771557467241e-01 -6.060178651930583360e-01 8.195302074576424900e-01 -4.506328295058104061e-01 -4.982175825989234585e-01 -3.241229619222836256e-01 3.573379678778483282e-01
2.005130172016571510e-01 1.090893084165645011e-01 7.875466004049860302e-01 8.249500493975530091e-01 -7.857050348221326086e-01 2.857471686646584352e-02 2.161302988826907523e-01 9.200998926831669422e-01
5.723758329955064283e-02 6.392394109141454894e-01 3.903522309550644387e-02 7.852636437057347596e-01 -6.874358536003586373e-01 -2.127611218408187455e-02 3.722894468150645952e-01 -7.263544322332138314e-01
1.751510554634470029e-01 -5.723863559554203118e-01 8.436411520794357966e-01 2.605206170932257148e-01 7.865129891876032620e-01 -4.686002252558330028e-02 -6.366618235616035015e-01 -5.825467644343902407e-01
-1.585581901576138542e-01 2.166560950497460336e-01 4.617542662226765682e-01 1.947097002297559776e-01 4.967990329421587692e-01 7.691119824708012587e-01 -1.267207001906944797e-01 8.711152487355389162e-02
-2.890579043079788413e-01 -3.207589318018233548e-02 5.337555295760352259e-01 -6.644583922771640783e-01 -3.575461556326073875e-01 -4.003355895818871968e-01 8.268208212241754396e-01 8.121701900843192323e-01
-4.204576462345612775e-01 4.605069482173611561e-01 -7.361148032061923807e-01 2.567122119217519760e-01 4.159018939108283242e-01 7.325475263180527552e-01 -2.295507019373883573e-01 5.230021772001527403e-01
1.291714949557210224e+00 7.836854453907561302e-01 1.180573687887324086e+00 7.110454501631859880e-01 1.195571490745420462e+00 1.122863068069214210e+00 7.801260994152635631e-01 1.403678000033501405e+00
