-8.874573829948908532e-01 -2.674212298269544874e-01 6.307299435789031072e-01 -4.636040067150184463e-01 -6.924153158123504959e-01 2.459371809636459183e-01 9.304839785904575056e-01 4.281387258345836777e-01
4.202065892992576934e-01 -8.060794836009501640e-01 -9.848268847156040895e-01 6.245446432839951711e-01 5.459379620645354869e-01 5.974082861911118592e-01 -1.446078708367593002e-02 4.610256582977882989e-01
7.104917524924048156e-01 -1.867292115941880937e-01 9.122760504164104667e-01 -7.544714831272274491e-01 -5.204244014882861702e-01 -2.532005934322789642e-01 -4.732487637885383069e-01 -1.282160221801835753e-01
2.235670217202971877e-01 6.035932954559042329e-02 7.314606490604704803e-01 -4.090483915825395833e-01 -2.491594051541090593e-02 -4.452757737041719288e-01 1.528062789067670124e-01 8.990381903690642940e-01
5.887725534442362907e-01 -2.672680468803791953e-01 -2.218717514695300874e-01 3.740345409255751985e-01 -1.963454666982071828e-01 -8.318438078350225418e-01 -2.972174800711615550e-01 3.285819641578222594e-01
-9.341743689326915678e-01 1.950188890944919429e-01 6.769193474709522818e-02 -2.225987953872401448e-01 6.852788955377988600e-01 -5.048170464917434153e-02 -1.583278399649616919e-01 7.875962189355292242e-01
7.701335233566630745e-01 3.352105983135735823e-01 -3.687657030911539735e-01 1.931900181830292773e-01 -5.409815768107595346e-02 -8.928377733563765961e-01 2.380214573428722780e-01 -8.567069035071182004e-01
6.581511995923161606e-03 -7.938130401672360836e-01 -4.702340105190980779e-01 -5.923299555244581072e-01 9.901719279453693456e-01 8.026755320740590616e-01 9.124090913621236698e-01 4.792766328888644622e-01
1.727226298879536159e-02 9.971654098737612326e-01 -7.489980862029008701e-01 -4.929902765808780174e-02 3.119424736186606761e-01 -8.779123285919376851e-01 4.386380013975554881e-01 5.258491764185078132e-01
1.045479622563035171e+00 5.387687979270350258e-01 9.038075244243870543e-01 1.171657929478562954e+00 1.117479306882890100e+00 5.442421542755628838e-01 1.369560449443986361e+00 1.329451552003811710e+00
