3.773187663734267616e-01 -8.941448339225639419e-01 4.714715221650234156e-03 9.905438231182643882e-01 2.329863408353565202e-01 3.710207571543995275e-01 5.280700779930880273e-02 -9.037345057385721692e-01
6.165188007067508025e-01 -8.077361864808689784e-01 5.638201999831591316e-01 2.762986977940624644e-01 5.145019411201614545e-01 6.173231043489231240e-01 9.530970590200991133e-01 -1.797596061388146982e-01
-8.104696777079183345e-01 8.998323652617070678e-01 -2.887188241083016305e-01 -6.086665177266097349e-01 -2.554996231441342136e-01 7.734831519859075577e-01 -6.765475594499368306e-01 -8.306900211993688554e-01
-2.592889602916974567e-01 -5.450914535759616708e-01 2.778285366128674383e-02 2.812889069419861610e-01 6.273766440740540240e-01 5.635019057483834359e-01 6.050084789893184212e-01 5.376420699806698789e-01
-3.023473023477458721e-01 -5.188751212674758140e-01 -2.847125678917781233e-01 4.809974746147622771e-01 -3.415986112039217648e-01 4.197204323058958408e-01 7.751043347160775365e-01 -5.213094493875627400e-01
2.432702716655883446e-01 -3.556126220840010177e-01 2.416190042679260408e-01 -7.358969380510385072e-01 -9.034531283609865682e-01 8.988993584550879490e-01 8.549672874390452648e-01 2.672383145426171502e-02
2.954498229345294824e-01 -1.399607943501279816e-01 -1.745051986354615448e-01 1.747163561686895239e-01 6.611573689245826557e-01 8.895594076701973663e-01 -5.398692924882859678e-01 6.650399533736224278e-01
6.208783556969144080e-01 -5.394422419921807155e-01 -5.353558472150641290e-01 -4.422480656212317562e-01 -1.521572724620909867e-01 -5.672572674636284784e-01 -2.278107738032963958e-01 -7.738850624000936929e-01
-2.588286216651662919e-01 -2.324293123289999929e-01 2.739920038740750741e-01 -4.670538869705143092e-01 -4.923452506685073171e-01 -3.460623437210235132e-01 7.604612659464424773e-01 2.134962812257918952e-01
5.426908554444538346e-01 1.402233175308062130e+00 1.280069120239454517e+00 1.490801969255518777e+00 1.192679916045870758e+00 1.118314673424967598e+00 5.796960179871575303e-01 1.490362744959736752e+00
