1.993112350104688790e-01 -8.064445525315733221e-02 3.154209953583382298e-01 4.560529934827701748e-01 6.426106797407913351e-01 3.265689039835768526e-01 2.487079070337505637e-01 -2.298848494169212220e-01
-2.126217823580860422e-01 -4.526270001355470196e-01 -2.711172574578275540e-01 -9.969539812833325687e-01 3.373798412303563587e-01 -9.230766269221024611e-01 8.364070596364772125e-01 -6.968588568231459668e-02
3.519699574016705856e-01 -3.477599188581803613e-01 -8.496727993244481691e-01 -4.080954525378310827e-01 3.893146614208415901e-01 -3.905004058951606627e-01 -5.748658002145619061e-01 7.388406977919870222e-01
3.598203835678344120e-01 5.747990361868837716e-02 7.081521747132539790e-01 7.649734984312170916e-01 1.866202620410770674e-01 4.083936812942969841e-01 -3.482028836797175231e-01 -4.876704129261899556e-01
-2.104599479403117535e-01 7.359895368372677549e-01 3.996402261029303737e-01 7.742699421281371563e-01 -5.902049908562130298e-01 -1.935589429681674467e-01 4.357524054341712638e-01 -1.912290161194452054e-01
5.667341507472545281e-01 6.268941217777881381e-01 1.218637934210358154e-01 5.123498650450590830e-01 8.757652960554809241e-01 6.738585984177234423e-01 6.009616558243957574e-01 9.015383847409563778e-02
-4.276750532084299117e-01 -3.535668831987330840e-01 -2.104424724662492530e-01 -8.510630082858430256e-01 -6.495082182540046212e-02 6.942031323115993580e-02 1.876982915666749463e-01 8.050908528479081561e-01
2.796569882100283788e-01 7.146104327561615399e-01 -4.576706430892261146e-01 -5.818573250862535406e-01 -3.816846850501738331e-01 8.206373207497335009e-01 -6.781225002065267571e-01 -1.287234196952389276e-01
-7.346668492365808767e-01 6.315157553418866421e-01 -8.691213929466228283e-01 2.897204186397348558e-01 7.545419631983845132e-01 1.491243449014296729e-01 1.100717626932485871e-01 2.002165486021993956e-01
7.453679205244500006e-01 1.000259961210924420e+00 1.241892774815459344e+00 1.092611444272176380e+00 1.387534915559474502e+00 1.141138169671100044e+00 9.946448751530251320e-01 1.282789273159261167e+00
