6.793609898225185795e-01 1.887042131084939456e-01 -7.815410759210701386e-01 2.895182901404158571e-02 -2.644312681102889417e-01 -6.080098304705199297e-01 7.034465522048316544e-02 6.653455446543152796e-01
-7.765223422111982021e-01 -7.214924407107945470e-01 7.017972547904809399e-01 -4.506959326438813029e-01 7.360246958209670787e-01 8.004947493891945154e-01 -7.612768212959364345e-01 2.585390714026285508e-01
-8.975081167502552137e-01 4.983949657704715985e-01 4.771353122809187663e-01 3.129405486979055517e-01 -6.243258014141128687e-01 6.491320801805207097e-01 6.504034887076630689e-01 -9.586920055432803789e-01
5.364687859219825494e-01 -3.618992436105255006e-01 9.185513494323283012e-01 3.272201938353194173e-01 -7.436603482433110646e-01 -2.992950915261394229e-02 3.819575949623097433e-01 8.421767394059080925e-01
-3.857052387691104478e-01 -9.130361147909222819e-01 8.844423935371263923e-01 1.691574589317765831e-01 8.979896968865566098e-01 1.791012455385105895e-01 8.768859793259908830e-01 -7.496675647891604122e-02
-2.305128717667126459e-01 -4.030116553171680938e-01 -6.335310786788150850e-01 6.435705797948085838e-01 6.850501274885520964e-01 3.459502861857712830e-01 -6.870554967244668632e-01 -3.401726575958725629e-01
8.189882898689042623e-01 -4.424459990924063391e-01 -3.635169303378249506e-01 1.086634221002400480e-01 -1.259518047226138027e-01 -8.721936147285558327e-02 9.479647973600280331e-02 2.384756865219046507e-01
9.491032100664948956e-01 8.889064717449195463e-01 8.130832701486276903e-01 3.673376902034486413e-01 -6.976567756511349305e-01 -7.581030550588305772e-01 3.384473253536905979e-01 4.967144759844981383e-01
-5.068818236812135947e-01 -6.846141361212243481e-01 9.111191499712421038e-01 6.452389713293402718e-01 -2.210302966385173651e-01 -3.862257145908574163e-01 -2.153543972778628746e-01 9.929707627569834827e-01
7.967637600254794394e-01 1.127638836974565795e+00 7.813246476588658895e-01 9.610527926830383372e-01 5.363802406688064073e-01 7.599347069921488229e-01 1.100416805630870520e+00 1.219558059454837196e+00
