-1.343148958023534512e-01 8.946844233950868031e-03 2.476313538463497110e-01 2.127135364517867000e-01 8.061119784112302789e-01 9.065578576731458949e-01 5.177038058300487133e-01 -8.633400095798586804e-01
-5.137614997594173172e-01 -4.185464785902957008e-01 -1.289544244633871184e-01 -8.075668480205855371e-01 1.272202512381015449e-01 5.299504679251216821e-01 -9.358383148531750351e-01 -5.287020963268209695e-01
7.823731285325556950e-01 -1.910627318878095338e-01 -4.772586703797889740e-01 6.298710612805300535e-01 5.654596454084530599e-01 -9.837900522322422514e-01 -5.540268239321390897e-01 2.745206719474111434e-01
-6.789551691518427301e-01 -9.494213057784648413e-01 8.218828166003959712e-01 2.912980242739859893e-01 1.700736393138388980e-01 -4.238451448081632655e-01 8.171728901976189618e-01 -5.816021377807214510e-01
-9.572322338632419658e-01 -8.791694959921443342e-01 -1.645019933390421407e-01 -2.315031006206904607e-01 -3.595619968163785707e-01 -5.047145169682880628e-01 -8.486806378383016103e-02 -7.799206437410877157e-01
3.667125927418237730e-01 5.443624003700677783e-01 1.765992946688093035e-01 -4.422574743791498619e-01 -3.038368193566944875e-01 8.628463641960868458e-01 -2.880446471490558658e-01 9.994690810690070037e-01
3.747234554063361145e-01 6.646462505034507195e-01 -4.200287695799764798e-01 1.727398836496520929e-01 -9.627536259722804246e-01 -4.761714331120121546e-01 9.267860210531633225e-01 -2.534601722680893676e-01
9.996700024883258262e-01 -8.856376711864017981e-01 1.463947806779952732e-01 4.806755518977556818e-01 -5.388454051005722167e-01 6.170116437835806433e-01 5.340247879701591760e-01 -3.298579382004689364e-01
-3.635273089465274055e-01 -2.297211368199563175e-01 8.210730519358835355e-01 6.335497144870829711e-01 6.847063709814908972e-01 -7.796825142164103273e-01 5.362210413095225281e-01 -3.220221400395963940e-01
1.231768197163253253e+00 1.377066054081237834e+00 5.595328313828413780e-01 5.396550425229243997e-01 1.015898991507983684e+00 6.223098339196124762e-01 1.055144130458313789e+00 1.273174736849314037e+00
