8.628704771092343684e-01 9.010510647867735479e-01 -5.719773050858065755e-01 6.055254912831955494e-01 4.472068978682952611e-01 -2.219983757859085305e-01 8.180701734742694686e-01 -8.317090655100654040e-01
-6.839767747511356077e-01 6.355367640228259951e-02 7.492249319648043304e-01 2.273208795075951638e-01 -2.695989455476013319e-01 -5.462992837371685173e-01 -3.792590146762380154e-01 1.639644990238435796e-01
-8.866599293686010519e-01 2.401717344775913254e-01 9.053096705093721663e-01 9.551897627796530621e-01 -9.883721394725919485e-01 1.029777293480622635e-01 -6.715594315620478927e-01 -2.631193265285189931e-01
-2.252537858360879053e-01 -9.711216879313007144e-01 2.744280727069448034e-01 -4.519290904208417281e-02 6.114869830042193311e-01 -4.499486575713333991e-01 -1.524649775030335608e-01 -3.690533570515412976e-01
-1.723279719050700987e-01 -4.617976203382578859e-01 -4.436867087621929606e-01 -5.945631926789169963e-01 -3.572985379116353499e-01 -8.105011860582616023e-01 -5.753948751671458250e-01 -7.002406614010079355e-01
-1.581401741906738323e-01 4.058048928462456573e-01 -4.968776450367207165e-01 -4.747852563765866396e-01 6.400344370661641413e-01 -9.268539202230903218e-01 3.162647749097935446e-01 9.525056584767701562e-01
-6.980162940623031442e-01 4.079049093246891466e-01 -7.972155810932064490e-01 -7.206882704382941984e-01 8.870761144331842374e-01 -9.407126597019428438e-01 -6.683688905164157923e-01 8.289099476816939038e-01
-7.538826180360347351e-02 -9.757134673360219335e-01 3.953068705320368359e-01 8.514651860010153950e-01 -4.770706192242146759e-01 -6.235906394261603314e-01 2.714401387705791535e-01 -2.057372755942887821e-01
5.927305310814952044e-01 6.518634918470047612e-01 -8.319547531212367897e-01 -1.726284424563770958e-01 -9.686709372749011671e-01 8.571304491828173333e-01 -3.202262207120665227e-01 -1.763631586697025355e-01
9.676508210894261275e-01 1.082112686339673946e+00 5.100710407464922325e-01 6.226023646327778494e-01 1.489444912926876086e+00 6.513130021751938337e-01 7.577601783315931483e-01 5.020942855720745834e-01
