-5.687848492854650218e-01 -5.758031756796089251e-01 -5.646123694916695968e-01 -1.301357441227211087e-01 5.221025970908892422e-01 2.999395752429787620e-01 3.673804900887096547e-01 -1.462773570140571966e-01
-6.390297142343408510e-01 3.330985627762106382e-02 6.103372924420267243e-01 4.306169175012972694e-01 -5.673253849677384331e-01 -7.439598455582507874e-01 5.188477848723791475e-01 3.072261036750785212e-01
-6.024947912428264551e-01 -7.135679415314246654e-01 9.658147645693682115e-01 6.868054656236137756e-01 -5.764776578954562414e-01 1.492137805122883965e-01 9.925212814228556724e-02 -1.412251417111143326e-01
-6.248169957280957920e-01 -1.997228299401327956e-01 7.453582282758419719e-01 -4.198947633603320462e-01 -8.655583451042319076e-01 -8.385558392670409145e-01 3.299484295761838659e-01 6.702131861877229646e-01
6.421253515098919173e-01 1.912758711271176360e-01 -9.628854409613734067e-01 -1.375536767315634901e-01 3.729617761793364572e-01 -4.608788072852594286e-01 7.634560617999361920e-01 4.798677412473058013e-01
-3.376065243734016619e-02 2.641084731510723316e-01 1.861980553136097782e-01 4.422142810976812388e-01 -3.642665556252020487e-01 -8.935439778587439541e-01 -8.550569560266405578e-01 3.425569049335464022e-02
2.817630346936630392e-01 7.735645899032159711e-01 4.519539619030428224e-01 -1.389728492608546251e-01 5.698830882052652314e-01 -5.509485645442739887e-01 -2.559306203132036828e-01 -6.438870839292194503e-01
-8.242181814781173177e-01 -5.041872829104663278e-01 4.355631605171566001e-01 9.583997648559157145e-01 -3.524853063437183298e-01 8.863766967929216367e-01 -3.461688952276664732e-01 -1.350202358649155165e-01
-1.510958188318143325e-01 -4.915193868817839817e-01 9.776944803256584215e-01 -2.049492506820422832e-01 6.909828258703316628e-01 -4.682323873799199010e-01 -4.580244872009604507e-01 9.190518332902379850e-01
6.472279597681647179e-01 8.168864572945075953e-01 1.447034203113011674e+00 1.293759643318058039e+00 9.875029307361987696e-01 1.235485412408987349e+00 1.031634823430460646e+00 9.947046364216656222e-01
