4.461486342007936479e-02 -8.650137560096358147e-01 2.206998349542359517e-01 -3.073769109417554546e-01 -2.261362388428154180e-01 -8.830152922397696003e-01 2.065781732944516058e-01 -2.659056370104528888e-02
-4.569478636035562147e-02 9.253748757793671675e-01 -3.399075678416239032e-01 -9.597846737840030062e-01 -7.604296204641041168e-01 -1.215311867486825737e-01 -5.293673592304386499e-01 8.744900732737770355e-02
9.917319612097217352e-01 8.065667637036886273e-01 -4.392050851078515006e-01 -8.974681290253745392e-01 9.338190357842668377e-03 -7.082025729522851698e-01 -9.602367157169113820e-01 -4.775023284679973390e-01
-8.225761629281744813e-01 7.567832489791319617e-01 -3.605109597113969055e-01 -3.159645405735644896e-01 8.837291664806739000e-01 2.953084730865485064e-01 1.443001254388280863e-01 -1.262768322600240634e-01
-7.683400145060637065e-02 -6.297486936037710592e-02 -2.603313923848258327e-01 6.444482006370031435e-01 -1.241489741616863540e-03 2.842182661716989855e-01 4.955600068462675534e-01 5.248744852880680156e-01
-2.023777369567536510e-02 -4.354400025087690196e-02 4.221326173716331009e-01 1.104306921487203663e-01 -8.037026625687120340e-01 5.775682009789073756e-01 -9.675975773441991556e-01 -9.323307258954898202e-01
-4.468089480374191069e-01 -5.032971567532242840e-01 -6.138909273124519839e-01 7.985975584353117718e-01 9.291392140179206560e-01 5.281857133781648894e-01 3.249049271490012103e-02 6.324976307481369187e-01
-2.916323372268885272e-01 -2.397834099869378122e-01 2.099291047359976847e-01 2.887664230452866576e-01 8.804660141256848149e-02 -8.916624934455570362e-01 -7.651390378875797538e-01 5.031868406303474650e-01
-9.430657614273858513e-01 -2.440910157859097485e-01 9.350152586122091325e-01 3.123877290664409667e-01 7.666674516742142398e-01 9.714924037245227240e-01 -3.700657194823364637e-01 6.785043698115726940e-01
1.257073532742683852e+00 8.299531926459247089e-01 9.406366497213530797e-01 6.179316663300015167e-01 1.392125908720041716e+00 5.142282069496187935e-01 5.762336461256919451e-01 1.003459026800366916e+00
