-7.575291992371466776e-01 -2.956404630071807205e-02 9.217396444257879295e-01 9.396558271999126966e-01 -8.252930009180774462e-01 -7.699131499759510611e-01 5.976182152035276474e-01 -9.130978781624308205e-01
4.070797146968543334e-01 -2.391867764854309630e-01 7.529723112569497445e-01 -1.557800926509171902e-01 -3.760725728523326428e-01 2.481404588589541937e-02 7.069375439008738216e-01 -9.575035379926710721e-01
-8.799465258344658647e-01 4.380115374297279818e-01 6.196996980023328216e-01 5.192994794379046652e-01 7.098699558123005016e-01 1.018093924486085378e-01 -7.952834026518231791e-01 2.126737669986056289e-03
4.508283671196198217e-01 3.509087000113990662e-01 -8.811790129417023110e-01 3.900908505626310419e-01 6.481670539010275789e-01 -6.875449103390243177e-01 6.865995561181199580e-01 -6.229644886833529682e-01
8.585862327737465716e-01 4.827095047293543661e-01 9.977635393894592752e-01 -3.159471907393800461e-01 -3.534354325767341543e-02 -8.995418202993916701e-01 7.040276618199712289e-01 1.704762855940655797e-01
-5.768674905976016731e-01 4.825355218806952617e-01 8.346817212562116506e-01 -3.360109416842105290e-01 -4.358755598354229210e-01 7.555879279136989979e-02 7.544019535549151279e-02 -6.235565806830010160e-01
2.101229692923118897e-01 6.936508658993314480e-01 9.641800553486794545e-01 -1.223936291463620929e-01 6.080242118089793646e-01 -3.147935290490802007e-01 9.991814845897712960e-01 5.235765096049282974e-01
-9.055062418547952241e-01 6.631757157934397018e-01 -7.126852883278784745e-01 -8.974041608210834298e-01 -1.952724171489286231e-01 6.530927963766985922e-01 5.164900369955496284e-01 9.765358010791234111e-01
1.200531639544442086e-01 -4.480303551049926725e-01 9.883821071754197440e-01 -1.776767858276999679e-01 2.116457411339633943e-01 3.342967577654516464e-01 7.154045618540973983e-01 -8.099898987945084450e-01
1.268437297612059256e+00 9.353027071149193628e-01 6.320856677939412638e-01 5.046278964111381438e-01 1.216473885424182555e+00 1.449102105731845613e+00 1.461568377694420828e+00 1.056023470618388638e+00
