-4.698578502527941403e-01 -7.531677639145371028e-01 -4.831122943824333049e-01 -1.261028739035301438e-01 -3.473895746991131350e-01 6.662653116750127946e-01 -3.597831572793939170e-01 -5.466295073298090834e-01
-2.370922781407982516e-01 -5.863853429866492384e-01 5.166949893873362676e-01 9.009520025301169799e-01 3.890188712197617527e-01 2.060462252851498199e-01 -3.301099461033931703e-01 -5.603411031783349650e-01
1.198519410306373434e-01 -8.934984945084303298e-01 1.172159384780557811e-01 -8.491676323745653843e-01 1.807495180962481740e-01 -5.029545824544046084e-02 2.074341169050031297e-02 9.823074070270751967e-01
2.005526717374557233e-01 -2.288185197293794992e-01 8.487608811725422253e-01 -1.837095074696448727e-01 4.148941380919066724e-01 4.741898661357077938e-01 4.305821131866844897e-01 4.701056583585609960e-01
-8.033090467184618166e-01 7.035270325087654708e-01 8.908028060988084640e-01 9.100629445501544623e-01 -5.924557946110320383e-01 -1.409651566270098133e-01 -3.999108966642770380e-01 6.680437884364449630e-01
5.029456784020622795e-01 5.351908969479872713e-01 7.095624643873945647e-01 9.326215652024889557e-01 -4.096514385774248090e-01 -9.446738018658209501e-01 8.192771327566512607e-01 -7.372966128382636430e-01
3.752567187338349264e-01 9.751789547040099482e-01 -8.182051935333145565e-01 9.850715295837235708e-01 -4.129418200205869915e-01 5.259830653599362194e-02 5.339416528108862359e-01 -9.019277965506891093e-01
8.041709616587839893e-01 5.486096801859008387e-02 -8.162549908744256566e-01 -6.487345799407293612e-01 -5.189488263032160376e-02 -6.223513162930063292e-01 -1.875647779869014098e-01 1.232412979307784262e-01
9.464874674303851432e-01 9.130790503881098807e-01 4.803388549123908113e-01 -8.768662921271548338e-01 2.489989376423602518e-01 -8.523503020666298724e-01 2.032981306314427528e-01 -7.591291403970239493e-01
9.832141487423639026e-01 1.030254206500465397e+00 7.536529373507253604e-01 1.173821222003939013e+00 6.485389242735417614e-01 9.418993470176526550e-01 8.102565930279571615e-01 8.936313462464623436e-01
