5.742756247036913120e-01 8.829835859147658894e-01 -1.868051235360363993e-01 -9.854289143383754279e-01 -5.930381119674044132e-01 -2.169221839246286976e-01 6.378145600435363161e-01 -6.030801849993683295e-01
5.660237220345452069e-01 -4.754981798678805660e-01 4.680740322690124522e-01 6.891427869544477502e-01 7.447100824779635531e-01 -8.345606516904973127e-01 8.346255650973466444e-02 4.261743992595463659e-01
3.512231072362197448e-01 -4.731325475136294312e-01 8.628236731595082531e-01 1.255221354911293385e-01 -9.988879651451669783e-01 -4.817775073749148707e-01 4.728598011714990612e-02 -2.721725749647214698e-01
8.234871220585264773e-01 8.575232269927861584e-01 -9.432876838211661230e-01 -6.509135451046790255e-01 8.503806727941212174e-01 5.189556105354975468e-01 4.996980408719977618e-01 6.092037389582234397e-01
-2.829036171224499352e-01 7.929421010041237672e-02 -2.105087311967435149e-02 8.447166179752296777e-02 5.322042255500329944e-01 3.758374354714242305e-01 -3.339699178003474600e-01 -5.319048696685746425e-01
-6.098744675555691774e-01 -3.697771973735799467e-01 -9.768215264750246263e-02 -8.727560009006070096e-01 -8.653466127158240262e-01 1.346142009827167030e-02 7.576699585113964019e-01 4.626727815171616243e-02
-9.665181985653983343e-01 -9.837488199893231755e-01 9.161214879978554215e-01 -1.325050854312048720e-02 5.816713827915891422e-01 -4.355431532745692724e-01 9.603108791302668035e-01 -4.153598252991796969e-01
-4.997540160950737498e-01 -6.640356515757743772e-01 2.018115506941922099e-01 2.545157837636058407e-01 3.504424640532664004e-01 -2.756984006797209563e-01 -1.610318644310801961e-01 6.863319135590106868e-02
-2.593649932895114585e-01 -3.786984894876044283e-01 4.471542331986506635e-01 -5.716533862589245896e-01 7.667570646833568038e-01 5.465000937543380566e-01 -5.472300859213801161e-01 5.650563605995302385e-01
6.535486216699607498e-01 1.295867109546233298e+00 7.288677414618814909e-01 1.249134143305500544e+00 1.386889547326070948e+00 1.408835507824970135e+00 1.416942172388818477e+00 1.352824260136102019e+00
