4.404333176340722300e-01 -5.106106369299823200e-02 5.617958208697917399e-01 1.576119206633321834e-01 4.493500125469465090e-01 4.889843612212172452e-01 3.182279256571196591e-01 4.684628751662436308e-01
-5.079885160103492225e-01 1.509334675558791083e-01 -3.405552694046809492e-02 3.313685261331067444e-01 -4.663323995114374565e-01 4.720269405636823290e-01 8.162441663025943317e-01 3.090075857748773025e-01
7.438890811316090090e-01 -1.568576805883474812e-01 -6.122907206506704725e-01 -6.556948479856608003e-01 -5.515256802522525703e-01 -2.631109587831839125e-01 -4.161720434761040366e-01 2.856291791297094207e-01
-1.514027809934170854e-02 -9.381766042837316188e-01 -1.341842947524729546e-01 -8.704795106177429798e-01 1.142877510657631657e-01 -2.347201354379888638e-01 7.728742971937223594e-01 -8.924523607084802190e-01
6.043001056160097750e-01 4.873899214805084146e-01 -5.845799946928802449e-01 8.621247162035796663e-01 3.353352156909861215e-01 5.859657010078356265e-01 -3.951191090102676995e-01 2.573059014771952313e-01
7.415458815656825742e-01 4.342054768835472700e-01 5.258390522020550684e-02 -4.662141379964672705e-01 1.084266908926310169e-01 -5.503472488236149651e-01 9.446229663209821936e-01 8.657818897391986734e-01
6.403312555950502194e-02 1.579005038089686952e-01 3.251761041023759624e-01 -5.582674947354000494e-01 2.897914011059505857e-01 1.018838613195152121e-01 -7.227935165010050955e-01 -2.582231232319487368e-02
-4.898105784772273097e-01 -8.185661317780734691e-01 8.146324909471702735e-01 -3.957893423887530737e-01 -7.260625009986698686e-03 8.594333609859623468e-01 -8.433642573336075365e-02 -6.603273921013348424e-01
7.731129318977789655e-01 -4.452536769981674247e-02 -8.944682495798994548e-01 -4.319620951784701735e-01 9.907236677615323117e-01 8.411611384433343996e-01 -5.544003326674309395e-01 -5.048341363210628874e-01
1.306971187583890526e+00 1.132110515287961583e+00 1.062270761765878646e+00 1.277943657704506908e+00 9.139957471387907262e-01 5.425452240299306617e-01 1.091513515048864402e+00 5.307891160910613859e-01
