-3.709255699405105133e-01 5.906380451305448531e-02 9.615261018636855894e-03 8.166174620621502456e-02 -7.631295240489035514e-01 -5.361699164709108345e-01 -6.583911774068684775e-01 8.217619642879874231e-01
9.443006815052827907e-01 5.341611665098466855e-01 2.641634818998588319e-01 7.511867945268657643e-01 9.189521196123027202e-01 -8.122091961321733500e-01 3.099820070130623328e-01 -2.794830534944485745e-01
4.189123750688168446e-01 5.636150488079394449e-02 4.638234339913027693e-01 8.455280279081056616e-01 9.260647312787775309e-01 -7.837266044355690742e-01 7.408730082381735915e-01 -1.473390470254378748e-01
7.974370338819418702e-01 -7.454613181272828903e-01 5.784149864687089249e-01 -8.028094879794256400e-01 3.958889658834918723e-01 1.092466687187338970e-01 -5.320383300819586658e-01 -1.429401289714680168e-01
-2.102158016361048709e-01 3.827942022636201536e-01 7.642823562585148167e-01 1.447955695040170632e-02 -1.871416260567375645e-01 -9.901460745326531310e-01 4.847357849395497187e-01 -3.737312477810015299e-01
-3.752747147508284087e-03 3.220649642780197830e-01 -7.835406913564524345e-01 4.837745981157270947e-02 -9.083495055840147270e-01 -7.369878958837754457e-01 -6.272871676701434751e-01 1.462508755178038022e-01
3.369518883631659190e-01 -6.235713172050092457e-01 3.384672383488451786e-02 9.976816039483491494e-01 9.669714719814803683e-01 7.718151937245083527e-01 -7.800399703843741150e-02 -9.433932920013159418e-01
-2.442558068238824820e-01 6.076138775909247780e-01 -5.975802216390957433e-01 -5.588245170188963495e-01 -7.190708644304999453e-02 -9.980868907869042683e-01 4.942754972630554189e-01 -3.277327356724026863e-01
4.290967452061731358e-01 -1.353456008797768728e-01 9.731048598353813084e-01 9.266240208556268954e-01 4.529827605097969112e-01 -9.730374472428207078e-01 -1.995131983559557121e-01 -1.308903972624368972e-01
9.466812561049464669e-01 6.670715393485561195e-01 6.342242542270298822e-01 1.263965773769607503e+00 1.088939411741662422e+00 6.226848276255592118e-01 7.887914656670027558e-01 6.322631488212727691e-01
