3.591509869704214708e-01 2.996887034751782863e-02 -5.801553876731606607e-01 8.458907999517426557e-01 6.114282935789310258e-01 -7.196969755204061236e-01 -7.361236522681293692e-01 -6.906655638185554835e-01
-6.276970684420102309e-02 -5.947414145390015339e-01 7.702554935124310553e-01 8.655039249785272393e-01 7.007282811387405275e-02 -5.321457380809793136e-01 -7.722566018945324906e-01 -3.285053303892682131e-02
8.092717430417868396e-01 4.706097580697468086e-01 9.269790280759475642e-01 -6.837975869589518751e-02 8.672732841555852445e-01 4.153111322271376693e-01 7.921029951423930182e-01 1.368437426783588595e-01
-3.555617117256937298e-02 2.853357476313906904e-01 2.630501314256299406e-01 3.616908107856098287e-01 3.767693199708377350e-03 8.799474945420322491e-01 7.706282810639955017e-01 9.177634064529136548e-01
5.882250790776843985e-02 6.597511203579995431e-01 -1.323004620668299935e-02 5.889705034729368904e-01 -9.749114843760433580e-01 -1.114042715042464771e-01 -1.982350576130484932e-01 -4.797281676466365052e-01
-1.248606709900845768e-01 -8.385245853943146255e-01 1.635448759523507878e-01 -2.007133442905362219e-01 -5.925766655365234392e-01 4.072472432539362419e-01 -2.657330837892368791e-01 8.553574726923893756e-01
5.121753290674391224e-01 2.802468729382023849e-01 -5.685983993973742212e-01 1.192576113047170150e-01 8.860067644357620953e-01 -5.748872623233580725e-01 -1.464272855284347585e-01 -8.230639244481117167e-01
1.028464683778200772e-01 -7.246269002985001872e-01 -5.153094484269371556e-02 -1.689907785768023363e-01 2.140443528364164294e-01 -4.157507862531701903e-01 2.866897845002531753e-01 8.320258773913540296e-01
-7.106667601288441105e-01 4.365708417300098176e-01 7.583819392751807165e-01 9.329454469802294092e-01 -8.483838167812149944e-01 4.165840486110461427e-01 1.836042145034197937e-01 4.058962758961635053e-01
9.161628514246517030e-01 1.141195593385336604e+00 9.016581306694789744e-01 6.218468651095836464e-01 6.319290446694612040e-01 6.730027046748694453e-01 1.395925222295735679e+00 6.572553460653928203e-01
