-2.991842262411019693e-01 7.194758719665399482e-01 8.482556417037891983e-01 -5.833997188459763006e-01 -7.279487592124669337e-01 6.061495588718188721e-01 1.975083390630152369e-01 -1.253235738144584666e-01
-5.447480056582747476e-01 -6.426587344690031234e-01 7.456133046721475921e-01 1.427333165870026122e-02 -8.020805524100524941e-01 6.908278439180408625e-01 -6.964329425002688811e-01 -8.996455438459183274e-01
-2.075456888327729121e-01 4.120873464634438044e-01 -5.676416871669651698e-01 -4.367397650310334001e-02 -7.902786222859716769e-01 2.154091724989342094e-01 -9.443201971173451614e-01 3.623051778738271000e-01
-1.205018888859439308e-01 -4.309573111154674230e-02 2.361657597516078066e-01 -5.996527201678276686e-01 4.453570114876086450e-01 4.865775691631717415e-01 -1.255817332904058947e-01 -1.224711321895632921e-01
6.164010518482276879e-01 5.237341444135308333e-01 -9.377783768755671989e-01 4.702427342444996938e-01 -5.091960773818748898e-01 8.337058618853787628e-01 -2.855336142270310518e-01 8.583839337028724703e-01
-4.950295303940372982e-01 9.816536348545974455e-01 8.522572914707149394e-02 6.580432959855222474e-01 -5.728617009788814496e-01 9.934069777681500124e-01 -7.435486838525375841e-01 6.741361515351731448e-01
-1.337299704559502533e-01 -2.222243689886749252e-01 -9.496734233968817662e-01 9.788987505752797524e-01 9.739308271818347684e-02 -9.238060993215124750e-01 -8.475276509747955433e-01 -6.478073845568717015e-01
3.612304578289946555e-01 7.550052106472009417e-01 5.544891241921670044e-01 7.626345127572413674e-01 -3.993422436262921149e-01 -4.183346069006885770e-01 5.719492995414152681e-01 -7.917468346542211322e-02
7.128854209480328663e-01 7.308284718179514083e-01 2.049154277274360947e-01 6.531212323747204174e-01 -3.062253938321715108e-01 -5.618086879345167706e-01 -8.044107305328835889e-01 7.141231725825165633e-01
1.413795669726943594e+00 8.291521087575874915e-01 1.235206539351127120e+00 1.394137184162014043e+00 1.157521216077833426e+00 1.176694270219398319e+00 7.425933998330214170e-01 1.234850866890862431e+00
