-4.875068241669313629e-01 1.746219121084933157e-01 -7.375887360358990286e-02 1.481210781035786628e-01 9.826720355082136926e-01 -8.022822281944670397e-01 -4.928967726364572588e-01 -9.075273655198476952e-01
-8.615375606973956213e-01 3.338010468096928030e-01 -6.898887563709079629e-01 6.205212131703903289e-01 -1.660830079580972729e-01 3.235346742603935066e-01 -9.643787270195387507e-01 -6.885027707919275652e-01
-9.162434365049290097e-01 6.228298065575232911e-02 6.405750158485292722e-01 -1.411945761390898113e-02 -8.657202964806876011e-02 -1.075290598369647022e-01 -2.809695554803801620e-01 9.040552800093566432e-01
6.472833870370204856e-01 7.669674569401416786e-01 9.366939769387561121e-02 2.408429245131291641e-01 -5.666984879138452502e-01 4.146235583798516533e-01 1.769984235716561827e-01 -8.606859635416475030e-02
1.369559778763047575e-01 -5.830448011703752709e-01 -5.495465547029936282e-01 -9.510233708999529245e-01 1.218432322970024462e-01 -7.293197011677530206e-01 6.917890302546403358e-01 -2.996147187266353651e-01
6.565138872350104737e-01 -6.613701699389236133e-01 -2.704731536425732941e-01 7.914374299231361487e-01 3.135177582258905638e-01 2.654521522285147039e-01 9.066601474881270661e-01 -8.166867986157382298e-01
-1.773635003899944884e-01 -6.182286990304028951e-01 -9.800361906219661190e-01 9.049172887011680544e-02 -7.715348257505154628e-01 -1.053966762886777708e-01 -4.364643617076111592e-01 -4.510875781071288504e-01
5.126317621353060350e-01 -5.439480437770696231e-01 7.070227476548909262e-01 9.688947756494861174e-01 9.914182514250926559e-01 -7.676061630365200728e-01 -1.980354721469852475e-01 -8.181731129703182503e-01
4.869260812267854899e-01 9.221657819120159250e-01 3.752226497690505091e-01 9.659478727362036388e-02 5.794458015471206647e-01 2.589086573481276243e-01 -2.782580206252474042e-01 -8.666023857692048971e-01
1.478746603625742839e+00 1.202526036721517810e+00 7.938884079177824793e-01 8.309775305103037635e-01 1.482688481433285022e+00 1.182835403013897668e+00 1.094782289544018461e+00 7.346859774026518464e-01
