4.139100802868855844e-02 8.821292581329254201e-01 8.101061406960730071e-01 -8.679931680487420476e-01 9.884297760294986634e-01 7.701573425593137845e-01 -1.482298283085412560e-01 7.112983908167911373e-01
-1.053007943389949741e-01 -7.678005232505928923e-01 -6.496729211677927385e-01 2.684953358363100229e-01 -4.019501770273665731e-01 -5.421523400560537276e-01 -2.970479773260452649e-01 3.445437581542130090e-01
6.324080466275261436e-02 -3.477737050199911639e-01 -3.972466582560771897e-01 5.033685283752924455e-01 9.009404807952261507e-01 -4.530635201982775584e-01 -3.213353065540267561e-01 -1.107672610400745050e-01
-1.975058405439367171e-01 -1.579439277992968904e-01 7.141188559892357457e-01 6.653555246717359761e-01 5.700500044668654898e-01 -9.713817033927474309e-01 -2.036218292960665366e-01 -1.889134535769179113e-01
4.749589570514736181e-01 2.122676319503831177e-01 1.107437646787348129e-01 3.865265177744054981e-01 8.938751391980326311e-01 -6.619950980414146535e-01 -2.325306373190683118e-02 8.184853946964647520e-01
-1.971819176747842128e-01 3.676315281255642109e-01 -9.343206029395949574e-01 -6.830673215799323295e-01 1.822084851718286380e-02 9.129646022696396024e-01 4.029471668079620539e-01 3.005703657036116194e-01
7.762687826412153491e-01 4.673876066063735735e-01 6.182967465552637876e-01 -4.030977710679497505e-01 -5.436037598264966686e-01 -1.886293615410772340e-02 5.372524479867089031e-01 2.416668913150641362e-01
-2.229011828635310000e-01 -7.829636364483414379e-01 -8.998000879835976740e-01 3.045515611567732872e-01 -6.543796655055940104e-01 -9.932815234503511448e-01 -9.486355265296686490e-02 3.919274570750159725e-01
5.461896938693344694e-02 -4.090265942507582686e-01 1.835568823478965772e-01 1.824957009913432682e-01 4.636136406384261388e-01 8.421334981601193981e-01 -1.600119414107847859e-02 -5.757667828240229380e-01
6.217244021163601531e-01 1.487048899711087335e+00 7.585325643124984918e-01 5.868404023108139134e-01 8.254787214931795791e-01 1.278121034816464219e+00 9.231521554878769908e-01 1.121819391932712406e+00
