4.507347013020930326e-01 8.475895492350526972e-02 -7.347746887951345229e-01 7.734142531790944020e-02 -9.621634625723562984e-02 8.357399942715033614e-01 4.814243971219926976e-01 9.379249970041956264e-01
8.669927478102616991e-01 -6.499641323872891174e-01 5.865391179387946519e-01 4.640383324858670111e-01 -6.144354080258114248e-01 -9.409690499733789348e-01 1.434812748634506363e-01 3.275977874498625653e-02
4.859484586630922198e-01 -7.997545125993443804e-02 9.242896388147017195e-01 -1.506388732108752126e-01 2.353002468860572183e-01 -6.408136886575803715e-01 -2.637809041799421550e-02 1.011502289934254062e-01
7.950111821582310778e-01 -4.367773624240538499e-01 4.434694630744582255e-01 -8.932123018877318188e-01 3.928102805211588500e-01 -3.821344757866658171e-01 -2.238132577307392346e-01 7.026547549448698415e-01
-5.422916215400299667e-01 5.284638765119626935e-01 1.806525639141418615e-01 -5.617726278416412811e-02 -4.980328934545119601e-01 9.673206799670917011e-01 -5.396188623055269140e-01 -4.342869137975458038e-02
-2.392013631111045147e-01 2.786898499698764464e-01 -4.828924639381544370e-01 5.300843523302942728e-01 1.613345282034022166e-01 -8.806163895622276527e-01 -2.524799129114527751e-01 -3.770744256727029953e-01
8.990266417451646674e-01 -9.613923136821105331e-01 6.616816858790619538e-01 8.271777086011959934e-01 9.870076703198946699e-01 1.157002182918460687e-01 -4.913470328566953427e-01 5.989594559421813624e-01
-7.339696501889483304e-01 -9.955830065651103400e-01 -4.562059099751492042e-01 -5.268764024754322151e-01 7.309987590043443006e-02 4.737862569773150234e-01 4.312354069360002651e-01 3.720753174544726427e-01
3.037805773403512433e-03 8.538018354277143729e-02 9.851129709842383342e-01 -2.457607637862624372e-02 -4.763662141772992964e-01 9.619333602504942515e-01 8.469640911167104491e-01 -9.650914253575546553e-01
1.037151099130497300e+00 6.386478847096788147e-01 1.292159042985276951e+00 6.583500188604036740e-01 1.433248650895979637e+00 5.746281283040259868e-01 8.495782839490876315e-01 5.078843869511615594e-01
