-4.776497115335072152e-01 5.082018782473878282e-01 4.119633729530991495e-01 -7.615059882456662876e-01 -1.076314647261382706e-01 5.115581791424337332e-01 -2.771400846480338576e-01 7.433228775494638008e-01
4.517333644508079171e-01 -8.235182216982863679e-01 -7.194072074852186915e-02 -4.608350487267769413e-01 -2.060313838116667462e-02 -6.647288678072116319e-02 -2.254783139294838090e-01 4.085881322162743245e-02
3.029021297182090677e-01 5.542525724274551813e-01 -3.907322397589261254e-01 -3.456714725804486132e-01 4.598657027421215737e-02 -4.487329339962309316e-01 -2.087308988691105593e-01 4.588482955612049885e-01
-6.731453986110151888e-01 -3.338050008845128147e-02 -3.746597162148299631e-01 -1.492724392708646430e-01 -8.216545433529554021e-01 -1.214698594254506325e-01 5.201763579787088698e-01 -6.674888367642153320e-01
1.366863711502688261e-01 3.498817886518803544e-01 5.380727146218631241e-01 2.044373379376582811e-01 -8.990858003889610206e-01 -5.935654974211939106e-01 6.033151256019901876e-01 9.097246709613426852e-02
-7.914329723335939981e-01 -3.716208412677115547e-01 4.100393990184758586e-02 -6.773476521479633305e-01 -3.080123991448227017e-01 5.039746667917242018e-01 4.010653022025743031e-01 6.478435297465079401e-01
-1.345607248802953571e-01 -2.384766010430117156e-02 7.739156637117989845e-01 6.021014451424469005e-01 -3.750876118445261032e-01 -4.243396180850425026e-01 -7.834389219564878992e-01 5.861985853174944694e-01
7.572238030595279668e-01 6.787622701973170525e-01 -3.054715478414979923e-01 -6.068999634312526315e-01 -1.994831242438146468e-01 -8.352069977655740551e-02 2.937074954140170835e-01 -7.949749674345292227e-01
9.952801282506680280e-01 -7.288855015626301004e-01 3.166774625965875778e-01 -2.646769794766632433e-01 -6.644675914421638296e-01 1.377532098578473363e-01 -4.080329916957667891e-01 5.861959020381577457e-01
1.069278184818496458e+00 1.138561147166651688e+00 1.166233144189481319e+00 7.594984139668433665e-01 1.142178759454278048e+00 1.285575083483019743e+00 1.396836990616734386e+00 1.023507400289191072e+00
