2.372378463419928529e-01 3.646363902334122109e-01 5.894082967537959128e-01 7.539690123398148369e-01 1.334280801209657419e-01 -5.479473707839690455e-01 1.145511216894354867e-01 2.295997384449579570e-01
-1.161603342144206241e-01 3.172562695214617978e-01 -1.663270414913666784e-01 5.640891716858644767e-01 -7.986771033527841901e-01 7.830747027233109225e-01 7.469790048702484864e-01 5.572932194784026017e-01
5.194133061908334792e-01 8.110626833242491340e-01 1.503028910945196639e-01 5.293027493292554730e-01 1.856072986553924942e-02 2.979965439578076136e-01 -1.864906226412852419e-01 4.391191037075656833e-01
6.345426121096018335e-01 4.810239625923691253e-01 -3.677392502312473166e-01 8.178047244540318506e-01 -3.660411581568490114e-01 -8.671032823516129362e-01 -3.328785215671139497e-01 -8.864875633347399919e-01
-6.846880291440293753e-02 -5.133704922395350145e-01 -9.053779115182629678e-01 -6.555264015219839369e-01 3.189129832695429823e-01 9.561162082774015136e-01 -5.353425589259088735e-01 7.441374845312183073e-01
-2.209798206053950054e-01 7.068888651030258430e-02 7.157497161758719084e-01 7.315680461047453509e-01 -9.716316464929524166e-01 1.366054520298780606e-01 -7.316643013001058460e-01 -9.920223468664903788e-01
-2.494290765376261376e-02 -2.572382432135520425e-01 6.443999163620068860e-01 3.416742133503920531e-01 -2.180927959173850628e-01 1.015274552752190029e-01 7.759818189850780090e-01 2.087387280397057232e-02
-4.080546276921239723e-01 -9.811868496286058061e-02 -7.075326338716301233e-01 -4.478065608331536218e-01 -3.455201453080465335e-01 -5.152484974383146898e-01 3.991449184744380041e-01 1.352535226276365687e-01
-9.869922366614078957e-01 -5.535881402303397536e-01 -5.469086965944867096e-01 -9.236994932705497874e-01 -3.644081677527817309e-01 -8.149462307243855452e-01 -7.143292582789559919e-01 -7.481183048774260325e-01
1.264652856419672844e+00 6.433611209977826428e-01 1.380504363649270649e+00 8.474709676747992360e-01 1.423549596000000861e+00 6.930542281181809594e-01 1.264771107775501946e+00 1.436836277529582651e+00
