-9.277587224511829600e-01 -8.602776801768616810e-01 7.051617882575387242e-01 -3.881140301919709934e-01 1.387531478530956708e-01 5.511462087081575589e-02 -8.905085097627203350e-01 2.372715409687959909e-01
2.793581920216827719e-01 3.855911986433517846e-01 6.958095956776455537e-02 3.920419675588653341e-01 -4.540304338505787296e-01 -9.013471608830414539e-02 8.206066930256536995e-01 4.395305950010519602e-01
-4.047933816682807162e-01 -1.756244317609585437e-01 -1.569065438973678006e-01 2.576710549457978949e-01 -3.677695749317755336e-02 6.862622454809146344e-01 -5.005354805736190738e-01 -7.967527235414799680e-01
3.128860261476968940e-01 -3.683426652994898909e-01 7.313817946018164040e-01 4.126460237039035750e-01 7.925941842114079261e-01 -7.357137680382395128e-01 -6.791404095166559962e-01 -6.623291560285209378e-01
3.130850290917830403e-01 -2.702555277887856988e-01 -1.689836509485234117e-01 2.849084365519714002e-01 -9.233385544212051599e-01 2.645798606263465302e-01 -6.414760633656777511e-01 -5.978139089129568262e-01
-4.504943973349218034e-02 5.575284437457939113e-02 9.673560171430088950e-01 -2.857531909319959151e-01 7.892253674265377050e-01 -1.661421559736921960e-01 -1.942177903884010348e-01 7.995452684708808100e-01
5.179332271672301147e-01 -7.361274153836356859e-01 -1.203495103529756971e-01 -4.594223819802010222e-01 -1.166187724491551947e-02 -4.823357611147631729e-01 3.115606492992557541e-01 -1.798230547624830589e-01
5.035636526741174013e-01 1.338638160075016348e-01 -9.047979011412370376e-01 2.785679834730370175e-02 -8.470253778323775240e-01 -7.914207050529791232e-01 -3.460698429345907545e-01 6.648016671763239405e-01
4.731338533550266678e-01 3.740653821305404136e-01 -5.233501204189772160e-01 8.671004968601225826e-02 -3.644521537923637311e-01 -4.806961415351294065e-01 -1.292516382306485578e-01 -5.514565561651485481e-01
6.062448754383208405e-01 1.069659519684603044e+00 1.028883544183721188e+00 1.397553820098306421e+00 1.399174362587188192e+00 1.297205766583338749e+00 1.434659417818560545e+00 1.150826382786214186e+00
