9.287821004839960093e-01 -2.806695068400113513e-01 -7.685149259310011249e-01 -6.152375075700302620e-01 -9.345226965619377602e-01 6.512207239124225833e-01 -4.069054628679900087e-01 -9.341315466821731306e-02
-3.736519591543880914e-01 5.867096130581272995e-01 4.841765044957844211e-01 3.817577332504868970e-01 9.877313838486305730e-01 6.013751232007402692e-02 -7.714895875436058592e-01 9.704574736646827127e-01
-3.668136520797065092e-01 -7.390290197118343229e-02 5.509678345394721788e-01 -7.868915058793293227e-01 7.807819291074522550e-01 4.809498326278944802e-01 -9.184662807411911878e-01 -5.854335398976333593e-01
-8.774207738025554537e-01 -3.262420721650760580e-01 1.967142858558255103e-01 -9.624495038961513593e-01 6.628751461313950877e-01 -6.859954331258903970e-01 5.014987898532319299e-02 -7.550113279052790283e-01
7.807522078042703484e-01 5.708451899247024564e-01 6.393866804345611499e-01 -6.397088849387528864e-01 6.329130642993212597e-01 -8.562429163677309774e-02 -1.743240208891045917e-01 -2.059283609471751486e-01
8.450742962784307810e-01 8.814218075631741200e-02 -2.647519993801585869e-01 -8.527996857998731972e-01 6.482562464630206023e-01 -6.403190570736441156e-01 5.609524187472190171e-01 -3.447807683992349936e-01
9.559317632241026708e-02 -8.624194346404447931e-01 5.631791008382629471e-01 -4.686518298618989053e-01 -1.677178405355415070e-01 4.817742831122955316e-01 -8.250109980779551933e-02 2.101849445859540477e-01
8.990912327413655980e-01 2.383348523204524838e-01 -5.901061390487920555e-01 2.975325840023346213e-01 4.260567134601609407e-01 8.001935064715930412e-01 -9.975176642994501020e-01 8.169734681079354743e-01
2.151030404067519886e-01 -7.366486810870991331e-01 4.779865966841616576e-01 -9.097697959388788558e-01 -1.816843262513190282e-01 3.788757659002299771e-01 -1.231283469660342522e-01 -1.209819199009547486e-01
1.228063593066026638e+00 9.033771654227775727e-01 8.891264675545620388e-01 7.198301127111185194e-01 1.375060553107477546e+00 1.332095019048621820e+00 1.291801793041097879e+00 1.144888685786816573e+00
