-7.832485396683341872e-01 4.050510114833019149e-01 1.498431545680922738e-02 3.356503346138084432e-01 -2.245349897117605575e-01 -3.667817793792993442e-03 -7.135540450657209544e-01 4.213868150156796499e-01
5.869377802021664703e-01 -1.516824199489672509e-01 -5.436059453254735718e-01 4.871753763002062421e-01 -3.383732745794869601e-01 -4.046401600726567960e-01 -2.039432987195333169e-02 7.618285000039399790e-01
-5.448156518392057723e-01 4.273643187557749634e-01 5.717185234859623044e-02 1.426680729101525991e-02 -3.811783942367121814e-01 -5.096454735141138226e-01 -1.735496808971608296e-01 7.190854664820789388e-02
-6.541736217084055394e-01 -1.928675228117175955e-01 9.169982283270765588e-01 -6.649021359894846661e-01 7.802730346666564287e-03 4.101409054002749244e-01 6.698498896011724213e-01 -6.130734308159719870e-01
-7.977536909288693856e-01 9.181028769129040423e-01 1.723400753799861906e-01 8.029641694281528519e-01 5.790668324487682206e-01 -1.939775382226109901e-01 -7.349040564040554280e-02 -5.952636306279310840e-01
3.634252765417762543e-01 1.572687361644009574e-01 -3.686760583759494114e-01 -5.123699972526536417e-01 -7.934363944822881987e-01 1.540407991940071497e-01 -6.316652062933167944e-01 -3.311066781198881426e-01
-7.162135431662659535e-01 -1.942946210891145498e-01 1.203950746690454210e-01 -7.737653860354540836e-01 9.887547493852002489e-01 -5.799058279989022235e-01 -4.445751691405532835e-01 -7.704530503296949107e-01
-1.207506048368185425e-01 7.689716001377289167e-01 -6.908603261059176326e-02 -6.175552753331088329e-01 9.185000951271020675e-01 -8.358902111944401803e-01 2.736390210393040423e-01 -4.675371798258127765e-01
-8.583751538333701525e-01 5.546674137312916919e-01 -7.808475477647431884e-01 9.272997884460463247e-01 2.837813318124635664e-01 -5.539651714955255990e-01 2.475144730509237778e-01 -5.748558802037826432e-01
9.595116282181299638e-01 1.011565166548168193e+00 8.996469531493594962e-01 1.442554335795398934e+00 1.072548489945236438e+00 5.386907550681979684e-01 1.256212632996141609e+00 1.095513855676277792e+00
