9.216337178496416538e-01 3.766270855861193478e-01 -3.129533498016892068e-01 4.258229802060862212e-01 3.234052572885093291e-01 -1.713418832993613972e-01 -2.076886925831109565e-01 8.867741404495701474e-01
-4.493669653559226873e-01 2.446807139403397446e-01 -6.936741622562192511e-01 -2.150418625975496489e-01 -4.799483345836041970e-01 8.787387849357004566e-01 -4.345584862980313989e-01 6.204641814463769389e-01
4.199384056041461921e-01 -4.292696948694316728e-01 -9.118852856663473005e-01 -9.093575952853649724e-03 7.336303367293570687e-01 7.791020093428471238e-01 7.735445819680892843e-01 -7.062800092552334874e-03
-1.569921045588500430e-01 -6.074010178364017687e-01 7.584361178301486373e-01 5.532634375720240083e-01 -9.586194302488753038e-01 -2.857980488102349614e-01 1.947317369987677793e-01 -6.200796582698837600e-01
-4.265335526979963099e-02 7.878264687212999107e-02 -8.386575107813551977e-01 -5.631381157686055072e-01 5.437423607520543989e-01 3.980108985146795231e-01 4.491609318333980028e-01 -3.630471725490505008e-01
5.796884368855925729e-02 7.841951709210059906e-01 -6.901339547075651115e-01 -4.759769314082475944e-01 -4.039001456849988791e-02 5.786080073759984899e-01 -5.301372575795186837e-01 -7.487528351321832698e-01
9.142745525728561695e-01 -8.960693393714052046e-01 2.614406321476048234e-02 -5.485152172025615780e-01 -4.230288369301860030e-01 -3.426370380715690889e-01 -1.563167829404670250e-01 4.307344929672103362e-01
1.734559545748832754e-01 -5.875058394766097258e-02 2.351875536251819554e-01 -5.849555826927756996e-01 -4.633283456167873737e-01 6.980039752889530824e-01 -9.030619116620590692e-01 2.235953840454232289e-01
1.972427190210765957e-01 3.684665685722734452e-01 -6.724232922041333271e-01 7.074155183920740608e-01 4.694566879485639888e-02 -8.927633178232707856e-01 -6.761678597766414001e-01 4.081476904439549358e-01
1.223683802391566156e+00 1.265230572446755408e+00 1.069732172479622268e+00 5.945285635522362666e-01 7.666369579548570901e-01 1.430401304300465082e+00 8.435261147135579840e-01 6.398334263263850685e-01
