6.965287859289215344e-01 3.351439070017041555e-01 -9.915347382935202347e-03 6.482449842213444668e-01 1.426985583194044782e-01 9.075044253706461284e-01 -2.246287947073863922e-01 -7.922564063075818730e-01
-2.978408806908645623e-01 -8.959807410013307383e-01 2.147217995455243944e-01 -3.241119047829545963e-01 -8.259494816042254328e-01 2.798904724610840056e-01 5.784601628435868115e-01 1.860085356389333811e-01
-5.977663198438141201e-01 6.202073021782090745e-01 4.445376181223070766e-02 5.539664278183762391e-01 6.496472404958273383e-01 -6.835095682035416953e-01 7.177627486188111749e-01 -1.787697163922929988e-01
-7.533514415375888174e-01 2.887594142128036001e-01 -6.842503223681679625e-01 -5.120552092411800871e-03 -5.636431707844757888e-02 -6.483479718112803436e-01 8.715393384976837243e-01 -5.287329620695830901e-01
-1.768217676712404707e-01 -8.620173663423895682e-01 -2.581564245124319257e-01 -2.151191943165338127e-01 5.879054372607031009e-01 7.209929050769861014e-01 7.101032370290849549e-02 -3.026055931238369467e-02
9.758658992878659344e-01 -7.177871659642582891e-01 -1.923182121625011121e-01 2.982206229002426490e-02 1.649351974094643847e-01 3.017165253031166561e-01 9.324399674699019869e-01 5.932495394131105382e-01
-5.760734414881367726e-01 5.578166769384962365e-02 -8.218506811754453523e-01 -5.694923399188334123e-02 1.199907863633118410e-01 2.159907414627573186e-01 -9.594362084474161723e-01 -2.150881066977814449e-01
-7.153386973646347347e-01 -7.859642925428285132e-01 -5.176841429927738769e-01 5.279839031906918834e-02 9.777997793619221945e-01 7.771049910987932741e-01 9.554731672631082695e-01 9.292855869830773941e-01
-4.457595510004042083e-02 -6.033389589929534225e-01 8.874739813185597015e-01 -2.188867300333479093e-01 5.313695275101455451e-01 -7.236827601132747034e-01 8.427265276283606443e-01 -8.376814538588495118e-02
1.046657556502304409e+00 1.483491684904626684e+00 5.942291422400122203e-01 1.290134230496060352e+00 1.498893241148934852e+00 1.294076503613291518e+00 1.031754555122722294e+00 1.113482760379704839e+00
