-9.281670709588831780e-01 -7.639066474642721705e-01 3.142851397935126911e-01 -3.594847036819805997e-01 -3.384073495183852476e-01 2.778898481189722158e-01 -7.698533126242481650e-01 6.846086567228122366e-01
8.842445961776184138e-01 -8.892647942558036256e-01 -9.230257426614001393e-01 -7.821518711635717658e-01 9.663804193129368336e-01 4.752353333811412117e-01 6.470575673547032114e-01 -5.732154922816774523e-01
-4.023841624376862658e-01 5.329534308431682632e-01 -7.109282359635098469e-01 1.628685567907117715e-01 4.080621747370980490e-01 6.487217492228380955e-01 -9.304601972371044916e-01 7.104511490007359154e-01
-4.745131228496040077e-01 -6.180352207168215983e-01 -5.368351907907815690e-01 -5.643050839720902268e-01 2.119322710888387196e-01 6.480403781238615046e-01 7.474612511207534560e-02 7.281137556325807392e-01
-2.794505147303438797e-01 -8.321827572627999992e-01 -9.625393684967931129e-01 -7.512199353572626137e-01 7.881900852882428588e-02 1.539907929966315425e-01 -3.261807785042127872e-01 -4.485610607825343266e-01
-5.160641487306225628e-01 -8.937585565061523241e-01 9.137409655651438367e-01 8.111324431085418230e-01 5.243559198716880587e-01 2.166954881186622384e-01 2.267337070806767496e-01 -9.303944150534193547e-02
-5.721143312116416801e-02 5.181498179341970101e-02 4.863743635128177090e-01 6.999993072209165224e-01 6.513088997969664895e-01 -6.364866349495807984e-01 -3.351248178005425959e-01 8.712161059701513111e-01
-7.216056464902851353e-01 9.466717013895658006e-01 -5.421170399301011855e-03 -7.942141827761566297e-01 -4.851176123506628635e-01 3.451900370370293292e-01 -6.517822413658029834e-01 -5.561006074878815930e-02
-5.927985685540599903e-01 -9.972767773252817491e-01 7.906196165468017956e-01 1.689263551161204191e-01 7.558493754251967012e-01 -2.359061508445636779e-01 -2.283840872454860893e-01 9.743998266313238510e-01
6.374902574488992002e-01 6.890745965514538662e-01 1.107878045404783407e+00 6.965302854898178797e-01 1.464234709550894742e+00 9.650917802666328926e-01 1.184589965267168310e+00 1.077912933524256989e+00
