-9.942544437904552446e-01 -6.365754652276207626e-01 2.032216492070255676e-01 4.487247606866802130e-01 8.736243485998795855e-02 -7.004043552007832574e-01 -6.715204324618095910e-02 -7.593812801974815230e-01
-1.672675230550937364e-01 -4.423342512989862918e-01 -9.216964596638523854e-01 -2.650934731243852482e-01 -7.391656382413054338e-01 6.667403004212055784e-01 -3.235289385574011689e-01 -6.601737134749476876e-01
-4.254452366354382065e-01 -6.488650839786325175e-01 -6.180354484124996883e-01 -8.358621572040929593e-01 9.736088297673501923e-01 -4.717692114232059364e-01 -7.048033031157430184e-01 -6.788994257119393971e-01
-7.644165656125085917e-01 -3.454886079322749826e-01 7.965024339620889737e-01 -2.551831630062211254e-01 6.048542939780521266e-01 -6.822854476062385487e-01 6.572590395467980962e-01 -7.828126699230120167e-01
-1.122455944244762360e-01 7.973479736232971238e-01 -4.176172575887511229e-01 8.376255821030464954e-01 4.418068793111968873e-01 -2.844623501326550841e-01 5.944381776012812590e-01 9.001043287532821680e-01
5.725785655498618620e-01 3.808555121470731386e-01 3.518608402819678460e-02 -3.024685594035696479e-01 8.216741735311994255e-01 -1.274836941422909931e-01 -2.958770521619109584e-01 -5.880360057742921587e-01
-1.467291366633505234e-02 -6.081247195496162217e-01 -4.646141006544348695e-01 -4.032222240177556483e-01 -2.363469195098453213e-01 6.474291213520086963e-01 -1.862960705456317978e-01 -4.462860544057871692e-01
-8.740180094774854247e-01 4.694781431997312460e-01 -4.641992941241730453e-01 8.545665151875818655e-01 -3.461174264047095495e-01 3.960754556671575166e-02 -7.206850532372737206e-01 -7.260485063425388130e-01
3.062610947990904720e-01 5.940698307326672811e-01 3.483080531715123662e-01 7.034722385987215443e-01 -8.864980663639447922e-01 -2.989837515748194896e-02 -1.111444454645422741e-01 9.543445141955388955e-01
6.302481602543198447e-01 1.280813697782226646e+00 1.445615713089024368e+00 8.976891019615524936e-01 1.141052984083249733e+00 1.355071861876671058e+00 8.713498588856840588e-01 6.089743678631898138e-01
