-9.311412471173257099e-01 -5.929466178348814509e-01 8.812095945869444780e-01 4.260935347579877241e-01 -2.532077054253776272e-01 2.915481107889654755e-01 4.909319201553099532e-01 7.565727734842784269e-01
-2.042002311052621977e-01 -8.346812420192180060e-01 -5.391379920219276922e-01 8.401735437993673727e-02 -2.059201573598421486e-01 -6.032639225343634504e-01 -3.947754309737949718e-02 -8.496150326456282098e-01
-6.866301681759421349e-01 -9.380855972799821973e-01 6.640288673562666499e-01 -2.866751792041521973e-02 4.982079225393951649e-01 -4.038317956190540237e-01 -7.597002990106436204e-01 4.212160330250442897e-01
9.465403027929883972e-01 -3.205366237539706287e-01 5.904714091036393775e-01 -4.868300185637717270e-01 4.063515811724907056e-01 9.319184638079767158e-01 -8.295936576962865683e-01 4.032340751652352395e-02
4.161989589178440863e-01 -3.688916898739780237e-02 -6.962722105146625928e-01 7.201411404801532079e-01 2.633308025357237181e-01 4.282686452407187261e-01 -2.024935717847600181e-01 -1.999606491114931384e-01
6.512595423999478772e-01 -9.643120937899203327e-01 8.503092476680733647e-01 7.123543483078635941e-01 1.132754281085108783e-01 5.500320110287142406e-01 -1.316226651288134875e-01 1.754731405723131132e-02
-5.400332539996346437e-01 7.238312389041232642e-01 -1.914685440828558516e-01 -3.623288198354859269e-01 -3.112081071308792080e-01 -8.921218444940950398e-01 -6.252588165764803030e-01 -4.455598190120244606e-01
-3.743703407302323427e-02 -9.336755700435976912e-01 -8.819111569954793950e-01 -8.435397814274872008e-01 6.803748356298804367e-01 1.951856605452733096e-01 -7.935572485122335262e-01 5.675169972228211179e-01
-8.110769842772047600e-01 -9.513382734075674918e-01 -8.976461248855873709e-01 -1.109517449024477465e-01 8.824940633255582423e-01 5.144478667846952291e-01 1.314813374641814470e-01 4.523634516640362424e-01
7.852516399226824317e-01 1.031476740033017148e+00 5.540604807141432664e-01 9.780420500541526785e-01 1.499395856720871167e+00 1.136074876056026195e+00 1.397248754480162170e+00 9.714832548809533286e-01
