-7.862083951841867258e-01 -8.380275355402111437e-02 -3.673335103778683219e-01 -4.343236969854316065e-01 -8.456144174858246654e-01 -5.108480699060558017e-02 -1.647299086434914628e-01 -3.248083680337279233e-01
2.416945748815646500e-01 -4.049311418662238093e-01 -2.100801630051662983e-03 -2.283102951456259522e-01 -4.808617568527611130e-01 -3.940623455162222122e-01 9.161915256277366471e-01 6.714342640859853883e-01
-3.529533718529451747e-01 6.577953279299850742e-01 -2.294828037214124983e-02 -8.119086315086090355e-01 3.539887132864683039e-01 8.159165757744657466e-01 7.140921278663836524e-01 -9.441441274015778262e-01
6.164659702617174553e-01 2.976491474182627606e-01 2.264866020419848969e-01 -1.785007159190274972e-01 -7.785998609677613480e-01 8.931848227453571543e-01 1.278043952298819619e-01 2.985559157491990412e-01
3.963015913925438394e-01 -9.787495639824284055e-02 -4.444776380384329872e-01 1.694263326207536835e-01 7.973693772232950394e-01 8.572838674042562168e-01 5.778165079351063049e-01 -1.112035009677747599e-01
6.991344108521613254e-01 -6.863050170124933569e-01 -1.144950835228863983e-01 -3.883755351181243931e-01 -7.634467471880692635e-01 3.711887393796651224e-01 2.071297323196978901e-01 -5.409003873103663818e-01
3.884964702541875425e-01 -3.506972018052469942e-01 -3.953583743870219269e-01 7.382042625737739172e-02 -1.113531952134245717e-01 3.682901426614304530e-01 9.531811562873506727e-01 4.012514223342582564e-01
2.115191627634740446e-01 3.770299798780802902e-01 -9.938183761785832626e-01 9.672333435866820039e-03 -9.091208221939068856e-01 -8.843620332705379727e-01 -5.545429468227518477e-01 -4.148670835024237391e-03
8.381967959141747304e-01 1.779685478314361191e-01 -2.203749045884375590e-01 8.096663370332279897e-02 9.114516241918799722e-01 -5.871514993031194951e-01 -7.173528410331992955e-01 5.444307731380271242e-01
1.267481798560827766e+00 1.354305068388593103e+00 6.861914138134374008e-01 9.057983026244763591e-01 7.785562184898541238e-01 1.233823707437172068e+00 7.248704938439634038e-01 6.171736033760053530e-01
