-8.305956255447430880e-01 -8.626186545554863638e-01 5.462709907619551775e-01 4.927108695093695978e-01 4.335909418766892287e-02 -9.340749009990236829e-01 -6.627719150392505920e-01 -4.793962285451918159e-01
-9.756896801434424837e-01 4.908103664758500795e-01 -7.542238864297376999e-01 5.434898613282992397e-01 6.499820014598283180e-01 -2.392584551020857653e-01 -1.127913412170777896e-02 -9.543166826270126357e-01
7.689313697099042777e-01 6.822975797726216207e-01 1.035529913481343378e-01 7.467439598416933944e-01 6.840733058303571923e-01 -5.382262659346779277e-01 -6.701932304122504291e-02 -2.394537880626268489e-01
-3.304032704059784997e-01 -4.201894866355193603e-01 -8.706408640640534990e-01 -5.059658165536389252e-01 -4.046111906254832302e-01 2.346601728496520156e-01 -6.618566282228552922e-01 -7.460043528345219332e-01
6.238736398913340420e-01 6.304112347814458950e-01 3.334606491678475670e-01 -8.517754777650505815e-01 -8.143200309914591095e-01 -8.060216459658986476e-01 -7.520115268653038143e-02 -4.359630383742367776e-01
5.614901794250595213e-01 5.322721779158694488e-01 8.527734830036335367e-01 -8.566805703383371107e-01 -3.037904886860987030e-01 4.718919831532180087e-01 -7.406434930287228990e-01 4.530449815006225567e-01
-1.756111471593828632e-01 4.520152024833825610e-01 9.259487246870985455e-01 -4.763131558985378433e-01 1.371724407650170008e-01 -7.514652741041851769e-01 6.270560482974232297e-01 -3.189363142572714249e-01
8.006385977437346924e-02 -1.844639440766842053e-01 8.986172477340530484e-01 -3.613582647460336084e-01 -1.135208179775306636e-01 9.956744267679036309e-01 4.206620884425160689e-01 2.666858202506738884e-01
-4.629641721595101345e-02 8.305808919802371015e-02 4.697689054080025350e-01 -1.170781250888888181e-01 -1.067565781635837485e-01 -5.730831983776230043e-01 -6.555310241194485243e-01 3.734928247773341425e-01
5.444747818582552634e-01 1.202609976705298456e+00 1.486748756279053563e+00 1.132047129607395508e+00 1.472925626538846178e+00 9.262654487106493084e-01 6.012544156957213559e-01 5.776854666347898126e-01
