3.375030710547672896e-01 2.124783819767028792e-01 9.908777722155552858e-01 -3.870501738730842689e-01 4.615083868792981825e-01 5.215044979681684456e-01 -4.703536811599620115e-01 4.398597388080878190e-01
8.833136579530416199e-01 -1.483550244089704151e-02 -1.501061378652921441e-01 4.752630187737363343e-01 8.971146239753968743e-02 9.110559822977624123e-01 9.788694852834116666e-01 -8.383099168538077350e-03
-1.863030623191268553e-01 5.036945996863662067e-01 -9.096111485137041708e-01 6.539445007323192449e-01 -9.120118986512921744e-01 -6.393764110974287096e-01 -6.909526651781399131e-01 3.487263233171780108e-01
-4.284330792039725555e-01 1.408210169060966077e-01 1.657655867365710467e-01 -7.308458014787329038e-01 9.625461797708945166e-01 -2.258416698625256291e-01 -3.551490898112419359e-02 -7.035282714926487380e-01
7.713067647802467341e-01 5.985053097001591382e-03 -1.377398057370153861e-01 4.035612499764886785e-01 -9.212682123971049908e-01 4.030543999412392608e-01 2.183057805433641363e-01 5.716518728619706113e-01
1.931445071891344512e-01 -3.890537971138878781e-01 -7.308852722927017265e-01 -6.243029864772209336e-03 -7.313504527237872921e-01 -1.002793364824516864e-02 5.836067433512643898e-01 -8.598601235941012444e-01
-8.638369654705202461e-01 -9.241582967559553996e-01 2.081644589102242815e-01 -3.972425278990698860e-01 1.785787341511158033e-02 2.316374801081260149e-01 -6.104581037364293916e-01 1.203450232616176674e-01
1.528959521108588238e-01 -5.547224062421540758e-02 -5.806518402191682693e-01 4.139262578138660498e-01 7.836325598915481194e-01 -4.000328425476507022e-02 -8.830383880625103377e-01 7.502542965292886556e-01
-8.488526320251654766e-04 -9.665618656791554741e-01 -8.038098910526816354e-01 -1.172038874840310996e-01 6.032264827399129725e-01 -6.247343468421298063e-01 7.273774424980725684e-01 -2.699459139032132082e-01
8.320638131485696976e-01 6.857018315844306544e-01 6.741416951720982098e-01 1.329890433897179314e+00 1.299466979584474657e+00 8.580898410837386470e-01 9.944934895603884106e-01 1.137846421831729238e+00
