-3.471646999176032367e-01 1.948451797500256877e-01 -8.046405500175330960e-01 5.597580272890347874e-01 -7.067976048165232061e-01 -9.884442513116211693e-01 -1.296395860695989111e-01 -5.316715498866100287e-01
7.557645133121759784e-01 5.562719300166312220e-01 -9.158672325724781516e-01 -2.652394081161186801e-01 -7.366810392950042807e-01 -2.691801378695763969e-01 -2.060055554056337002e-01 -2.003498679431245932e-01
-7.414016533770118045e-01 -6.970261433257145534e-01 -7.320909115747122886e-01 1.657253054306428997e-01 1.024495015453781299e-01 5.292282307012134979e-01 6.815897456410215938e-01 4.962674406609488553e-01
1.774580818563125106e-01 6.366194868616752434e-01 1.829392012192716521e-01 1.303874860734206553e-01 8.112144248516546252e-01 6.043743538617902811e-01 5.535519337873413548e-01 -5.294579153681056027e-01
3.200481285961020994e-01 -1.286721650263311645e-01 7.034248525796136242e-01 1.422024567363888714e-01 -7.384057820490912416e-01 7.979052946164235660e-01 -5.377613108983976264e-01 1.728706413514549123e-01
2.394452653088465777e-01 6.928379490071672198e-01 6.960830554852948104e-01 -1.860662389081582102e-01 -5.314320377702157483e-01 -5.381854057234036759e-02 8.811398679690527480e-01 8.678005880203620848e-03
4.088905470835082490e-01 2.960960448466365413e-02 -6.486170656509375743e-01 -9.158773145838252638e-01 -7.111294130560363858e-01 9.165934924320564559e-01 8.963381023633287814e-01 -3.470638559736809459e-01
6.404712342269469616e-03 -6.426263382506873789e-01 7.420505645604684730e-01 -6.727123704786528435e-01 -8.602904677870664152e-01 9.805501643721656890e-01 9.768833919924109210e-01 -8.637306004797284942e-04
-8.784268869680467162e-02 4.071326222130025041e-01 -8.967820017036598479e-01 7.766347148588410576e-01 9.197357848795888469e-01 -6.908176082668402440e-01 3.624661585642763306e-02 -2.981634422698218323e-01
7.492846643511869020e-01 6.974458488594563743e-01 1.229041719396810617e+00 5.654956941614108779e-01 6.851117064487195485e-01 1.188942290907792909e+00 5.195382898867421106e-01 1.112035654312442556e+00
