3.441353595285523426e-02 5.535905548409372212e-01 -3.481624041050832563e-01 -7.512932642739649225e-01 -8.398584667631416867e-01 5.347327202289364756e-01 -4.412505043551897543e-01 -9.519735783190079736e-01
-6.523977242403917742e-01 1.515780260827392922e-01 8.652428098034830040e-01 8.816733250192072546e-01 9.477366869808090399e-02 -8.619656216493476464e-02 -1.520557915825149209e-01 7.873343536480705840e-01
4.343899376836510839e-01 1.888717147459542112e-01 6.061217772020670580e-01 -1.703108696161053093e-01 7.990981162887627054e-01 4.826054552387271102e-03 8.264792459500647226e-02 -9.704502855346877066e-01
7.437359839973805009e-01 7.490745153272730938e-01 -7.209211203828902459e-01 3.665015507917088744e-01 -4.202160887881938311e-01 -5.456958138324556895e-01 9.269632876314310987e-01 1.213664341163696037e-01
6.448322904056862370e-01 -9.753955637237798904e-01 5.640616803368840859e-01 5.424749542395272961e-01 -1.198808368262671564e-01 3.319618187943216281e-01 -5.394816416390235680e-02 4.298488720434896493e-01
-6.469929330476098528e-01 -3.663534009235505096e-01 -3.139558158646884589e-01 -6.911909623196998975e-01 8.562304056902418914e-01 -6.402614293129118561e-01 -8.148758758623284582e-01 1.668836958109221058e-02
1.445032917864408351e-01 -9.494945282979947443e-01 -3.859406356855010767e-01 -4.378982336967913724e-01 5.772373270252486588e-01 -5.046148086290473955e-01 -7.737995428592230329e-01 4.728162089285938841e-01
-8.960330293711082916e-02 -9.243709412112639523e-01 1.258492563191209168e-01 4.753305934046649917e-01 -8.613463174441469139e-01 1.582114520333843810e-01 -9.846011271456767133e-02 -6.343112735957794346e-01
1.142671505522554476e-01 -6.607055525248095584e-01 8.473844848398219831e-01 6.207396057512699628e-01 6.412877651330803896e-01 -1.475993932126558050e-01 -4.732395451865913927e-01 5.456680266465641083e-01
7.275778723469370490e-01 1.177656469478893797e+00 6.126106076037617365e-01 1.459067541980916705e+00 6.469587658647822925e-01 1.290110678391778620e+00 1.187621723581358424e+00 8.511534529121855819e-01
