-1.401088757739112900e-01 -3.784688017325223974e-01 -7.784217051686366240e-01 -5.743963185306408814e-01 7.382104475688815448e-01 -6.776318836397625667e-01 -9.145299476561470353e-01 8.640585530671098802e-01
-9.346617087858408723e-01 1.942664238153724021e-01 -3.861549338728320624e-01 7.219409044136129161e-01 1.555420545993801973e-02 3.130948382147820119e-01 -7.270725814160146072e-01 2.409038281302631201e-01
2.525494790929561084e-01 -4.115089474029769434e-01 -5.842440750575117470e-01 -4.416282959303077238e-01 3.034949062190193114e-01 6.450609324825227198e-01 -6.581934668697260182e-01 -4.521974498568466228e-01
-6.142711431889047446e-05 -4.070250447472705257e-01 -9.836374786766912681e-01 -3.632781522516015382e-01 1.058445938777556883e-01 -7.375230037298878827e-01 3.640838235669614509e-01 1.125128828228598721e-01
-3.535673932134233421e-01 -4.485573410148386841e-01 -8.087184746387414691e-01 9.779355573009709257e-01 8.031200518006018640e-01 2.825582065601224269e-01 -6.411932128374209228e-03 -5.985121750890649572e-01
4.887933417103043077e-01 -8.606092313628102008e-01 4.500641744720355053e-01 -1.566368113778209281e-01 -1.338119872121623644e-02 -6.294988974080872879e-01 -6.207600315049750517e-01 8.450089301866214875e-02
5.973994820538055528e-01 9.829724764413363403e-01 2.315382664769685128e-01 3.606195034320909265e-01 -3.264004756753813297e-02 3.059991897637226455e-01 -2.976973282780699392e-01 -8.604471222015290799e-01
8.602215189453010780e-02 -4.185554785276781598e-01 -2.204012232180641018e-01 -3.589020782665919285e-01 1.801123602258651868e-01 -2.126425823567692497e-01 -3.640131794835890222e-01 6.691483083698737122e-01
3.643431050148666639e-01 3.740636000747989964e-01 3.774292154712239888e-01 -9.453106511336184514e-01 -3.787543214209305731e-01 4.876976514419761877e-02 5.193172260232161719e-01 8.588833036145824273e-01
1.056826703554861524e+00 5.406771331689309568e-01 7.871311678774808307e-01 1.421729428445784205e+00 5.038796335448267882e-01 1.078772472381293035e+00 7.040738940118551614e-01 1.317772643323749548e+00
