4.057990378445541779e-02 2.372534278768925198e-01 -8.113886064709414647e-01 5.069978698113677407e-01 3.220911804561301661e-01 -8.036628254852085096e-01 9.244191665898386923e-01 -1.164910287787090937e-03
7.407088148028992958e-01 -6.908666103503902089e-01 -5.003870727617805159e-01 3.594062441969789745e-01 6.436697065588450339e-01 5.460740157217329749e-01 1.572030909057888781e-01 3.143552076219990887e-02
9.909511515554925154e-01 2.415012893671075744e-01 -2.917591671662391750e-01 2.473268096178486974e-01 4.848518793078659961e-01 7.963121337467009564e-01 -2.916537961191472128e-01 -7.542540843006870777e-01
9.842857737171069044e-01 -2.981125731328055917e-01 1.321172057499087060e-01 -5.660542801605767949e-01 3.882502029712664449e-01 -2.593627647191307783e-01 -2.643746525905275035e-01 1.160392589638337135e-01
2.865975224021515277e-01 7.989186230463551919e-01 4.605898444005620540e-01 -6.979918136476372936e-01 6.560386957943100672e-01 -3.877502719848211488e-01 8.367694033971506684e-01 -6.790981025640161484e-01
5.666280520370159390e-01 9.619971001104425934e-01 -1.468078752996175851e-01 -8.196477270077853206e-01 4.393558807650927989e-01 1.571074778242609327e-01 1.046798611501920107e-01 7.119930160301806144e-01
-2.083193228854174350e-01 1.444195799014389436e-01 -6.587488960448886210e-01 -7.114251971074310177e-01 4.514005959866014273e-01 -2.589815852724219880e-02 8.483876139176327325e-01 -6.496229936766249047e-01
-9.221664668453797287e-01 2.319326576424947106e-01 -7.156271945909002952e-01 -1.744250267458744563e-01 4.430609380360561733e-01 -7.633742418562934340e-01 -7.371796466136728565e-01 3.893442823364927641e-01
4.494837790718864134e-01 -9.894497306794289848e-01 2.503845181771930939e-01 -4.148400694456448878e-01 -4.563764276508062157e-01 4.777418372818604819e-01 -9.933382289383332342e-01 -5.223854502353877383e-01
1.067684398195743345e+00 8.998434097031833279e-01 1.299935287730165090e+00 5.786413896351649822e-01 8.394280458395722011e-01 8.281011034599351506e-01 6.427734790122372477e-01 9.245615581346674494e-01
