4.560968617181813123e-01 -4.841464537997586248e-02 -8.211636605631946750e-01 6.055600813525170434e-01 -3.345591213834648858e-01 4.945569561641161016e-03 7.358562248662992022e-01 -6.730917676643781711e-01
-2.024732233791868286e-01 4.543808082251299396e-04 3.351948603244989666e-01 -7.986632439118277471e-01 -5.229335436165725159e-01 1.095694398128777003e-02 -1.687764198375474312e-01 -7.921684961206230113e-01
-4.289691667200326020e-01 8.132256486602271739e-01 1.556131071096356067e-01 -1.184449087380712307e-02 1.423031435294623837e-01 4.842953215416267998e-01 7.239678204887241009e-01 1.232288057845103424e-01
-7.471465398231329491e-01 8.073479086718378106e-01 -1.571963317049587250e-01 8.145777523211912285e-01 2.355596122908474310e-01 -6.292011555996064320e-01 -1.635685109003701676e-01 7.867912510407630844e-01
7.791324836256774411e-01 4.095981398166537168e-01 -6.689099540526532994e-01 -8.051910151775842905e-01 4.447702046255972430e-01 -7.583094449555816130e-01 -7.809272151739996559e-01 -9.459712766240715442e-01
-1.528143135950925657e-01 -9.190849621266705682e-03 3.922558488997212045e-01 2.034896704962301239e-01 -4.736176550606210345e-01 9.757073556937225778e-01 -5.457497461048843590e-03 -2.431873280467367060e-01
-5.446922169336088082e-01 -9.693104131943157675e-01 -6.984929651878146739e-01 -7.410145418436286935e-01 -2.360214076606315103e-02 8.721352272613913659e-01 -3.722657762283467786e-01 -8.022797850405765097e-01
2.085735168167548448e-01 7.861255967038942583e-01 -8.656031558744281540e-02 -4.638130989437041496e-01 7.239078810291568189e-01 -7.944318868898034847e-01 -7.025959903169083365e-01 5.665463172222484634e-01
-6.297695045526938706e-01 -8.184149051728699664e-01 5.060402012998979071e-01 9.802481856165006224e-01 8.444910961092970680e-01 5.483484448597271133e-01 -8.227557208906857156e-01 -5.702156630830113038e-01
1.272222825020654424e+00 1.275716304103867937e+00 6.036623165846597416e-01 1.486127299665162216e+00 1.449324534903636108e+00 1.483776597643386985e+00 1.496635293244780840e+00 6.442196569222667923e-01
