-2.995282765565736582e-01 7.443667550854058401e-01 -1.656754360071102106e-01 3.118487017871311995e-01 8.667812685279161489e-01 9.541840830298240483e-01 -9.173583169582570918e-01 -7.008660659206780164e-01
3.636377218868425132e-02 7.768674497566501191e-01 1.104562240667479323e-01 -9.565591472930650152e-01 -1.848962025766405226e-01 1.211224566291944083e-01 6.483487143191219992e-01 -4.596771252021283338e-01
7.804748275663697665e-01 -1.447026869093863688e-01 -5.151367287093031599e-01 -8.930515171911956873e-01 8.512273763079996058e-01 -3.048737918042447870e-01 7.703799519878606894e-02 -2.561896839133288584e-01
6.560241998115512452e-01 -1.656599773439393353e-01 -1.939819584566526700e-02 -1.853465714201598669e-01 -7.003761050442676162e-01 -8.076671208124688306e-01 -9.735579737276867096e-01 -1.784077580240208682e-01
-8.484109247782445351e-01 -5.044682112713785305e-01 -5.071654719914693299e-01 -8.261717109773614176e-01 7.543245979429533676e-01 -6.473751129654756742e-01 1.070066922161463374e-01 1.172871561133501661e-01
-9.436825776799553367e-01 -3.520840564988436672e-01 -5.717283275134783516e-01 5.697564126294605291e-01 9.563081514195603816e-03 9.992650396249935785e-01 -1.001282168529649130e-01 3.042428440496744990e-01
-3.917227613272884490e-01 3.394456132496246337e-01 7.015026721507500174e-01 3.119896123334999771e-01 2.978761647553409553e-01 -1.742202629033127170e-01 3.942574291240188433e-01 4.951616876972955161e-01
4.112289129270432220e-01 -8.432437487826216493e-01 -9.735189366450227588e-01 -9.194263733132690408e-01 9.416775232140803809e-01 5.635191800530010564e-01 -9.824302172968750746e-01 3.804232628374251135e-01
7.580634446951033389e-01 -8.186124026416834454e-01 3.218704836236523370e-01 -6.811793484275441291e-01 5.021601037790475175e-01 -8.094431947259574933e-01 7.626284662233431266e-01 -7.462274081521003133e-02
1.484464395014747584e+00 6.556865279362236176e-01 1.480679652755515274e+00 8.920137939276938654e-01 8.390313182121780233e-01 1.427644877112403510e+00 1.040780093458890665e+00 9.847237198919359669e-01
