-9.568735589915886575e-01 1.601216826488394140e-01 -9.470895777175969421e-02 7.442339927407723987e-01 -9.770617037034186048e-01 7.612672402390958659e-01 -5.913811172583516296e-01 2.715518750062091424e-01
4.075942472867031263e-01 -8.385564119353734469e-01 2.539876703594805551e-01 5.612251695598939882e-01 -2.965473271087901708e-01 3.950477056684764676e-01 8.777512201329527031e-01 -6.572345325793949034e-01
6.115134455359363397e-01 3.582036663656240627e-02 -3.951061573118526127e-01 5.504919254034021936e-01 -7.366473658287944204e-01 8.386815697138665371e-01 -7.105256497342327116e-01 9.421999366066626802e-01
7.201765127752175477e-01 -7.216330443818874674e-01 -2.104742587358352512e-01 2.005758720438548526e-01 9.866224496009197154e-01 6.731457228995825215e-01 9.432007302331697485e-01 2.243640539692377533e-01
2.838956182791412264e-01 6.585818150773681268e-02 1.548726825922419614e-02 -3.552266082271939851e-01 -5.577843328167315651e-01 -5.090408984201073572e-01 1.172283620036504992e-01 -3.198291250342755188e-01
7.269550219005780356e-01 4.610568588261612089e-01 2.700840856850783567e-02 5.095027773423603801e-01 1.074842855839031053e-02 7.267211472884858026e-01 9.932534147902962740e-01 -5.456303260253780874e-01
3.843154558719459324e-01 9.081025644701208321e-01 6.125619361471157376e-03 -2.759564198854986827e-01 -2.379434610322974653e-01 6.405848468578358990e-01 -6.250219366161851031e-01 -4.968176094613747651e-01
3.844078401132806633e-01 1.557724112528626748e-01 -3.603675959408632057e-01 7.688259638587147116e-02 3.750253024514713651e-01 -6.491983440229860403e-01 9.633829129061677321e-01 -5.467574952468188254e-01
7.153135062311308801e-01 -2.106163425299567571e-02 2.478026804727653243e-01 -2.203220909558223362e-01 -6.275394853580471555e-01 4.939486988350991759e-01 -6.962312326628548043e-01 3.278019262876967765e-01
8.874441888599933215e-01 5.468623916867483281e-01 6.724495664597275324e-01 1.223781834398973700e+00 8.786458888496262443e-01 1.143172325729980621e+00 9.113064370652581569e-01 7.725155582322212888e-01
