-9.784734684514246883e-01 3.811029727182477789e-01 8.521581427308027035e-01 -2.010197210676052393e-01 2.679620908208217855e-01 3.959889841913435404e-01 -2.867696833876900442e-01 -1.275341169026689148e-01
3.040315936479149883e-01 -3.255042474304992162e-01 9.438444467887452394e-01 5.533593807878856019e-01 -6.081214769798071185e-01 -2.744564210627411516e-01 4.010229379277880923e-01 7.774941463908318084e-01
6.410759610872163172e-01 -5.916220275308643473e-01 1.867067497583558833e-01 -1.499146961102821862e-01 8.444695356738838310e-01 -6.060309293343246750e-01 5.746192622839632058e-01 -2.168274422358364983e-01
-4.933128970111211320e-01 8.004544518071461390e-01 -2.153441435253347080e-01 4.515806089445639770e-02 -6.066819428382947965e-01 -4.724329881478943616e-01 -5.270898125038003812e-01 1.125207845487254943e-01
-8.152353026132783675e-01 -1.620454430777753529e-01 9.616098048776997587e-01 7.573333660311758475e-01 7.357939744840347185e-01 -9.074272689474849329e-02 -7.795993121274440441e-01 4.313826899229953327e-01
-4.872506713617319463e-01 -3.179928282532575867e-01 -4.670344017899938915e-01 8.252555767543385823e-01 -2.225212652407690950e-01 5.044873572898220804e-01 -9.795839558191734575e-01 7.579521523262127136e-01
-3.856778923716115415e-01 -8.621221591677246110e-01 -8.110861141116594286e-01 -9.182020647916906420e-01 1.387047718529219598e-01 1.653924333983083361e-01 -3.288565225596000730e-01 -7.526334507182741440e-01
7.286362524679057540e-01 5.513217081575210177e-01 -7.806280539513608119e-01 2.137426634251589075e-01 -4.129866323023676511e-01 -7.812690919789500033e-01 -8.064558054911969975e-01 5.597417642614987976e-02
-1.884027277616098228e-01 -5.010897996174166202e-01 6.552475474441277203e-01 4.548223899528709424e-01 -3.708687433019601798e-01 6.421078964370749986e-01 -9.498653726095194205e-01 3.355807696864370193e-01
1.140105961460302186e+00 8.953593795127740007e-01 1.340758784862408959e+00 7.005243002944527841e-01 9.307731823579302732e-01 1.458157362833693238e+00 1.002084023287840964e+00 5.265889178557247030e-01
