-9.664031510007997650e-01 -1.782682997610509634e-01 -3.620340733629316965e-01 6.461221394938556628e-01 1.487921358074995037e-01 2.096308163664997171e-01 3.304164434639635939e-01 8.120096157569371975e-01
6.479863146311795052e-01 -9.670625698075443477e-01 -1.143712480027450074e-01 2.420395370034980065e-01 1.594250937432102333e-01 -5.116012145700041813e-01 8.005652329016321733e-01 7.427266785495894030e-01
-1.115895792613561532e-01 3.991015190929814160e-01 -3.542963474383604705e-01 5.744707477500634596e-01 -6.438175968896451273e-01 3.126911574707407215e-01 2.027234186480721956e-01 6.138092859960249115e-01
7.544404325512739096e-01 -3.831774753446715032e-02 5.384819665417825973e-01 7.986756612226759700e-01 2.788738403235946350e-02 3.884805281131307186e-01 8.167898701993747679e-01 2.381782828319820577e-01
7.544859925131846001e-01 7.803390593137571329e-01 -5.689147631660820270e-01 5.265686024932849651e-01 7.370023826287512847e-01 -5.154493469413090612e-01 9.968288040927457683e-01 9.377684011230400518e-01
-8.797545941888262888e-02 -4.949980360029140325e-01 4.900441940632507265e-01 3.516185309872084108e-01 -8.894073395357195988e-01 7.798305722826470721e-02 4.556806313545047615e-01 -8.277396464371431506e-01
8.109507407110123633e-01 -3.890005431181249307e-01 -6.884990372661947688e-01 -2.485893394189497840e-01 -6.624110244641565615e-01 3.220755952345131234e-01 2.221643102232913058e-01 -3.185515541063743683e-01
5.116477868065623102e-01 -7.702817135510064972e-02 3.213662501771996638e-02 -1.716918202072235111e-01 -4.452763279706084543e-01 -6.673793043962048532e-01 -8.202697443929822807e-01 -2.246866914517740010e-01
9.985530876546646617e-01 -8.985184219851267695e-01 9.335171037365270763e-01 1.820826963641921648e-01 -4.349916522064734004e-01 8.277644097715819438e-01 -5.120084450660595810e-01 3.201320396899391962e-01
5.013554492580682975e-01 6.139884798513168818e-01 1.087209810503801499e+00 6.218046640345995524e-01 6.670891583681233250e-01 1.452614088769877965e+00 9.852821818901368323e-01 1.236029157338781381e+00
