-8.811193333370208602e-01 6.361893413330290681e-01 -8.037298008816022854e-01 -6.335925172749521384e-01 -8.003062091472228357e-01 3.435247976203275044e-01 -3.703470401206987450e-01 -4.461538236903432875e-01
4.591302351276189686e-01 -6.603505735754764405e-01 9.414180144108810211e-01 -6.129648013989270616e-01 7.565587832134959001e-01 1.183390510999531298e-01 7.681050885662843442e-01 -5.101486899327878355e-02
-2.311650720006159787e-01 -9.798336749786873412e-01 3.777935632068645244e-01 5.622090402228210326e-01 -4.523157158298476421e-01 7.297878626615572628e-01 1.625412388399238850e-02 7.681044650938140261e-01
2.992868611304098092e-01 6.652792315385702704e-01 -2.560155857863204432e-01 -4.673945650368542815e-01 6.198606944990436851e-01 -5.878870313562563066e-01 -6.748764493681624899e-02 9.539455045218601104e-01
-2.154490899405199222e-01 -7.331839962166151192e-01 6.471392952338634874e-01 3.309563027464221818e-01 1.990657236904058713e-02 -4.604884712698746885e-01 7.118632222565712819e-01 2.297065428234770224e-01
6.874211376946770535e-02 1.940057890375084249e-01 4.323065112439381519e-01 5.548904670862648825e-01 -3.598272909478603676e-01 2.230605953240198946e-01 2.246483461252894998e-01 -7.891988569465036019e-01
9.055628306267409222e-01 6.973754914449741271e-01 -9.932079326478437942e-02 5.789449653884954916e-01 -1.704006116746989985e-01 -1.002268335962834822e-01 -8.829002578355142905e-01 9.379548078523558541e-01
-1.711424136504009486e-01 -4.823874093968931742e-01 3.716459287834656955e-01 -8.354923183652127605e-01 -1.354572486246148344e-01 -4.047966164424743329e-01 -5.524601745133692621e-01 8.354704342779302184e-01
1.886319395922870790e-01 6.000808087927989032e-01 1.836237630696320178e-01 2.791255646456125561e-01 -8.531057225761353724e-01 7.115357183874402303e-01 -9.043878801524558586e-01 6.802725576428347853e-01
1.488267940219640817e+00 9.278700707863094532e-01 1.071841651253460093e+00 6.659386929362726137e-01 1.070767704850266178e+00 1.335339035288380050e+00 1.009106618196728977e+00 9.784125227480098275e-01
