-7.462736912460450345e-01 4.775323291297399741e-01 -2.690235563868026425e-02 1.001718216163596242e-01 3.231388813768054646e-02 -9.518602067871910766e-01 -8.482284484168298722e-01 -1.117012137260993132e-01
4.823575933604165034e-01 5.851967091051453185e-01 7.362145865426952263e-01 -8.997538691888118390e-01 -3.307716382140113431e-02 2.999241919460271522e-01 3.697196842956311791e-01 6.944406273953309672e-01
-1.443636570306949807e-01 8.094148500408573366e-01 -8.775712951872527423e-01 -4.268249210802912419e-01 -5.033884612864381047e-01 5.884625099129574544e-01 -4.698691127956697855e-01 6.643839284562034209e-01
-6.182485027903550368e-02 -4.327360965464259746e-01 -7.425216717897278329e-01 9.173829656448468928e-01 2.079675141398074079e-01 -4.095022184117236286e-02 -3.821886002819099293e-01 9.811125743309501157e-01
4.828073706169917489e-01 5.380831314438854207e-01 -3.055516685810477640e-02 6.898010562643221988e-01 5.389292004002910197e-02 7.951207188014828287e-01 -2.127472894803918990e-01 1.428624579618875678e-01
4.517023142940901348e-01 4.717622733292747839e-01 -3.355971300296241022e-01 4.183480520007138992e-01 3.830473063291515157e-01 -8.915467212722760770e-01 9.947285392361182588e-02 -2.483709359573293973e-02
8.821379416244072846e-01 2.485672422272104942e-01 -4.940397624198431537e-01 -4.319190239023882327e-01 7.690729423879398841e-01 -3.369522274361034242e-01 6.307297967687746088e-01 9.554654356425784645e-01
6.493735449687896288e-01 4.137892500079924929e-01 -6.166187011368746695e-01 -2.269838601834928138e-01 2.239293258233316930e-01 -4.198854713107853520e-01 7.871828232697235528e-01 -9.797737626794216226e-01
-8.508904801098315929e-01 5.305721100317859484e-01 -4.163131000644655355e-01 -8.815766190269913594e-01 -4.661712296635733832e-01 5.972643393224175146e-01 7.072358748159062181e-01 -9.045465980791318472e-01
1.116986816025133944e+00 1.161414000050354112e+00 1.098377377490183049e+00 7.343785884226700089e-01 1.265146688984350565e+00 8.425853482502756453e-01 1.128178489823212782e+00 9.648677985354543463e-01
