1.736641473569415783e-01 2.537553107971528554e-01 3.440492847353728845e-01 9.475041486430240134e-01 -9.018464336049440977e-01 -5.819826153756759712e-01 1.201148032645258379e-01 -1.958062843720278501e-01
3.037127944856770068e-01 8.088081175922501309e-01 -7.682990469650514687e-01 -1.986716880787173789e-01 3.226766393398108335e-01 -9.843691034890658109e-01 -3.398047592782480475e-01 -6.075838169180673987e-01
-9.990266799082982985e-01 5.796681656613114075e-01 -1.489097555624967484e-01 4.032321645261043308e-01 -4.831723640430802824e-01 7.000099498204532811e-01 9.699212051179320060e-01 3.913190566844300111e-01
-3.290703528532819000e-01 -4.590610243747648145e-01 -4.082439155840096312e-01 2.294807777242156011e-01 -7.317245010819621864e-01 -9.950136453333437991e-01 -5.754113509731273446e-02 5.857684508257299250e-01
-6.761016310360052906e-01 2.162727235246759694e-01 -6.330518043891359969e-01 5.174696192519614435e-01 -8.683465926343620911e-01 3.942527842729839360e-01 3.042226390353484078e-01 -4.213040507708154525e-01
-3.542045453333995120e-01 -8.426391784512836658e-01 -5.316658538292824421e-01 5.038749682005794206e-01 -8.457141327833495037e-01 -1.285053506076530017e-01 6.700825313544322981e-01 6.562089571794222920e-01
-9.728606214715718181e-02 -9.803161743215556001e-01 4.180765362483087610e-01 -1.850958374420343944e-01 4.038484083158611071e-02 2.094617759177264116e-01 -9.168647205882622941e-01 -2.958072755180403135e-01
-9.235757170365177515e-02 8.331330319950813745e-03 6.016461434989341939e-01 2.280581745712351172e-01 -1.023929232286500124e-01 5.071702324344624646e-01 -6.621747436442606549e-01 -7.664933667252620264e-01
-1.531859329870688402e-01 -2.577639771997541907e-02 5.594475048670304318e-01 -6.569923831045709761e-03 9.414556491614793909e-01 3.050264314194959248e-01 -8.527288488729678484e-02 2.439698338569940006e-02
1.024727935160686831e+00 1.306793560419172717e+00 1.490587841887215603e+00 1.236266518636963241e+00 9.362681507285057769e-01 9.889146456012065656e-01 1.498798652593978042e+00 1.234680139821603184e+00
