-1.501857835722808510e-01 -4.550142712807292433e-01 6.633633564105698710e-01 5.126900808180108182e-01 -6.316395170704820483e-01 3.214518323867685545e-01 9.772250401166306943e-01 6.387383124521248678e-01
9.019428099130462062e-01 -3.032107530619274627e-01 2.728902589788162469e-01 -9.196304438037090634e-01 -4.544569029127361048e-01 5.145784549305749689e-01 9.683845788394367382e-01 9.338880015011277180e-01
7.270547339906496820e-01 7.130568067021145762e-01 3.188767565807022475e-01 -1.695355269712248703e-01 8.625638910471156162e-01 2.483723477070149954e-01 -5.158173286263993962e-01 -4.498346715100089988e-01
7.259768697416875138e-01 -9.922449382579654475e-01 7.575206861091008381e-01 -5.204755373658564999e-01 8.628429334608853640e-01 4.598157141725878194e-01 -6.766256910409365055e-01 1.714829648828544162e-01
9.067062162557015803e-01 4.202493175807009429e-02 -6.095979382682958914e-01 1.556484173332914889e-01 3.291219511702356826e-01 -6.516875161602515565e-01 6.133775697447831909e-01 1.414190545197593352e-01
-7.290016026663630466e-01 -4.346416590667390167e-02 6.393047200406705155e-01 -1.135710697246992140e-01 5.370539614153497787e-01 5.641349001236117822e-01 4.473272724321575300e-01 -6.498654227785700677e-01
-1.237404888192876751e-01 -2.363782274093093605e-01 6.416714509009684431e-01 3.049741637525047455e-01 -8.237674303752375859e-01 -2.553374106072636707e-01 5.743426802311903945e-01 8.918239436168962087e-02
5.025981688716403273e-01 -6.766297105028475922e-01 -4.795460409599601181e-01 3.930184974904384898e-01 -8.965697039459796791e-01 5.715525086703230340e-01 -6.854403036029443896e-02 -4.879459151766525338e-01
2.101203507796083336e-01 7.513845843580919670e-01 6.405751869662617004e-01 7.958489135965709504e-01 6.850569257514216304e-02 -6.790314376849151401e-01 -6.057241291777419878e-01 -5.482167236938089161e-01
1.095820197668921470e+00 9.946153026560518029e-01 5.392580325334175306e-01 7.761018063190913141e-01 1.329537294617284759e+00 1.477861484103014655e+00 7.499875162362176217e-01 7.059230515501534464e-01
