-4.311322107659645297e-01 2.918980335526026870e-01 2.810652034315677117e-01 3.709459302294080274e-01 3.410651421321746479e-01 -1.210960652083543643e-01 -3.187374980947128567e-01 3.156378911215134142e-01
-9.353838559537739350e-01 -3.461046166188783690e-01 6.661819645799171852e-01 9.857443488454438185e-01 -2.505607420151318987e-01 4.699336321434666175e-01 -6.734091959414103545e-01 2.662002099529805488e-01
-2.963855153364216566e-01 5.072071886065407931e-01 -9.842668032610706330e-01 -8.665466519606741524e-01 -4.910577400642175405e-01 8.239832379424361086e-01 -6.684256417308369613e-01 -8.114513999111463427e-01
2.318347885657299212e-01 -2.949865797593953509e-01 2.060816657774302563e-01 -2.090849158684173759e-01 -2.582817935967054446e-01 -3.526424124947189487e-01 4.290757035112071627e-01 5.914306648747789108e-01
8.898219862416230086e-01 -1.801044262508570970e-01 -2.928053985053058472e-01 -7.933584531658821604e-03 -7.856256806843011642e-01 4.008005054370860076e-01 6.014901089090842756e-01 4.774272553549872011e-01
1.862405185335678226e-01 -4.600804665333166898e-01 8.113595113092257893e-01 -4.847764841624868648e-01 -1.549982419660291821e-01 -9.595263570887073712e-01 3.191100753964544179e-01 3.483275361327335951e-01
-5.507118812910278827e-01 -6.233281439504021471e-01 1.239504857618420886e-01 7.861101361728086712e-01 -2.009581237566115952e-01 -6.093128546697688108e-01 4.129459247822495627e-01 -2.033201857418043268e-01
4.518174734312987439e-01 5.187433928936575622e-01 -5.849799102316886046e-01 -6.763713570428451227e-01 4.809377135831767180e-01 4.402528999903958518e-01 7.019813494721560687e-02 -1.089601896739764708e-01
-1.516378631780033182e-01 -5.371112864938485387e-01 9.955503707606654373e-01 6.297485567666989414e-01 -3.779385245712578723e-01 4.352111468907993164e-01 3.560984771627617729e-01 6.869275589896206569e-02
5.726141329281307923e-01 6.175718041505011691e-01 1.124835415181861809e+00 6.693318569700726917e-01 1.102762536502042146e+00 1.337448917453407216e+00 9.943487500429347703e-01 8.925145205558607797e-01
