-1.292586438651690539e-01 1.464062784053505872e-01 7.320209156649422066e-01 7.857462748992192214e-01 -9.707401948518092905e-01 3.561806501858935103e-01 -5.025212798688005744e-01 2.131941002451160916e-01
2.928023675148401228e-01 9.517600550995197750e-01 -9.327396617164267489e-01 -9.008557529729235291e-01 -5.946339665985833633e-02 7.994005569709579095e-01 2.254315939593571905e-01 9.051192184887804082e-01
-4.434049387811753729e-01 8.786294681893369596e-01 -8.597911529275337195e-02 -7.197716983096611454e-01 1.479144502788758420e-01 6.916083837031443693e-01 -4.360368601183401971e-01 -4.813173480307271213e-01
8.287691381152206826e-01 6.302821316588329559e-01 5.098882691031203507e-01 3.523657508061028842e-01 7.509117910140081786e-01 -6.495648898974839547e-01 -7.686575970472300234e-01 3.465655692619804551e-01
-8.083138274451382443e-01 6.835419309628107953e-01 -3.722390998082489855e-01 -8.259145387730568721e-01 1.451882634530665683e-01 5.062093396592013406e-01 7.356365039122310101e-01 6.245795115359624727e-01
3.765041240411410861e-01 8.709987869932585003e-01 -6.995272362585478465e-01 -7.115570257800651888e-02 -2.995815318796921645e-01 4.985905864058239878e-01 6.682286450100476394e-01 -1.249702988428247341e-01
3.092720435246412158e-01 2.894762419556846655e-01 3.950290372188665078e-01 -7.270085743629257635e-01 8.839414540160801526e-01 -2.127180086541859971e-01 8.933285943187629918e-01 7.882196280650495268e-01
-4.844543987934581963e-01 2.165175989418766100e-02 -7.798281149120969147e-01 -2.086068011210362450e-01 -6.461964320866815381e-01 4.401101309227277714e-01 9.240710638402580557e-01 2.653500731186955175e-01
-5.497786324124340762e-01 5.042131391376458716e-02 8.257495995708692416e-01 -3.430757248870244247e-01 -5.104859278886682006e-01 4.487983997826783256e-01 8.017322891773093207e-01 2.881492985104232574e-01
8.315720442660490264e-01 7.904070902422052347e-01 1.395770746026655296e+00 6.497253165308414236e-01 1.418513716782799028e+00 5.989166860955340566e-01 5.962839985567706114e-01 7.078406328571341666e-01
