6.085182087092559922e-01 -3.319327442617330259e-01 -2.833478349692566400e-01 8.657854716258919225e-01 -7.138427503695028431e-01 3.672581166978525768e-01 -3.641271061298190226e-02 3.342283072091984941e-01
2.456892824849123969e-01 5.782543088920657492e-01 -7.020631942227604227e-01 5.030387197292265355e-01 -8.694448544680977164e-02 4.355945026255738650e-01 5.474824784219352036e-01 9.000568377960325162e-01
4.913502022772793243e-01 3.373442212926909267e-01 -5.572926237757389600e-01 -7.353245859720347610e-02 9.139514860305264499e-02 2.544573686369235865e-01 -1.063467343297213041e-01 3.902351762843865313e-01
-7.207010220188772021e-01 -3.700332676702169366e-01 2.578220025401025683e-01 4.512483395714572687e-01 -6.555919508792174000e-02 9.632430890888401542e-01 2.281691969624630723e-01 -5.353784099544234287e-02
4.916197985218200284e-01 -1.187188798011717950e-02 8.092077868174969435e-01 -7.676937474583778176e-02 9.024153012262363660e-01 -4.722598597413225630e-01 2.541444094461307035e-01 1.685097182836596819e-01
8.218568881495844636e-01 -4.004210072364615680e-01 6.428674003036141116e-01 6.303252308635081125e-01 3.371923170705319883e-01 -2.983927902861680526e-01 -1.182219814568881144e-01 2.229987776754671636e-01
-6.531305035558756522e-01 5.419030279170284903e-01 -8.434782302033427825e-01 3.390255054025992365e-01 8.473068223743089877e-01 9.745315347750238555e-01 1.621034521450874788e-01 -8.347556559345812310e-01
-8.558920077720855168e-01 3.109298324921583312e-01 8.286317149521016390e-01 9.079161179915402613e-01 -8.856836938455920905e-01 6.548633100655849582e-01 1.190241615589542334e-01 -2.409289242674228504e-02
-8.778736555937849406e-01 -3.533747281138088780e-01 8.719864208663714589e-01 2.095980232287342204e-02 -4.703845609378485282e-01 -6.308881043135197153e-01 -7.372746025672949344e-03 7.698342739058630091e-01
7.336519306042961208e-01 5.935134688859244889e-01 1.201787534553620418e+00 1.457186275382958307e+00 9.417337708717410383e-01 1.125064789965550816e+00 1.110808882736853409e+00 1.332808066566685490e+00
