2.430849444704432649e-01 4.703456351599517582e-01 -4.853486889826374995e-01 1.443439786008711145e-01 3.201766244751407253e-01 -1.233451077445177901e-01 9.274281730542563995e-01 4.248493550384417894e-01
-2.623137604521574850e-02 9.243229223494602298e-01 8.595554154858628948e-01 5.014855037350036682e-01 -1.958802239383858890e-01 1.777243109035722135e-01 6.224237437507849080e-01 7.947259698595734445e-01
-7.137934302809334497e-02 -3.425262099588333164e-02 1.082007973478793517e-01 -9.221606413759171339e-01 6.120410521288608408e-01 9.930898096594276137e-01 -5.257536901770112348e-01 -3.467249289730258699e-01
-5.048561466534216002e-01 5.213144683570949400e-01 -1.845608936138847245e-01 -1.381045420200288643e-01 -7.854947430812755371e-01 2.321563465060845211e-01 -5.619954608170241173e-01 3.176964313559891284e-01
-8.613054195410654312e-01 8.494770970611633665e-01 -8.384056390911549528e-01 9.294770148122013520e-01 -6.075870409545729434e-01 -3.017846128959036367e-01 -7.913743322276134418e-01 -7.132679915676791715e-01
-1.483707497624231486e-02 1.524733708100658447e-01 2.224447033734764378e-01 6.884173563573625643e-01 -3.293927141772639011e-01 6.162177491528102458e-01 7.030134630863233980e-01 4.153148574397353965e-01
9.632523063563136478e-01 -6.874702537457952900e-01 8.302028002665919892e-01 -8.394223437894254847e-01 -8.179129140988044000e-01 1.726122269189933611e-02 8.917300586620215963e-01 -7.421138167639831362e-01
-4.671829732185257544e-01 -9.920864886252196424e-01 1.808950650057354892e-01 1.973086461732886931e-04 5.984726544605860621e-01 -8.559729846656036756e-01 2.735750019645584175e-01 4.215093632004613955e-01
-5.675413367997175218e-01 -5.938334644811411600e-01 4.905547726498959982e-01 1.545796511252652827e-01 -3.980389013002332277e-01 -2.766514306256278033e-01 5.270933640885400173e-02 9.927006099608164380e-01
1.298189343585004263e+00 1.191594886065435954e+00 1.320612597942893540e+00 7.102417077460528860e-01 1.085557441171040027e+00 1.214162650165070190e+00 7.762671692784204325e-01 6.905899656481228055e-01
