-4.801062549711465621e-02 6.212539134851779998e-01 5.272896535697382259e-01 -6.239353745017306441e-01 4.615162958490450773e-01 3.510379922746809100e-02 -3.347071665747702873e-02 7.643380914791293446e-01
7.361788914353861735e-02 9.347183788756483480e-01 -5.369489241726974615e-01 2.224755305347982937e-01 2.405176076766124549e-01 -5.703727947958203703e-01 4.801834776885165468e-01 5.747754694172988454e-01
-6.023199426966829861e-01 -6.436610308829706639e-01 -1.354101337416868667e-02 -9.658712697694908922e-01 4.538795384877489791e-01 -4.597956912935712293e-01 9.638932849219885579e-01 -3.211291533613109817e-01
-2.756987904763432695e-01 6.136479392366815944e-01 -5.708033294324434959e-01 -3.289911205133984051e-01 9.421582232706091631e-01 9.676925085453063069e-01 5.495144298183460840e-01 -9.929507040903975401e-01
-8.319105489958136257e-01 4.878949275515127582e-01 6.390443648190942127e-01 7.944837152439496730e-01 5.346607542136321278e-01 9.577169995172081229e-01 3.965542068570535594e-01 -8.480479899900663643e-01
7.356487391319515012e-01 6.100913856904908172e-01 -6.876416881688338645e-01 1.481217155067942048e-01 -7.036149272741833993e-01 7.698905747914370767e-01 4.928310533056812215e-01 -5.560177779778523455e-01
2.341829003018927047e-01 4.482011490869231007e-01 -7.254364847179339826e-02 -8.207467377232513517e-01 7.314356705367388578e-01 7.855145114676775897e-02 2.555824075506671900e-01 -6.693370423603277608e-01
-2.203739391465777686e-01 1.711701428911649447e-01 2.588112647455009796e-01 -3.230374877272761402e-01 -5.716293571204573709e-01 7.062712495670933066e-01 2.636429523591807822e-01 -6.048680975435716256e-01
8.269294939757958485e-01 -9.945279153189945376e-02 -5.725680919905118405e-01 -7.174103689628856806e-01 7.503801231716025200e-01 -1.246971979800293173e-01 -9.169406660902488237e-01 7.821996177447692045e-01
1.476938388204090291e+00 1.412038559777313296e+00 9.760773865967993235e-01 1.101169765425551450e+00 1.020305460169656175e+00 8.113436260848766457e-01 9.977413566901546238e-01 7.416863068616542654e-01
