-8.298900094456624910e-01 1.010077533196713784e-01 -6.553609151002792732e-01 -8.049096641147319708e-01 -9.780546246211319072e-02 5.020438548557537572e-01 3.025137822380759012e-01 -6.210985376965039162e-01
5.290109589281162261e-01 -4.728458960298416169e-01 -5.364769550297503464e-01 3.401317485347066238e-01 5.239990711162327841e-01 5.925868610017133165e-01 -5.034975619041581751e-01 8.979187993123287637e-01
-4.113937389386521648e-01 8.550518751860611832e-01 4.242701787212763698e-01 1.595368882149155176e-01 7.349314874082144566e-01 -7.911923868718280239e-01 -5.494079180637865267e-01 4.160750057340822927e-02
2.553168360604287646e-01 -8.619336555640180197e-01 -6.126868168816501647e-01 1.663242814020271521e-01 7.404425569017125675e-01 -4.809778830624056312e-02 6.249250204542571296e-01 -9.815500893776443192e-01
6.461431648442916842e-01 -1.069471966484252246e-01 -2.985203574751382760e-01 9.108090352451498894e-01 -4.717154071137397153e-02 2.847439907077460308e-01 4.837961669924104591e-01 -3.119982539493326712e-02
-3.189389721825734991e-01 -6.828325557423255976e-01 6.614824065589743896e-01 -8.209304851733598696e-01 3.434621252706597794e-01 7.881727662606499152e-01 -7.349635041290711879e-01 -3.972388686090706500e-01
-2.837575149525917162e-01 8.384836066220915374e-01 4.915666415288710844e-01 2.124847889186352035e-01 4.209553064043143333e-01 -7.725626399985519033e-01 9.287702144816474270e-01 -2.351802004312084637e-01
3.167043760420518161e-01 3.357182451344764562e-01 6.470577354423290295e-01 -8.491093465304826449e-01 9.914865831110675209e-01 1.557495313089374278e-02 -1.164851858671631657e-01 1.031552502838983809e-01
4.334049468730796217e-01 3.925354323293805958e-01 -7.503602979765451320e-01 2.193294463088553137e-01 -8.827460695929432166e-01 -6.981946062347810233e-02 -7.756545136639492188e-01 9.846899486675773083e-01
1.434407689053881496e+00 5.805330136526805074e-01 1.219681769944276128e+00 1.241373307227702227e+00 1.098955244309796520e+00 1.081995308625248953e+00 1.234906685485723354e+00 1.364918223144202525e+00
