4.549325612761845328e-01 7.532112486574382704e-01 3.333391477221288035e-01 -3.857254310532829411e-01 4.974458110228279217e-01 9.759774414693733746e-02 5.200866608638756716e-01 -6.937359638095814685e-01
-7.779864718059179562e-01 1.491508727562245173e-01 4.054761082780355963e-02 -7.317433888743418713e-02 3.864004103430835890e-01 6.091154110660483845e-01 9.100659380613476124e-01 2.878919860416859766e-01
-8.653786788908837124e-01 -2.484100564015028212e-01 -3.811170847978377907e-01 -1.246132887911983733e-01 -9.293323610713812855e-01 -7.781889860830837335e-02 -7.196931937752633068e-01 -9.187047728030246496e-01
-7.646013688605519665e-01 -7.142865651754948253e-02 -9.609670388408597663e-01 3.487929508149503199e-01 -9.345858225678671527e-01 4.148766915471091554e-01 -7.475844445650490222e-01 -8.073277847691446851e-01
6.449338249180451843e-01 7.394843288779313628e-01 9.743437957143841199e-01 1.815907094401116861e-01 4.735996352924911612e-01 -9.186151981963184276e-01 -4.416292062239461913e-01 7.924606331956884908e-01
-5.577684278651757754e-01 -2.715195391898521660e-01 1.377457436718445560e-01 4.327005182683483220e-01 4.657509595996645047e-01 5.425601114309459572e-01 1.477240912373021242e-01 -5.544913438056220389e-01
9.260280866761136931e-01 1.859327183130836669e-01 -9.382407382513584526e-01 8.549284763168030210e-02 -6.285744746237973413e-01 -5.101659111101775057e-01 -7.270344259999887981e-01 -9.902996222255948666e-01
9.882064296634629486e-01 8.438262246696677238e-01 5.852422951698572628e-01 -6.022900745127621747e-01 8.378683309363070819e-01 9.556998092955160118e-02 -2.519513952894105735e-01 5.834588392131689893e-02
-6.103411233947835246e-01 3.101440607853478415e-01 5.650974540743587404e-01 9.582892062912449216e-01 -1.635966977404446077e-01 7.760648246499268765e-02 -6.869819829782244369e-01 9.098238285016868598e-01
1.096635368063630045e+00 5.481407522471551941e-01 5.801338124216799397e-01 1.187738956111452637e+00 7.829129688570630741e-01 1.238271138742746746e+00 1.054581374419143902e+00 6.718892132797832373e-01
