6.144773825178562188e-01 6.444352162587483335e-01 3.848014294455670559e-02 -1.170229100714641479e-01 4.926604754202223990e-01 -7.572368255325083730e-01 -8.782263074920613199e-01 6.273760291321612836e-01
-1.502631605370976509e-01 -4.067287547441471585e-01 -3.303381019658808704e-01 6.539635562036028027e-01 -4.360404890971625314e-01 -5.358867129700162213e-01 -4.047596106217414835e-01 -1.639963056528122021e-01
8.646023914987175374e-01 9.096346533446753035e-02 4.212941282688646982e-01 1.803046267070906872e-01 5.554983047558843534e-01 -1.621054844218197122e-01 6.728721168711482292e-03 1.035998446796686512e-01
8.826503990331535654e-01 -3.248541078796320924e-01 -3.169198339658896302e-03 -8.510915098404092660e-01 -2.479472476528861158e-01 -3.279396558615619295e-01 6.924626690446964439e-01 -8.391244177232439760e-01
-2.190680525430581671e-01 -4.455710667317775986e-01 -6.145328413588226901e-01 1.197556889473920805e-01 -3.318228770632158930e-01 -4.409128270053095378e-01 9.407543768855690658e-01 -5.604256308285653354e-01
8.032483631216618125e-01 4.064001734016746692e-01 -3.838174484040619561e-01 2.647098418283615473e-01 8.183368528816086229e-01 9.600400278808531862e-01 4.771118696852805208e-02 1.086213909124442711e-01
6.293543558528476023e-01 4.852588003035580577e-01 -5.736649039209456014e-01 9.926843736767450022e-01 1.848626528193271223e-01 7.797055089993936150e-01 -5.038901998196558818e-01 -2.898708503259255220e-01
9.643441444768863224e-01 -8.264949750159946706e-01 -5.330293924765936442e-01 -4.767742719541723240e-01 -7.929257429809628555e-01 -6.858987171002972616e-02 7.492761566153194330e-01 3.963727527969405084e-01
-4.147048147084819725e-01 6.363744316488089137e-01 -4.782412087671206180e-01 6.448136673147055742e-01 -2.056020278664099088e-01 8.853436590824963481e-01 3.821057848034752347e-01 -2.645915644273053591e-01
1.027965165168394979e+00 1.388412326795107399e+00 8.487397361988531230e-01 7.299975518507052508e-01 7.962881861882054046e-01 7.554376831453121222e-01 1.075317055273730116e+00 1.477407859778645083e+00
