-8.580141504146228115e-01 -5.806801047485055101e-02 4.328035131623289011e-01 -2.590704541224497781e-02 -5.837337458796356682e-01 9.073461665993587388e-01 -7.476123904100084872e-02 3.053568587933064293e-02
-2.881731482668263844e-01 5.295649218159992344e-02 -1.974071060775144382e-01 -8.498844482353122842e-01 8.805491886380685251e-01 2.814570911173730483e-01 6.803295169152165922e-01 -8.452458000661944304e-01
-4.175724335839481327e-01 -5.578684790029349028e-01 -1.127456320064317286e-01 4.155648445048201189e-01 -3.746643240601130742e-01 5.054740681427187798e-01 6.513543353197470687e-02 -4.248665307164032345e-01
3.160631580391199957e-01 -3.986301569558654556e-01 7.013931494139904466e-01 -7.992442085174251698e-01 5.698346110720002855e-01 9.672833647983725136e-02 9.656217808409495174e-01 8.021883710978796600e-01
-8.350378872846844214e-01 8.460945121456704410e-01 6.244529746150013771e-01 -9.057992611805889549e-01 -3.241976012179823563e-01 7.147477398906043611e-01 9.416029719368388395e-01 5.260679282401330426e-01
-1.731045531741126631e-02 2.395516546888765141e-02 -5.394494778687608516e-01 -8.456966229193658702e-01 -7.227371858960400797e-01 -1.413199232316866283e-01 2.833785277074507558e-01 1.479622696826172756e-01
-3.595791085691397715e-01 7.935775911097886492e-02 6.690743956940932158e-01 -4.140199855179684807e-01 -6.843977687975977275e-02 8.529521546008591582e-01 -7.032464581723827379e-01 -8.159959374076770633e-01
-4.808962266586878087e-01 -2.539706326636745892e-01 -7.803198665526218658e-01 4.312467620750788377e-01 6.185804938315035972e-01 -3.979406707373940311e-01 -9.962925416365966402e-01 -1.828786287344523753e-01
-6.558040175812611672e-01 4.821564203056345477e-01 -9.407787411304580072e-01 -5.419764433132967518e-01 9.029023427872724383e-01 8.537970536123291598e-01 9.927516727098570914e-01 -2.052573235399905993e-01
1.336084334497862125e+00 9.331121545665622685e-01 1.147740295136749911e+00 1.040664993137177863e+00 5.746839136715935492e-01 1.103566655815023001e+00 1.352682931855149429e+00 1.032120113478594892e+00
