-3.380924124983337720e-01 3.035647993007408729e-01 4.368310763393212781e-02 3.565680088882827725e-02 -6.613514183178961225e-01 -8.193084241358021824e-01 -2.314915691885390814e-01 5.267046372671146948e-01
-8.249608867981117477e-02 -1.290653553343255044e-01 2.732322991016709057e-01 7.153847643012256619e-01 -4.812982359105508756e-01 2.051605750969520692e-01 8.122486838995885972e-01 2.869495186289294786e-01
-4.813760922012668697e-01 -2.336329000559713709e-01 8.327996714457110983e-01 -2.157113344257481913e-01 -5.057418999695586503e-01 -9.942931783448301086e-01 -6.955646546457010526e-01 -8.665402596705678029e-01
3.580882971410837001e-01 -2.073858248093383150e-01 9.967569216490603790e-01 -2.059835730518821961e-01 8.196783754893894880e-01 -5.678128834617046650e-02 5.071670946776380973e-01 -6.795241015603650236e-01
-7.330932144252251259e-01 6.357846999735858873e-01 -4.733904045041055220e-01 -4.572660218340383054e-01 3.090106896703914696e-01 3.872507730983854035e-01 -4.646871662330886998e-01 -3.601503652849509240e-01
-1.812711306582093229e-01 1.387136787097693613e-01 -1.700106127241229892e-02 -5.124682835557567984e-01 -7.502095038521408021e-01 5.751710667889420314e-02 -2.250109276053091634e-02 -8.051668302321817183e-01
-8.765713394348355614e-01 -9.525713996636755443e-01 -5.471458463671954320e-01 -2.066949306928191898e-01 -9.366649172392946809e-01 2.254000992217548571e-01 5.701863868854102346e-01 -6.332444041382496724e-01
2.151044821232073190e-02 -3.837549731382787765e-01 -4.408460860065557263e-01 -1.198845516050575100e-01 1.355858923274924077e-01 -8.140696059574394905e-01 -4.410801837892641686e-02 2.782136070906437997e-01
2.652607639076165480e-01 -9.760381313674848514e-04 -2.109951710655559864e-01 4.374012787016958725e-01 3.659031016921396873e-01 -8.543409828164751918e-01 1.135282212024941728e-01 3.470002814748973652e-01
8.124251315150446962e-01 1.188181491177951576e+00 9.075493424146202637e-01 7.712322151152195548e-01 1.310750755871540107e+00 1.172579731491244504e+00 1.091823534303236309e+00 6.148457513698196708e-01
