8.222448846117913490e-01 -6.771658134458138356e-01 3.050393324380207272e-01 3.266746325557257080e-02 -8.684444795376755621e-02 -1.527086637565968630e-01 -6.604101990973825220e-01 -9.907203688931143226e-02
3.460061374564882275e-01 -7.507147665328710584e-01 9.791065434300596504e-01 -8.598185027916942502e-01 -3.332530107051803192e-01 9.846177053276281566e-01 -6.279920927411013487e-01 4.921785100255688938e-01
7.425045001154995106e-02 4.428040538309467866e-01 -6.387056263017776292e-01 -1.600466700348954774e-01 6.069194115808780321e-01 2.930862421820537023e-01 -7.395212853355757066e-01 -9.853577543808720307e-01
2.265968239058333555e-01 -2.850583890556090960e-01 3.543682785188155826e-01 9.046849135918832996e-01 2.921186420825940822e-01 2.664839124464564168e-01 3.112611179619106938e-01 5.901570621326224231e-01
1.222291737701359793e-01 3.208750248832279439e-01 -4.661277232350036215e-01 -1.352558272959458741e-01 -2.479769566356644361e-01 -6.464411430214640486e-01 -9.394515908364744483e-01 3.693649371150693472e-01
2.808994266309863264e-01 2.108501664117152785e-01 -5.445111847139709749e-01 -1.825095081537648767e-01 5.953053718418235274e-01 -2.975582027582310829e-01 3.721876581032044218e-01 9.228342122376438361e-01
9.624644165882045854e-04 -9.312179813566154873e-01 -4.724847560777136746e-01 -6.285780203330009197e-01 -8.869656412475570573e-01 -4.261019585670144938e-01 1.495196025135492324e-01 5.841686107136139228e-01
-8.450970593668634123e-01 -3.113776240210430757e-01 4.509982721606919931e-01 -6.636118514857822781e-01 2.725300064336446670e-01 2.584071319421825663e-01 -5.500240522804962229e-01 9.401467806060750387e-01
4.114050815649952231e-01 -1.765425764687966748e-02 -9.359379707965995721e-01 1.462122771653251441e-01 -5.055488597028623410e-02 8.507077754148002491e-01 -4.140667009300500467e-01 -3.696845295882598137e-01
6.191284233619177568e-01 1.116964478184009790e+00 1.425545127526990363e+00 1.006067812302636977e+00 7.286784946122232265e-01 1.402350511897031637e+00 1.230658257763061147e+00 8.582588999523114159e-01
