2.430680879443332110e-01 -2.416509717911938804e-01 6.358071181537574557e-01 -9.581017418114197159e-01 8.515370698351774070e-01 1.964920224960018391e-01 -5.953595546689500750e-01 8.995801178161775269e-01
1.084925468572381924e-01 5.771395551609266317e-01 4.730467092652015371e-01 -3.102634270782711479e-01 -3.351571661285934756e-01 -6.630212470094445365e-01 -7.006131242015709581e-01 4.912502715119502206e-01
-9.846901198332740357e-01 5.989254442146982882e-01 -9.117898598346472205e-01 -6.556379636954741130e-01 4.580597072954164517e-01 9.571705868019655394e-01 4.111190457420921263e-01 -2.031422556836304238e-04
6.182462390291654231e-01 5.019043205629305504e-01 -1.469484504486420207e-01 8.877572255268040280e-02 -8.034886505782481425e-01 -5.203442944101144274e-01 4.739118685273644438e-01 -3.422276784798576887e-01
-8.668433669537076725e-01 7.817718488049678616e-01 4.486550713262733581e-01 8.294690628130911847e-01 2.991116631096979450e-01 -6.103388963423050928e-01 -6.454569799828993037e-01 -7.133736757488726710e-01
7.432062210319192452e-01 6.818277282081286472e-01 -8.414017852813358012e-01 -8.391295446119830803e-01 1.024765902336048917e-01 -3.136184220868962758e-01 7.593829062968695531e-01 5.401007703779190372e-01
-7.272207127309322505e-01 -8.155306595492226585e-01 -1.140948867109536913e-01 9.687471458652407996e-01 -5.379234837174327044e-01 8.166509443452423245e-01 -7.645167952461120464e-01 4.911025852641339728e-01
2.888286053220765481e-01 -9.665869545399456975e-01 7.878689231546833760e-01 -8.783673079849736443e-01 -4.736728294019669772e-01 -9.167951882199132374e-01 -5.214854017437586808e-01 -6.291693897435903793e-01
6.859712697988289420e-01 4.675274189953815274e-02 2.479792837861451993e-01 -8.557534068702155050e-01 2.414848904500703775e-01 4.127044481179995561e-01 -8.854959352264790695e-01 6.330871018796111471e-01
5.506305394028014888e-01 1.104275827217223060e+00 7.392606726785041493e-01 1.322608034104024943e+00 1.065803516336950363e+00 1.306892033731062774e+00 9.147525696880302037e-01 1.028080536793375188e+00
