3.565437489948153349e-01 -1.227510332321548603e-01 -2.631278796443528023e-01 -7.109669952500596857e-02 -2.769523265991702399e-01 3.887704672095382286e-02 1.970394890758961903e-01 4.574897767897359024e-01
-7.631501844765986586e-01 -8.899625208665711273e-01 4.300414827423388875e-01 5.831761103948387426e-01 6.167697570501344817e-01 -8.510463227546656295e-01 -3.552552057774851502e-01 -1.722643600973237099e-01
-8.047419820324304141e-01 5.174956964236301360e-01 -2.595076886841052310e-01 -8.764523993473034569e-01 -5.087148134845140834e-01 4.203216603499568826e-01 -4.951517295410712283e-01 -9.773487797985740411e-01
3.330672555071334529e-02 8.961097204546453199e-02 9.873867539660159398e-01 -1.857036548536126208e-01 9.561389441599492667e-01 -5.070987125593287015e-01 -4.051744897692823866e-01 -5.991909351920876592e-01
7.538196708409894420e-01 7.648939217741861363e-01 -5.171687862947424996e-01 -7.423623651283872693e-01 1.536697122537100668e-01 9.434860828224331808e-01 6.082803285250075742e-01 -6.988855272572827015e-01
-8.035884032733475735e-01 2.734804886552195669e-01 6.285886840775607443e-01 6.701917925095668416e-02 -3.191708656648863940e-01 -6.636973543680135812e-02 8.486365526310934992e-01 -7.138256911163283203e-01
-3.275489700940350524e-01 -5.368450163205606973e-01 -4.507344606752179406e-01 5.255652098620802182e-01 2.793975896273646065e-01 -9.892973730023142398e-01 -6.290199103681644033e-01 -6.861159877695444109e-01
-4.580078162163725430e-01 -7.068005612359153922e-01 6.102340795925265127e-01 8.352228253331268615e-01 9.467333998782820892e-01 -7.494332397461489492e-02 -9.855301408975551958e-01 -6.009646678120454943e-01
-4.840355338821766829e-01 -7.060454712472237215e-01 1.055582180884455656e-01 -9.691476359902317927e-01 -2.928325152848056945e-01 -2.181262887829578112e-01 5.602189843239240297e-01 -5.197013724375951771e-01
1.121815349538776374e+00 1.377382772816974743e+00 6.695299515527319834e-01 1.442879407830541805e+00 1.479270060613270044e+00 1.435166171950663649e+00 7.830654814350195281e-01 5.991986875096400045e-01
