7.662605149175927277e-01 3.213323938264600610e-01 -3.782546908171400268e-01 6.967927969040403902e-01 2.165213290210576957e-04 1.007157907011044795e-01 -2.070880021223895362e-01 -3.210396292454631428e-02
1.470130870562504910e-01 -4.598560090925920552e-01 -3.106582769732977312e-01 -8.001107492108450181e-02 3.978799770119718637e-01 9.637195338963391311e-01 -5.373289314081703960e-01 -5.584454845465518513e-01
5.179903053815122504e-01 -1.648590863145718011e-01 9.584378992974205147e-01 4.849095397529359364e-01 -9.188932220009293772e-01 1.624473518265550087e-01 -3.462900859867605874e-01 -2.590417926662011983e-01
4.329518382343535698e-01 2.727483857028789593e-02 -2.181712161871129929e-01 -4.621460593795032601e-01 -7.991967174598972878e-01 9.630068480717461910e-01 -2.432787506437021907e-01 -6.838184115498078253e-01
4.024163170509580389e-01 7.949773120651679736e-01 8.191132845891522241e-01 7.739292722666313296e-02 1.421961258492343561e-01 -8.303302453159229213e-01 -1.639643571820295076e-01 -6.830313628615287680e-01
2.054695955301331090e-01 -3.437410480918845490e-01 -3.130502048143581906e-01 -4.599952216147304984e-01 -6.746934353561016007e-01 9.514380419111023723e-01 -9.154300437298832360e-01 -4.479806873770306730e-01
-4.449906266005692057e-01 1.154449862184980802e-01 3.598503126534227103e-01 9.469846898588074602e-02 -1.418109587032678753e-01 8.196081926094955783e-01 -8.602406778624072103e-01 -3.202270630244068439e-01
-6.258034506945042708e-02 7.117913188703448579e-01 -7.321439065291217574e-01 -8.752175520766289907e-01 -6.743895394592633874e-01 4.962145836379820985e-01 9.930251421326412586e-01 -6.681018991729481549e-01
-3.745487663880580076e-01 -7.712051204791858794e-01 8.580740135177555850e-01 4.057383541511883074e-01 -6.464258032607823612e-01 -9.496128896223638982e-01 -6.486256237167102867e-01 1.601525849914771094e-01
6.616136911173895463e-01 1.494762020992760565e+00 1.304617120984989276e+00 8.311913181574549503e-01 1.295687776548522629e+00 1.403844127952668774e+00 1.155608586088061163e+00 1.191772313473866030e+00
