7.632943907453411114e-01 -4.514309257199686787e-01 6.591203651130301822e-01 3.856543651998753930e-01 3.281278223445336373e-01 7.397468523472883195e-01 -2.422056446449396550e-01 8.469730180801438024e-03
-8.483296589446567282e-01 -8.287669381859179563e-01 8.318269531848645482e-01 6.534314174052187063e-01 1.967365498471898011e-01 7.183159859079157883e-02 -4.178526336775825190e-01 6.958187957223640474e-01
-6.257787333267408325e-01 -6.615118705987921288e-02 -1.705302867699489688e-01 -8.193637766335812866e-01 9.710309179435798743e-01 -6.888790111222102830e-01 -4.551948598960944281e-01 9.440040206400301948e-01
3.813354882653252620e-01 -4.898899815722450590e-01 -5.928631989701409477e-01 2.542127744915494425e-01 6.227905958630677308e-01 -9.022290094014739914e-02 9.499943099682799375e-01 3.590746896448595571e-01
2.592864270471990640e-01 -4.029578936020692392e-01 -4.155507156070479269e-01 -5.100824564650972004e-01 5.893909220111597236e-01 6.554997743206243399e-01 8.687120942842012639e-01 6.326850542375987985e-01
5.341298338355575659e-01 4.142819731119509186e-01 -3.731772827069910203e-01 1.144983030457344952e-01 -6.224933600025590597e-01 6.007680270147717216e-01 -3.295256356162383771e-01 2.570991595633747018e-01
-5.787911224135020571e-01 2.868899576826531295e-01 6.476902367371530911e-01 -6.703593753658323440e-01 6.382352835720483952e-02 -9.487907151783514514e-01 -5.579701367477811758e-01 7.999659739202040765e-01
5.815276708155132646e-01 8.745300495781733741e-01 5.584692062458063155e-01 -1.469616268546609650e-01 -4.431526040972375569e-01 4.648292184754660994e-01 8.741453961479679347e-01 -3.085920807967772461e-01
-9.676501011217228942e-01 4.894022352516882446e-01 2.768463484612584402e-01 6.552666356131335856e-01 3.346436168886286477e-01 -9.400723477723773591e-01 -8.493726684787774595e-01 -1.217893842009101224e-01
6.812302965778062047e-01 6.939923493275292898e-01 1.273490634229724527e+00 9.315461538764104876e-01 1.494138195763965893e+00 1.107503330974154432e+00 9.908016343087742150e-01 6.918218585759764450e-01
