5.243786386844369041e-01 3.658883850348417788e-01 -6.022019146061976524e-01 2.152446100815250674e-01 -4.016614030933924884e-01 -7.783905696542112729e-01 4.079818074240899595e-01 -9.186027704414716499e-01
-5.332567963767345098e-01 -6.536509214228494180e-01 -7.198764450129719883e-01 -6.725142971185029683e-01 -2.208453331798474473e-01 5.091250777803491001e-01 -1.047507616898020189e-01 -7.712035178447917971e-02
-8.884690904433292236e-01 -8.167446770536515022e-01 5.639808570542845789e-01 1.328599133257200027e-01 9.816537679670205296e-01 1.220831055549973509e-01 -3.495846873079528905e-01 -8.682434320485554746e-01
-1.344235347894711108e-01 -4.208334619375722063e-01 -3.247263500283616988e-01 -8.809708037823600346e-01 8.290122102215748967e-01 8.433479940836547950e-01 7.508879534697898706e-01 -3.942730769706148664e-01
-9.903218135609332951e-01 3.374708190996713597e-01 -5.330112467566092693e-01 -1.699504093737391752e-01 9.498667730306529222e-01 -9.647002618314197697e-01 2.788188798285500258e-01 -3.046365934827788280e-01
-8.869873714491403049e-01 -1.511428124392808492e-01 -9.134296280190186135e-01 7.475257185842272278e-01 6.135635154717042905e-01 7.068505517616407996e-01 4.222820569039731353e-01 5.169080139575843447e-02
3.474095408163242471e-01 -8.872291034015586941e-01 1.235566383274993019e-01 -7.984895855190365932e-01 -5.618474043764039028e-01 -7.968391805825729701e-01 -1.277255401776589139e-03 2.605966188338240119e-01
6.186209914422602374e-02 -3.935671786930616811e-01 9.991884912791348938e-03 2.713042153368949716e-01 3.459376737996899820e-03 8.863067539043338883e-01 6.344038190348531003e-01 -7.314662559849831602e-01
1.803099760392503637e-01 -9.788475108916003808e-01 1.654844373315493833e-01 4.820284232255096502e-01 8.247952352493939099e-01 -3.822489898012573217e-01 9.967885766605479869e-01 -3.952916257057736971e-02
1.474143149714560952e+00 9.598280448694580524e-01 1.404147799325549562e+00 8.125171367392641786e-01 1.023047540821633294e+00 6.968731279264449574e-01 5.313578517571920790e-01 1.032294875037773618e+00
