4.108976822028733711e-01 8.940323066651771899e-01 -2.001402818581705656e-01 4.709749136463585728e-01 6.025864003488736742e-01 7.008213746295066660e-01 8.723861544821276404e-01 7.585227649212531453e-01
3.551043643637008529e-03 -6.974856001236189318e-01 -6.632740752552417351e-01 2.938818171330936924e-01 9.591678244817991583e-04 -6.498451478259044123e-01 7.200748896021511580e-01 3.722323082725127463e-01
-6.360288880302356063e-02 3.687947957007862154e-01 -9.309401844806250992e-01 -1.914652097185347568e-01 -7.267023552150655430e-01 1.972105661914913544e-01 3.879994726696087692e-01 -5.131361702004797465e-01
5.185017272180714176e-01 -8.880722991343092954e-01 -9.226907270050330734e-01 -7.773208690101587326e-01 1.529433412947098780e-01 6.590881697554720198e-01 8.205890023320945303e-01 4.165772701055467930e-01
-3.473789153699287091e-01 -3.580076876847018141e-01 -9.212988298916662266e-01 -2.399463059378159624e-01 4.469399820998098960e-02 7.418482004907001048e-02 4.434512787509883314e-01 2.133697672551713165e-01
-6.545279873448919261e-01 -3.275577030261163092e-01 -9.502533059442259677e-01 -7.319278756483733606e-01 -7.253987812881323993e-01 -6.089699916480568742e-01 9.330771583867583097e-01 -9.084820661239931816e-01
-8.274979210046249367e-01 -3.046681259217938198e-01 8.137898854698890627e-01 -1.379058478387318321e-01 -9.921738771523376244e-01 9.634420025953014388e-01 -9.698713854894882580e-01 2.335479542716314416e-01
4.509181785374321016e-01 -9.838713309395428208e-01 9.041443913535740506e-02 -9.381494220742141454e-01 8.678324891225370763e-01 -1.559722660073010747e-01 -7.036968868123787413e-01 2.869807216489119739e-01
-1.752639003724176803e-01 -7.504472375930009154e-01 -3.178742529156501906e-01 -7.727883998821267753e-01 4.291123910906617933e-01 2.673845191356800655e-01 7.564422747874319786e-01 -2.785962349826982543e-01
1.018358647749288082e+00 1.448392390100712523e+00 9.544431356395925992e-01 8.215098540439697006e-01 6.432214268282164804e-01 1.396843198047463375e+00 9.835639099870439050e-01 1.484949543717913212e+00
