-9.704057940184558362e-01 -9.255837355094329588e-01 4.451425429533264477e-01 5.174443773027574967e-01 7.182703247412913772e-01 7.826011461181812123e-01 9.919018527936960261e-01 -5.588978792540248985e-01
-2.617953690453280746e-01 -8.223330277434535152e-01 7.481069410623371052e-01 -5.560199914476504635e-01 8.746107974539276686e-01 9.519783976462059538e-01 2.069416279434146411e-01 7.162282168540912153e-02
-1.572818716865349575e-01 5.753002075888735689e-01 2.055493794186360468e-01 -9.939916895695277699e-01 2.493216371142730203e-01 7.620108797670046563e-01 -7.761704490103684684e-01 1.959639400944195309e-01
-2.649264761650391709e-01 8.587505100436554351e-01 -1.818453787317380055e-01 1.137216951975046353e-01 4.921951836284612636e-01 8.746470718952252810e-01 1.614827556279958554e-01 5.185515118838934789e-01
6.319209737939377458e-01 -8.792210961794610924e-02 -6.879397587419844307e-02 -4.966260111938034516e-01 5.642247935056772246e-01 1.369068403283466573e-01 4.949470812862699631e-02 -3.913007088427784552e-01
-3.366564391382516064e-01 -9.896002887796964131e-01 9.044567746447726986e-01 8.137873849390688807e-01 -8.548233216890714914e-01 4.614039812865624590e-01 -5.370778201839856436e-01 1.422601450707738913e-01
-9.086253319847721333e-01 -8.353985742410550142e-01 6.338786370832178996e-01 -8.346658201227035168e-01 1.356833248295166161e-01 6.139363362287317827e-01 7.897746212920391251e-01 -8.406509594679589803e-01
8.544179035872054850e-01 7.764262620984840879e-02 -2.530904512339566814e-01 -5.861175255038499898e-01 -4.754416779969097284e-01 -9.032431906191540349e-01 8.198572057483182185e-01 5.854076250598705400e-01
9.337978735416143650e-01 -4.102403906407197098e-01 7.271847199611198853e-01 8.079805477309982553e-01 5.994900376173664114e-01 -1.979466950343442555e-01 -7.948947005142248390e-01 -6.690005717637448335e-01
1.212704081933497990e+00 6.933428773833822945e-01 1.451290523631487472e+00 8.594459608589257726e-01 1.381649202191599368e+00 1.327153735738014539e+00 1.073884024642919766e+00 1.221580514760922220e+00
