-6.287332157694189849e-01 2.317699481495170133e-01 7.311256969400559136e-01 2.994756520256640631e-01 -5.356383243692413032e-01 -1.572432305607551761e-02 -2.974723749895602509e-01 -2.518396345325475405e-01
-1.975715167128972993e-01 8.976175655978719803e-01 -2.456166594617661403e-01 4.192247693665069885e-01 3.321154054423276492e-01 4.863822648076165933e-02 -2.090625360135518473e-01 -3.596884242101532347e-01
4.609347300967328032e-01 -1.091138764692134444e-02 -9.533644151075557627e-01 -9.523916913460372946e-02 -2.553885300150240401e-01 8.369497380766217631e-01 1.941511004874187929e-01 -1.863354078915997469e-01
-8.342428028390913575e-02 -9.091696438232625965e-01 8.526078916821111520e-03 -7.755205747559812401e-02 8.896727168076823400e-01 -1.288842940234538048e-01 -8.948665490359499763e-01 1.117600332894366222e-01
-9.345330754728014000e-01 -2.387232560452319241e-01 -8.668623127204111434e-01 4.234462168625947598e-01 6.885017246933933244e-01 -4.119374144076732858e-01 -2.062206465729174987e-01 4.563384835693073960e-02
-6.209550571905397831e-01 -6.836843892388426713e-01 -4.446107065110549428e-02 -6.441565181629786974e-01 3.042154235662393180e-01 3.148303544805997056e-01 -8.396272991170494748e-01 9.247826594274128897e-01
5.165740144626724817e-01 4.939303517587283476e-01 -3.585111045966311583e-01 5.502333544173572122e-01 -6.135058118054916854e-01 -1.181123799368808402e-01 -8.087767228388835772e-01 2.677150362268070349e-01
-3.304420766133489007e-01 1.059612516089070144e-01 1.889655968276573450e-01 2.285183624407298719e-01 -6.661917830840593524e-01 1.361283039417118257e-01 -8.395126600374913650e-01 5.051404423582694925e-01
-3.211480373814623590e-01 -2.004496007142062552e-01 -3.850274982769490428e-01 7.054864936093263594e-01 -1.164196491564717384e-02 7.312466024327413106e-01 -8.228766394012203556e-01 -6.198424548744263518e-02
1.154305704726863446e+00 1.447658350457755816e+00 1.209118769055709919e+00 1.236148496715275602e+00 9.781416466206046545e-01 5.826433917008415619e-01 1.134338012334642931e+00 1.016690167331348871e+00
