7.144503900840410981e-01 -5.416767367325396876e-01 7.272448440337577757e-01 4.450662252379125050e-01 -5.306359483148161971e-01 5.567035209930812911e-01 7.388461556522289975e-01 -3.578298790734419921e-01
2.461974407292137901e-01 -1.185332301668251542e-01 -4.565482761618568919e-01 8.142692414468002404e-01 -7.182750968722406704e-01 -4.503663328454561299e-01 7.016704292843132240e-01 -4.086628422204985345e-01
8.262547558884620891e-01 -1.791276157673855618e-01 3.240989184195406381e-01 -3.177310340277248457e-01 -1.931866035947944482e-01 2.969588083127232547e-01 -2.428779264845928321e-01 1.313990404246114796e-01
-4.204426667242344706e-02 1.501973912433438585e-01 7.521291509121259544e-01 2.959942379456248496e-01 2.007178451835507360e-01 5.224647461637828005e-01 -3.246845148443722184e-01 7.611156559219800499e-01
-8.749902013501045239e-01 -3.754101926268440526e-01 6.577684249641719827e-01 -3.461317682857052436e-01 -9.849108135338509040e-01 4.731741075017663611e-01 -5.097691241202306767e-01 -3.295886492878197238e-01
6.304386277190410226e-01 -2.605061645025703587e-01 7.315680651115010757e-01 6.977248582265473953e-01 -5.039480147951622691e-01 -3.150004983455685359e-01 -6.280757614588230453e-01 -8.076767638614230638e-01
-9.006915195143050390e-02 4.722995878694047356e-02 -4.709245843527785080e-01 8.801055094874918883e-01 4.265670846106230929e-01 -3.037320784802517437e-01 1.235945930941961812e-02 3.030938123907027659e-01
8.952651955054071742e-01 5.933038198990032708e-01 9.909321871481671096e-01 3.022580627924589258e-01 3.444862032907372029e-01 -6.559534527200767684e-01 -4.271062378580148255e-01 -6.650261558395982320e-01
-1.798839678127277519e-01 -9.689546233113617291e-01 -4.090076682673542408e-01 -5.420262587232351770e-01 3.127552940601294740e-01 1.484832158744235908e-01 -8.889401100557381419e-02 -1.996947352334221826e-02
9.139737276260702092e-01 1.035628822053103804e+00 7.012373452652729267e-01 1.033566450063433395e+00 5.573464234908170889e-01 9.694353988641710718e-01 1.042936060301802526e+00 1.429703992606826013e+00
