-7.452488950135345291e-01 7.496244095812869546e-01 -7.652012086418396031e-01 -9.192586347365288013e-01 -4.890595716713126428e-01 -2.128986823010663443e-01 -7.990038969114601208e-01 -1.180215969821190036e-01
-9.881353410345541377e-01 4.439870513317523137e-01 7.574822423970450913e-01 -7.212142799601783949e-02 -4.682271175564871601e-01 5.816216609155102635e-01 -4.568530251571154555e-01 -6.364052711314909239e-01
4.458037932190828112e-01 6.098819144527183322e-01 -6.440693287492620378e-01 8.957212219729839831e-01 6.502993624529738170e-01 1.648783866103640250e-01 -9.537202371201509710e-01 -2.027766488860978100e-01
3.609577948933058167e-01 2.112885210476034281e-01 9.922839080544665347e-01 -8.309655746467841109e-01 4.947637007920366869e-01 -3.902935929954260974e-01 -6.975755114987536309e-01 6.883572839030605017e-01
9.588331352618149062e-01 7.334609159462899264e-01 8.259782881812052224e-01 -5.087931296635981315e-01 7.096709293106220340e-01 -5.332799644930439342e-01 2.344592894141384054e-01 8.274605937264301048e-02
-5.371535220247272147e-01 1.844468119182065546e-01 -6.949066255696689787e-02 -6.728110435661158739e-01 -2.547912687968485468e-01 9.210581942101574437e-01 6.720804436436311757e-01 -6.469524668421040570e-01
2.552063456672448716e-01 -9.505720642428605593e-02 3.988906096806084101e-01 8.347352315746972007e-01 2.760605527039046159e-01 -5.213352366983992070e-02 -7.247145423109884188e-01 -5.470908334001995943e-01
7.049675612625994070e-02 7.605524822968567911e-01 6.006318089731268461e-01 -3.548059953286870627e-01 7.692650609133742101e-01 -7.279881682982181079e-01 2.641962231996113353e-01 -9.605429868128818605e-01
3.179767226690934923e-01 1.159293015965923157e-01 5.489469391134966791e-01 -7.416749509208975244e-01 9.042054825970951004e-01 -5.410611750715559332e-01 -8.907684639736750398e-01 -5.052571184370189261e-01
1.163915533954973824e+00 5.414969946271868118e-01 5.008082724648497130e-01 9.966320638269211551e-01 7.185524921653028141e-01 1.243723857387919685e+00 1.227433430873063891e+00 9.470374538116428376e-01
