4.964145423730086382e-01 9.180476740749610176e-01 -7.918730405269684969e-01 1.132871970531486028e-01 -7.696240219849814768e-01 6.186032360718416445e-01 -6.342723431961894143e-01 2.200788200641108361e-01
-2.051206771221458780e-01 1.180583639559462661e-01 -6.036343924176663656e-01 9.480741810606341247e-01 -2.203820505353413228e-01 -9.553607262183576587e-01 -5.863024506792413604e-01 5.026070577238561654e-02
-9.882502768027365825e-01 8.288472455183182319e-01 3.902347793680727150e-01 9.584257097650754620e-01 2.737539810775500015e-01 7.968579049115152024e-01 9.044816552530694498e-01 4.287026088566789905e-01
5.127376979868281115e-01 -5.135942944920823816e-01 -8.408801709179578587e-01 -6.995812624431185789e-02 6.117536644725487527e-01 1.564109191674512012e-02 8.012262254543898177e-01 -7.101302357369854157e-02
5.975911039222232546e-01 -6.627146803332690794e-01 -9.882592054398831038e-01 5.288779162779435605e-01 3.873551374568851013e-01 -8.405539231712768622e-01 4.983339489152711632e-01 -8.312802437238087094e-02
7.903538477538827323e-01 2.252772359366486121e-01 3.244410579813750140e-02 -6.962789731226064482e-01 1.179112005381848238e-01 -9.845990759007516857e-01 -9.065569324249560523e-01 2.198262250963862741e-01
6.813863676018263593e-01 -2.723702904317852891e-01 -8.840675679717653335e-01 7.172463275970453189e-02 6.212547959177148194e-01 5.066496221754568374e-02 5.237615825681842807e-01 9.248162074400685384e-01
-7.295933032888064496e-01 -9.115195214843843097e-01 -2.238347287373141370e-01 -1.257172112021160970e-01 -1.426793187699271215e-01 1.190658644469821947e-01 -8.147090201581577151e-01 -8.557740673026128508e-01
-3.003686170339581185e-01 -3.159669524787072081e-01 -9.482191535920396763e-01 -1.233119963883806403e-01 9.559770335983386325e-02 -1.796598599990151257e-01 -5.789090321404601891e-01 -2.683546956129474470e-01
1.435128234548967541e+00 1.233489913087969070e+00 1.332680437648835925e+00 1.051472104882364977e+00 1.426276972812642985e+00 5.814933986387845755e-01 9.300550551935345966e-01 1.437273418438077544e+00
