1.646247466297090511e-01 8.357741576251935811e-01 8.520610052947692470e-01 9.657470780362467089e-01 5.400071638858070511e-01 -1.157871170519719772e-01 -5.287012773364845319e-01 1.172221647438351777e-01
2.465706051459242154e-01 -5.072791487745753614e-01 -2.197552360064731758e-01 3.047931184215055822e-01 7.585014536581493605e-01 4.651308929293560546e-01 -6.922565690892934498e-01 3.295902958205325639e-01
-6.639231154690747871e-01 9.217929741488666284e-01 -9.416894281520593601e-01 -4.856743805514280865e-01 3.345883402699845188e-01 -8.947291169987863224e-01 -4.041801780947362754e-01 -5.087899994887252753e-01
5.921429966266051892e-01 -6.920828467454454014e-01 3.999411676268738169e-02 -4.801578242271857810e-01 -6.401693505050036759e-01 6.538249859550091525e-01 7.474528947153087355e-01 2.852956369255770230e-01
-8.536105216030240861e-01 8.477623890079413194e-01 -9.614653763051981272e-01 7.660977906389430103e-01 -1.296696937933436988e-01 6.775491829613478068e-02 7.784865666030582609e-01 -3.500712500565130725e-01
-2.496958825161443851e-01 1.238707707945667646e-01 2.008669772641762385e-01 8.673229931366632783e-02 -6.241221004781578596e-01 4.737892980963374079e-01 -1.043970570138099685e-01 -4.096068869129594336e-01
4.482686953590433454e-01 -2.262036561160107873e-01 -3.471698596854682073e-01 8.318034693602558427e-01 -9.934319815532277609e-01 -7.945988197310422940e-01 6.029596102957299752e-01 3.816854427177529541e-01
-3.302854656721547766e-01 -3.611149057209370739e-01 -1.689387470191405782e-02 4.260831859725833226e-01 1.328132461949318444e-01 5.925001946727830315e-01 -7.487064977974493551e-01 -1.371488277287329360e-01
-7.137913554279073924e-01 -7.899268259713665419e-01 -9.594887027562783999e-01 9.676835947244684100e-01 -9.867077200432450290e-02 7.381972051175706984e-01 6.995120550301594520e-01 -6.108620220816971536e-01
1.121247687923033975e+00 1.430579459114025731e+00 6.764899911937124477e-01 7.428591330062142006e-01 9.219056152978484242e-01 1.413982347124490779e+00 9.491898616329557115e-01 1.179650289914107919e+00
