7.536589346716888738e-01 -8.752763503572700277e-01 -3.763099591366303454e-01 -4.038542096867081543e-01 1.465921549398265800e-01 -9.503617817004605950e-01 -8.610527187784486891e-01 3.404757044292745505e-01
8.018259482011094175e-01 -6.732215018245482074e-01 -7.246308254167659335e-01 -2.642330224942912587e-02 9.968182343522018485e-01 -3.323670292244953473e-01 4.567522460584962918e-01 2.498270276399372491e-03
-1.452372930153045250e-01 -9.644504875770951724e-01 -6.625507547738453962e-01 5.970229131146742585e-01 -1.667847227711003466e-01 6.971671479609575783e-01 -8.691091560817831851e-01 8.051500459332692206e-01
4.797196815025031036e-01 -7.443812493533275010e-01 -5.636338631746253824e-01 -8.205268826114742176e-01 6.605300878280908616e-01 -4.511656483851260724e-01 9.842539833168901797e-01 -8.193334152063969089e-01
-2.994278336562783416e-01 1.480793191030891354e-01 6.748268859815420573e-01 -9.231621003891532506e-01 -2.344619095271629483e-01 -2.975749424774374319e-01 -1.770600461640534640e-01 8.762638046854029916e-01
-5.923795147118955384e-01 -1.567051686075582317e-02 -8.977062353767795155e-01 -9.983683021342422137e-01 -5.086633188225420099e-01 -7.835495373462286750e-01 -4.365454432050748235e-01 -9.244187337351152944e-01
6.631570056830173865e-01 -6.492903933241351844e-01 8.590943577902760975e-01 2.426163843327997505e-01 -5.708911723020890783e-01 -4.676927717993915046e-01 2.557488534753347142e-01 -6.697355644179772138e-01
1.642420014416985374e-01 -2.386187588458863473e-01 6.500266081144283614e-01 -3.865039434816530672e-03 9.831912785218301920e-01 -2.625300713071747616e-01 4.797480860032705685e-01 -6.174985762041678150e-01
-7.719629717042080230e-01 -2.597650895127849857e-01 -2.371254526785031569e-01 4.875801739913927513e-01 -8.826424427232193448e-01 6.080166486052671626e-01 -7.383619132646321859e-01 -2.903540428831499209e-01
7.834591005857398649e-01 1.436816415871827068e+00 9.251055706104557297e-01 1.335320124073612114e+00 1.058519499752494042e+00 7.673682042137525139e-01 1.190831706246402888e+00 9.331264310324577371e-01
