6.152116527086919362e-01 8.337170453510311940e-01 -9.882327731552489336e-01 -1.107256980149462500e-01 -6.684446737263067817e-01 -9.148218022417571316e-01 -8.423785483831554011e-01 -9.153538245719421429e-01
4.711838897833977580e-01 9.098193727458874225e-01 7.074705545422776964e-01 -9.485121135319505292e-01 9.596902322812257413e-01 -9.443109872570651930e-01 7.799005121996498424e-01 3.081772348848321741e-03
-7.702161953746511358e-02 3.957937921977809914e-01 -8.291051311076047536e-01 8.890994436794992239e-01 -6.591691819833758181e-01 5.602200252200377761e-01 -1.587707368019983800e-01 1.277029606733224298e-01
-2.547564189488478181e-01 -4.289922393892942054e-01 -9.334664570579449538e-01 6.353524318992294084e-01 4.439664916053449595e-01 2.946656675393783953e-01 -4.896916237047970188e-01 -1.718644378932465688e-01
5.764263896915333696e-01 -4.703716770489021481e-01 2.819326132813970709e-01 1.533054063952086210e-01 7.264724018174886222e-01 4.668775401266473946e-01 -7.671004112663644126e-01 6.544517044940820760e-01
-9.432554372954700117e-01 7.158236535607924722e-01 4.007666613708953385e-01 3.267191597563345873e-02 2.921075988569949988e-01 4.469604007073579854e-01 6.964215257169046325e-01 -1.826807493774467162e-01
6.073084062251279391e-01 4.093118795240608954e-01 8.219117693797306501e-02 -9.045551707241392680e-01 -3.197484097735898700e-01 2.102131795162849315e-01 -7.676503153855778194e-01 -9.622194030350623706e-01
-1.204401566331925189e-02 8.117070817012252970e-01 4.440108826409658871e-01 -6.722687470634594042e-01 -6.530303731566340364e-01 1.239364367655071408e-01 6.659997530849832703e-01 6.225265159404820281e-01
9.301952481763020586e-03 -9.183395764785444726e-01 -7.537569383228326370e-01 -4.317222403728111502e-01 -1.495950468590967475e-01 2.754470093684304732e-01 1.628024752223122817e-03 -1.296907391347386085e-01
7.979880227590837594e-01 5.624832461776253512e-01 1.123823134615747676e+00 9.106994178632059622e-01 1.017425503612823245e+00 1.065896404633994266e+00 5.137403097157257070e-01 1.055771274825290540e+00
