3.066905562056134738e-01 1.551071756460431494e-01 5.169169665711723649e-01 -1.329092897972063980e-01 -3.180689868179960023e-01 -2.489533506098295934e-01 6.009521035567391145e-01 -2.014950535766295570e-01
-3.738715697578900432e-01 3.081113802023498494e-01 9.914581657778358537e-01 3.676244705788298539e-01 4.817077763517112476e-01 8.225220576485687829e-01 9.139227669513623198e-01 1.872770893041277862e-01
8.091180701274784948e-01 6.394456852974192973e-01 3.278910314632921263e-02 -2.762605998547542629e-01 -7.237720287588393919e-01 9.972270255811976902e-02 -6.328485560633350104e-01 5.185314990665650381e-01
3.701345676197353995e-02 -6.820397531037676320e-01 9.122322836998204565e-01 9.867090879826261318e-01 -8.488889812658577672e-01 9.293463476849481708e-01 -9.541161339293271482e-01 5.632730967327963523e-01
-3.499373791625217667e-01 6.348733248323301659e-02 7.870714394365543320e-01 4.819933698727161264e-01 -9.052940243082077121e-01 6.362057467063690908e-01 -2.456478429691320020e-01 5.219825690855111056e-01
7.886376108623822656e-01 3.852823804732350421e-01 6.078448453181413136e-01 -9.382748713767417037e-01 -5.022159095226907954e-01 -9.520554089145014665e-01 4.640492829401998698e-02 9.730160281483255513e-01
2.927879453858801551e-01 1.891279361228543898e-01 -8.660605842244490926e-01 7.178723844164536239e-02 9.142747859918820552e-01 -1.453673894283804557e-01 2.184940044360361711e-02 -7.932151063646095679e-01
3.523208480944028942e-01 -4.667488751332209418e-01 -5.741798182660673433e-02 -3.494985371347356651e-01 8.563491842541273158e-01 -3.010909052563897070e-01 4.164005884341197561e-01 -4.533417138047886041e-01
4.028174643186954729e-01 -8.437704199843381048e-01 -4.936965651599303229e-01 7.700215463691491014e-01 2.354040734560751691e-01 8.907971834604326844e-01 -7.985222310754926944e-01 4.176535134281904593e-01
7.716882831634691575e-01 1.293171731418672810e+00 1.353904564670243893e+00 8.864655784055064380e-01 9.564086636781311546e-01 8.104318169120021675e-01 5.056925209366346374e-01 1.170845414145498475e+00
