-3.887646250142016147e-01 6.206640446589586357e-01 4.465467459179610632e-01 -6.238072679949422383e-01 7.227736465705225655e-02 -4.255244105689810485e-01 2.517769337343622738e-02 4.462959159592991831e-01
3.221409727372510634e-01 -9.210919104355377307e-01 -7.140515475828657088e-02 -7.585352507476510464e-01 4.784125809452977052e-01 -6.099085942757427325e-01 9.763531189801226695e-01 -7.538418041110053203e-01
1.180694172681542309e-01 -6.542702635546158163e-01 2.602950330563278403e-01 3.080313264850735866e-01 -3.574834978414527242e-01 -9.352987639171219669e-01 -3.057385410757427202e-01 -9.631486881467981043e-01
7.524215106780973716e-01 -5.147651477738692805e-01 7.082493828967053595e-01 2.449561262969619513e-01 -7.010107201551056821e-01 -9.533601923884844620e-01 -3.118337340271619684e-01 9.998638758624196488e-01
-7.094974988771090008e-01 -3.258305742570999364e-01 -6.368244205278850156e-01 -4.956067386374718442e-01 -8.808866299698230318e-01 -1.626780026724352624e-01 -3.973591482022715837e-01 -9.628561537094504352e-01
-7.545462226953545404e-01 -6.240636696268464512e-02 4.781790140417812029e-01 -6.240475564820462395e-01 2.898134710847000139e-01 -6.858530516822993750e-01 -7.827757447387198031e-01 -5.556052250087615274e-01
5.234491485775718544e-01 9.831255777967173870e-02 -1.585618933875232450e-01 3.015879694270551248e-02 7.994174905091417926e-01 -7.763997093904895230e-02 -4.364761051986549845e-01 -1.811500842997124661e-01
-3.453653318230534008e-01 -8.767026961225417026e-01 -3.795370976555567655e-01 -8.844368230307253498e-02 8.794288224917705676e-01 -3.534853191297102626e-01 -9.590218821351772505e-01 -9.109081795099007728e-01
4.477658074236672281e-01 9.175019764026814961e-02 7.629394325627674167e-01 4.954974433851540017e-01 -4.272187897661550160e-01 -3.712260884606322087e-01 -9.801431459399019275e-01 4.777741666733450465e-01
9.764750243708593125e-01 1.113063072862088276e+00 1.264328504595559011e+00 9.996678870211359591e-01 5.748457274450913257e-01 1.393401943710655289e+00 5.142090486307705488e-01 7.981526826351884596e-01
