6.382883814492024133e-01 -6.304010022576906902e-01 9.489068452658009356e-01 -1.181718677444147936e-01 9.386937026109287707e-01 -2.673643429923620030e-01 -1.202247578070056999e-01 2.812098079782363591e-01
1.984273884061149573e-01 -8.350784599266118935e-01 7.887928076905637020e-01 4.092250403857455865e-01 3.284098945328655095e-01 -9.926972168700751720e-01 -3.172377328560456178e-01 -9.635215454639061150e-01
4.957653338251049036e-01 -3.876816267276674832e-01 -6.992667190029751012e-01 5.398225681553903144e-02 9.649967884349455183e-01 7.035782806493569019e-01 9.936757758658829598e-01 2.179699544610735895e-01
-4.308787578711099631e-01 3.818042625316862004e-01 -6.039127995701805141e-01 9.629562088507230833e-01 -5.351231973529333441e-01 -3.729104161269547468e-01 -8.535614191906897297e-01 -8.505591480276963878e-01
-4.191803180886257696e-01 -4.799398467489455200e-01 -4.274933722317413309e-01 2.577471370908912540e-01 -1.822449029711565860e-01 -7.683312398078081529e-01 2.192083778492182056e-02 -2.181916902887302001e-01
4.483890095752696148e-01 -8.605682588258638521e-01 -4.842782494205772892e-01 -2.741677565622495649e-01 2.427460424683447471e-01 -6.530886229110153263e-01 3.116685313827229908e-01 9.219758752444517924e-03
1.639619305612940448e-01 -1.062490886818696634e-01 5.296263019394082949e-01 3.128877309991067168e-01 7.075784840673027265e-01 -1.665922376594113352e-01 -3.697304787975568274e-01 5.704133962744000197e-01
4.465826857580146303e-01 -8.258906095308842232e-01 -7.068364363629497937e-02 -8.080162018428185267e-01 7.283090522273494294e-02 -1.234662306674219057e-01 9.584710398205640303e-01 -3.240620771645599252e-01
-2.737990689433014158e-01 4.221112090495979796e-01 -5.819607272792211017e-01 -1.714590866662391022e-01 2.314243823758730390e-01 -4.988058915675053218e-01 -2.534489133809574302e-01 -3.351879408628497536e-01
9.817197792866242390e-01 1.134609790467663970e+00 1.102361248899929702e+00 1.200523902199711834e+00 1.024166638253002137e+00 1.309571738199516000e+00 5.048660338325312580e-01 1.120945421029242661e+00
