-6.479370003310911397e-01 -9.402817091974478014e-01 -8.988628406895671219e-02 5.415888010968039623e-02 5.047767065982167178e-01 3.931093224724939716e-01 6.818300122305713806e-01 8.799459075879751957e-01
-8.176328921189417454e-01 3.085960577647610670e-01 -7.765724121047805628e-01 2.673596201700105812e-01 6.862730277991615502e-01 -3.036568066018627832e-01 7.604117272231796232e-01 -3.383382444155369484e-02
-2.146195165370665681e-01 -7.770256604576910586e-01 7.835796013623075318e-02 -1.438146346946529430e-01 4.193438652986491988e-01 8.461771049268236311e-01 -6.149134165058101065e-01 1.569198266959686006e-01
-2.715714713328931662e-01 -5.516739349197539166e-01 9.207660345677768365e-01 -4.369560951721007669e-02 2.849773430880537806e-01 8.651882721899908368e-01 7.544102094063198649e-01 -3.956033653301178621e-01
-1.270422291500916678e-01 3.721692370404374728e-01 9.045200947033300576e-01 -9.122480386862259483e-01 -5.178293994413620815e-01 -8.266514054223497165e-01 -8.240493817672220889e-01 3.677452752626344523e-01
-8.916217738480172184e-01 4.736643105543523191e-01 6.192422523037754978e-01 -9.216744782339869602e-01 -1.485333828506978371e-01 -2.446589477815537261e-01 4.803170700952370531e-01 -9.762698153862243711e-01
7.753568696215937806e-01 9.707302303914262520e-01 3.458943531674307792e-03 -1.669877524802028113e-01 -5.862353214257418621e-01 3.257380852555511463e-01 5.988698610597551486e-01 -6.929104289780574355e-02
-9.587416298096154144e-01 4.643803473909560164e-01 -3.054929119898952550e-01 -6.033699496964550768e-02 -1.097252172734703990e-01 2.782167361650718096e-01 -7.833203052250903298e-01 3.600231222668728304e-01
3.332111579711047877e-01 9.466412951081015770e-02 -9.077030982451681496e-01 4.365889279566332881e-01 9.641516881270544292e-01 -5.688440221327557555e-01 8.512980535774055113e-01 9.626896970595149039e-01
1.187042528676088171e+00 1.317246481736758401e+00 8.649503029346579108e-01 1.422952141645544621e+00 1.196067900061217548e+00 1.089020165952141461e+00 1.078115366986791113e+00 1.478156863978896229e+00
