-6.787865532440970906e-01 -2.283364776432226240e-01 -2.159311533108161374e-01 -2.837252086545249963e-01 2.182984313238964802e-01 7.012635920462966244e-01 -1.048647358913359362e-01 2.660093499338000989e-01
-2.309015012120616550e-01 -9.317865217137224487e-01 6.947279692867198708e-01 9.412927344093335869e-01 5.815842697495570146e-01 5.915979332423095816e-01 1.715644302675096711e-01 8.276951192139785363e-01
-1.279646307783666170e-01 1.834113440884754809e-01 7.233750161492267239e-01 -8.272086816558901212e-01 7.887288257752720355e-01 -3.919891005979962983e-01 4.707998563812185733e-01 -6.902669270417467473e-01
-3.243756267494926071e-01 4.051855854460486572e-01 3.665808656002162991e-01 -2.351325296609585447e-01 7.279809106465835455e-01 -3.191109750465450645e-01 4.251189635772534281e-01 2.277306786333754829e-02
-4.702731360170204766e-01 4.288839962638950620e-01 -8.225183913335287755e-02 4.147121207668613696e-01 -4.856734148283783359e-01 5.096071989295241078e-01 -6.319819952267662355e-01 5.924726815077414610e-01
9.722411519505724797e-02 -7.619625757833186075e-01 -7.117859290565466956e-01 -3.163753073492421297e-01 4.831443435061233416e-01 -2.926645879567546515e-01 4.982397409485113116e-01 7.147514348121997152e-01
-6.160147105284490276e-01 7.346385985040386757e-01 4.969463855108990913e-01 -3.395020846815506310e-01 -7.718890571779597476e-01 4.308108385273439200e-01 -9.328172066026430009e-01 2.266023093495983520e-01
-6.598740093341270985e-02 -1.441760255809716451e-01 -6.681400759384295007e-01 -3.811286789206116410e-01 5.387227112101298232e-01 -8.518666174212092823e-01 5.312129060220007748e-01 -4.456262383568110330e-02
-8.547698012368898368e-01 3.844907898559264403e-01 5.835271456725577011e-03 -4.442974243655650746e-02 1.899999887504510987e-01 -2.592731973493358488e-01 -3.699882246478247705e-01 3.196438344485308392e-02
1.086558048055363823e+00 1.227404585241421486e+00 5.452613799171194264e-01 1.173913298772713887e+00 1.480947690798437799e+00 6.463152842066552939e-01 8.970516464584216143e-01 1.276038893897084581e+00
