6.137658336802664927e-02 -7.923089438407253660e-01 -7.399095178964341102e-01 -4.719818957246912916e-01 2.810985536439680743e-02 8.768492986712597137e-01 -8.563445421500335275e-01 6.734361526838630319e-01
2.170642254310657382e-01 4.891468631337714257e-02 -2.664034560232033666e-01 8.287125768470096077e-01 9.705123234651766850e-01 8.683900605933361216e-01 -1.505180886755095315e-01 -6.519445107093915226e-01
-4.987215775023972064e-01 -5.679985497397732619e-01 6.906622255120828946e-01 2.301385887265243735e-01 4.184308667465477249e-01 -8.655793829974489650e-01 -5.037818459530887250e-01 7.926262411969420274e-01
-6.156152482288246297e-01 -1.949630796512125119e-01 -8.734456391755789362e-01 -9.755062507844569630e-01 9.210623807296614007e-01 4.695187118046573183e-01 4.406307943029836860e-01 3.813357901197504951e-01
-3.186329880383793611e-01 4.681179109665252192e-01 3.444984703528475301e-01 1.362484404495487578e-01 3.424828359508658160e-02 -5.141586496853574051e-01 -6.781949324363043541e-01 1.882239795505744606e-01
-1.928722113477874256e-01 -1.984079960522762143e-01 -5.442526623191932256e-01 1.780200781012499789e-01 7.430506361667961190e-01 -6.621792041752760927e-01 7.075456312606851483e-01 -5.738701484043082779e-01
-3.054092868025697349e-01 4.846142407663345253e-02 -4.244196117022929204e-01 -4.542111898710250451e-01 -4.638483085811699880e-01 -7.582900877629858982e-01 7.644647567215046013e-01 -2.940031901318262975e-02
3.257591780565483042e-02 -4.919559549377299223e-01 -9.231676024599839714e-01 7.436956123967815024e-01 6.794133358571725623e-01 -3.626214932322826545e-01 -6.195254178834532777e-01 2.067518027794650326e-01
-3.843397639476933136e-01 8.322437238592574893e-01 -9.407523305523723955e-02 -1.990912259847665844e-01 -9.494792069259809786e-01 3.877669175312499217e-01 3.672769311788661728e-01 6.474394652052857246e-01
1.022047908756576806e+00 5.950940952341778889e-01 5.989456382906160892e-01 1.199411081092806697e+00 1.110865527881965242e+00 5.600619327741566122e-01 9.969692112235373216e-01 1.311955489846908574e+00
