1.084287746174594780e-02 -5.893628392659755466e-01 6.150346078330264366e-01 2.420648158852700682e-02 -5.970044269780825363e-01 6.979007853819050311e-01 -5.586975906400921676e-01 5.833601914359565210e-01
-6.756053967701647345e-01 -3.150102277257489369e-01 -4.539091522723559535e-02 3.906519130448564692e-01 3.788861594406773836e-01 2.687030723658738740e-01 2.754442849188845077e-01 6.069731471537034295e-01
-1.834877688865097500e-01 -2.172897335849985900e-01 7.075480147519348506e-01 -4.897458416513558177e-01 8.479779384466934467e-02 4.612783006082983306e-01 8.967924479019337980e-01 1.450763776999970389e-01
6.480190367116913652e-01 -5.341124955527765117e-02 -8.440343871992512792e-01 4.798127575364188324e-01 -5.288113394337834450e-01 -4.252621106847997989e-01 -2.260383725271781774e-01 -3.191664384114238917e-01
-9.834431907390102090e-01 2.482001153954160877e-01 -5.924749006946008478e-01 8.723640122450457834e-01 -3.747541581188351678e-01 8.418885493793331065e-01 -9.777118220863649789e-01 -3.988478784160485180e-01
3.686073066378312557e-01 6.202820793075609629e-01 -5.052279978443698916e-01 4.141521441247946189e-01 -1.045439210093088711e-01 4.733089819502664941e-01 4.268117559657036431e-02 2.899348531265411033e-01
-7.997290899489037930e-01 9.870011469262576220e-01 -3.026890637475243562e-01 -7.653885685014771845e-02 -4.576215148615694339e-01 3.489340181830746790e-01 -2.782975947183337073e-01 9.658398464508846093e-01
-5.089482764452979424e-03 6.356261127104856357e-01 5.962787910463154262e-01 -9.574280054508517157e-01 -3.676736780062159760e-01 5.794550157875424379e-01 -5.170491431496833101e-01 7.827530731591361146e-01
1.592681062040492979e-01 -1.410452739280425583e-01 -6.777297369718626729e-01 -6.052685590084725398e-01 -5.669291999358079259e-01 4.212103290262656508e-01 -6.055655624561537831e-01 -3.869777662864180012e-01
1.294183642205526841e+00 5.596042324772966259e-01 1.172697120831084128e+00 7.831578320968374252e-01 6.997171612297530263e-01 7.224161134907337578e-01 6.021807568815461531e-01 6.646037672205822311e-01
