-5.336592253782639350e-01 7.525059420213808803e-01 9.273139381971562401e-01 -1.878245888578535805e-01 7.089934531076529378e-01 -2.767548538062343244e-01 9.124612306012094276e-01 7.801561427286245465e-01
-4.530827937418073770e-01 4.194264632990174491e-01 -8.284844239629207685e-02 6.339159371503289009e-01 3.735301211995862847e-01 -3.661042856895613262e-02 -5.313631226119801543e-01 -2.895066166360753535e-01
6.839976130911651353e-01 6.095964872567094517e-02 -1.929514782013086460e-02 -4.748918560196835337e-01 -5.697413029887072877e-01 9.085062639294521070e-01 3.088365765537730567e-01 -8.982003944849170640e-01
-6.518438868073348491e-01 5.331764903284301749e-01 -8.747265960671235518e-02 1.553976463670081465e-01 -5.399776043003399195e-01 2.416683023449692769e-01 9.013202426905606579e-01 -6.594941239648877129e-01
2.500630782746493530e-01 6.872433556096453344e-01 9.631648491091262532e-01 -8.319737887560569867e-01 6.432024203880848390e-02 -5.866291227428042099e-01 -6.682542913986382338e-01 -5.727345422420033749e-01
7.636023849277784326e-01 4.839262253820892923e-01 7.917919916780724598e-01 9.223943154453613236e-01 -4.433322453565047283e-01 6.915304349298920794e-01 9.723015301868174198e-01 8.369602257065813511e-01
-6.303916549755972376e-01 7.937847586484205742e-01 -6.170835597263089056e-01 8.538514251673812172e-01 8.971011839078228967e-01 7.838613980613098331e-01 -1.457353470757054570e-01 -2.698426017673838384e-01
-2.081517856811165856e-02 -1.857459443543032496e-01 6.353496990468310290e-01 -5.220052859463573114e-01 5.499957757206064279e-01 -1.055642450248006625e-01 5.803143971264579370e-01 9.988026594095844590e-01
6.964284690458737437e-01 -7.512339055383638886e-01 1.226159006818792196e-01 8.417413210935380530e-01 -7.938431115584587694e-01 5.655607605005541494e-01 -3.599160388779603093e-01 -9.561255928065732768e-01
1.075434719759603031e+00 8.546263209544984196e-01 1.249340456504106189e+00 1.120632353718707730e+00 7.098120798420906041e-01 5.969934361862810901e-01 6.880018045472546806e-01 7.554768657170706225e-01
