8.057834125797922464e-01 2.687767532363951606e-01 7.849959835853308476e-01 6.163998061741036150e-01 2.513359161363790673e-01 -4.187802989784665808e-01 -3.826877280892146960e-01 -8.340940344368856785e-01
7.444229239895725492e-01 -3.596985745830405534e-01 -2.521290979631978235e-01 4.196864521373804280e-01 -1.463964962235706491e-01 -9.759718796280991704e-02 8.669654657896548322e-01 1.465379497972936207e-01
1.700999262026308134e-01 3.924090489775711177e-01 -7.083970321582766516e-01 7.203222613589768120e-01 9.062796915498472217e-01 -2.242520986716167730e-01 9.100998632845440639e-01 -1.097091015707456485e-01
5.928787860724495928e-01 1.637968330812704654e-01 -2.692047343519539115e-01 9.060293066455351596e-01 1.736816170986728025e-01 -7.242046529175552028e-01 -1.044471426624447030e-01 -1.996862750647698803e-02
-6.225436325104727331e-01 5.643502094399992508e-01 1.598836558835794452e-01 7.437360283244132120e-02 9.361758912660480547e-01 3.941161794654801653e-01 -9.596234131439973503e-01 8.769687472791982685e-01
-1.732157446705784309e-02 3.981548167100648072e-01 4.295682938912024351e-01 7.805437461936501897e-01 4.130204167902993273e-01 -3.374010130867535207e-01 1.619560242993831611e-01 6.923796039271461478e-01
-6.971148552032913059e-01 2.846364767464601986e-01 -7.252996071041240000e-03 -5.581148275019662819e-01 9.930558707113015249e-01 8.274426468637829934e-01 -6.118969615010623198e-01 7.326395716524858326e-01
-7.158097517859718373e-01 -7.315861164688504115e-01 -3.976738100006886878e-01 4.168946374314177472e-01 -9.096748226109827584e-01 -2.749569929933108892e-01 -1.660189130303337812e-01 -3.808583933645410813e-01
-5.410454351626114988e-01 7.622268287218811889e-01 -9.082781396186234701e-03 8.848609942114746829e-01 -2.091907034872753091e-01 3.154056872056349992e-01 -4.411268554511673656e-01 -5.871393982683428270e-01
1.231743356120843735e+00 8.683298901294717043e-01 8.659339807606935002e-01 5.125312959874926966e-01 9.998793651271790095e-01 1.116407905193296912e+00 8.533119442510916919e-01 1.478743962201564344e+00
