3.548767406959838500e-01 -1.104996746330662027e-01 -7.468545814048002107e-01 -4.308444021384860712e-01 -6.322041600492429581e-01 6.310425137310431420e-01 9.498880105947995478e-01 8.929192146984044065e-01
-5.949134027614866316e-01 2.932666991268988443e-01 -4.648662108397820791e-01 -6.645371292386970108e-01 8.682214602345528220e-02 4.734307228612222307e-01 -7.951797806641962563e-01 7.923425726707402639e-01
-1.554815612715045869e-01 -3.004788163809237744e-01 4.148696058194527581e-01 -3.486532439015945783e-01 -2.120931132431882471e-01 3.238775249546588242e-02 -5.696134751811283703e-01 5.461813193752185214e-01
9.759484852945625732e-01 7.572188834646584876e-01 8.570904247386543773e-01 3.543791688497703873e-01 -4.081782733877310498e-01 2.804021901023650010e-01 -5.907483595799905007e-01 -3.541523836057918206e-01
1.898729451281311320e-02 6.732702256391549511e-01 -6.747647334907422856e-01 -5.895152499630658127e-01 -6.824205732021537685e-02 9.360673303757605090e-01 -4.315112174522937050e-01 -2.528505091369976920e-01
-8.566446967400551671e-01 7.238072816137617327e-01 5.710305176970238428e-01 -3.316455268808786716e-01 -1.549351817164792422e-01 -9.144864702461785733e-01 9.109438247862029492e-01 -5.215573114087577178e-01
-7.616026831721196544e-01 -9.646459609341788699e-01 4.938532925369176763e-01 9.623158861708969170e-02 -3.803425258882240367e-01 -5.580295418711815891e-01 -9.859490880533461343e-02 -3.319710900377548235e-02
2.480997588577207313e-01 -9.793994974603839054e-01 7.463024135097948708e-01 -8.838987452841249315e-01 6.105791230757977583e-01 -8.068420005069425471e-01 -8.966521592768017523e-01 -9.795172053559535463e-01
9.545072450003342368e-01 8.259205439431351881e-01 -7.786779365341998105e-01 -8.996693448502650625e-01 3.568376112048334825e-01 -8.475324597244560110e-02 -7.553186912400455810e-01 7.579130332872898723e-01
1.433943831462261453e+00 1.066937001999829215e+00 1.444207919781459015e+00 5.211085233060419597e-01 1.176166649947664844e+00 9.134783105816254301e-01 1.386945986262765773e+00 1.367131574338064093e+00
