2.423821660858613836e-01 4.970235516667276254e-01 8.949838853837073227e-01 -8.635432624537238144e-01 -2.288608466993611312e-01 7.075184191320011973e-01 -6.256081412129861352e-01 -6.866177705910554430e-01
2.115806729508618034e-03 7.149681278377162386e-02 2.893558013489050396e-01 5.108428017761454942e-01 2.570100685298533083e-01 2.008530871121183559e-02 -4.191618901165199418e-01 2.042845569560396424e-01
2.946113019743084038e-01 -2.372810687148680930e-01 4.460619374890921751e-01 2.247856583530718488e-01 8.873029015269127129e-01 7.607046544149604905e-01 8.759408917306996667e-01 4.317122245489903865e-01
5.235961117104481755e-01 1.801190261787142255e-01 5.269406112135430753e-01 -4.780352919303358927e-01 1.924461895916711462e-01 3.406388067035639455e-01 9.466787545279484739e-01 5.599079649452760599e-01
5.424132233418046400e-01 3.869088425909197326e-01 -1.967534737067988537e-02 3.901967381847641914e-01 -4.969093938216022632e-01 7.909209936065586533e-01 -8.296184834100823746e-01 5.953784745898049735e-01
-6.272335504291861596e-01 5.201455919666462258e-01 9.354679147352684687e-02 -4.108811024481198171e-01 -1.703403431704313409e-01 8.134535415134023228e-01 4.909748441837891164e-02 2.279866108066721520e-01
2.405494573523279112e-01 -6.223999841254013177e-01 6.895102072104868363e-01 4.607603173084431347e-01 5.397280097667973564e-01 -4.521261890631511626e-01 4.430057272910179478e-01 9.695379387120786063e-01
-8.312098438107013987e-01 -9.669647282212601169e-02 -7.733333146745224873e-01 3.223755904833993657e-01 -6.497490530719842727e-01 -1.398690327790381716e-01 3.307574651442202196e-01 -6.103937953187221765e-02
3.190143228998885139e-01 2.461179497153649365e-01 -1.997969222871707196e-01 4.874497761531753071e-01 2.535820752799367028e-01 1.290845183545674679e-01 -2.789410997315842078e-01 4.651719170833192862e-01
8.151998093213197460e-01 1.499668295762121017e+00 9.283002858760790454e-01 1.441271559599911711e+00 1.191214954310377383e+00 5.699707453068518781e-01 1.153206454990874930e+00 1.291291643478249540e+00
