-7.938370999653561189e-01 8.748714809814572835e-01 -2.645909821746050827e-01 7.523483952699285826e-01 1.610498340303672116e-01 8.516162936088038649e-01 -1.549714132517527876e-01 6.396384743012628604e-01
-7.944999967046899592e-01 9.186275096895144543e-01 4.717222413229222866e-01 6.065190711207961716e-01 4.602859569846000642e-01 -8.359544374367939845e-01 -1.708693258662918879e-01 -3.940727883842127799e-01
8.989340942537926704e-01 3.420229576614068900e-01 -1.911836674711988593e-01 -8.939447711556691711e-01 2.930100013053678065e-01 5.636972613573270063e-01 7.163300459420067767e-01 3.020966585408317862e-01
-1.341823865252631531e-01 6.078811189819326444e-01 -2.935814451722136287e-01 4.496344142756965034e-01 -4.168287135744779270e-01 9.355114702585669573e-01 -2.185701580843082414e-01 4.488075654329251041e-01
5.182121649925686135e-01 -7.023166768045139285e-01 7.849661391535962540e-01 6.345953160283590577e-02 -1.373877878629903293e-02 6.640681911247048319e-02 4.965111042931433794e-01 4.405707923060320219e-02
-3.207171427071253689e-02 3.641571442569682127e-01 5.487270077905230803e-01 3.037314494312788327e-01 6.018072747790927934e-01 1.379341674327960732e-02 1.663256725999262553e-01 -4.326446247281041657e-01
-8.316780433953943064e-01 5.119481427529137818e-01 9.072985170090341889e-02 6.977873728541867937e-01 9.329127938813850385e-01 6.131541803834694715e-01 -3.417635309182871506e-01 7.549510569078961009e-01
9.276465159823124029e-01 7.790133396948828448e-02 2.742651887220470819e-02 1.848809697992035428e-01 5.249983202946382210e-01 -2.759878177217891526e-01 6.419835149039108124e-01 -3.766933019268647875e-01
-2.096777622529311103e-01 -9.015642760307660541e-01 -4.018747524629733281e-01 -5.802504641662653562e-01 4.606230639650472636e-01 8.978685019636638565e-01 1.637241256764383479e-01 -4.906467993299248320e-01
9.363927439586098300e-01 5.280447971958868170e-01 1.197957351989256125e+00 1.042398463562931976e+00 6.527367458992423543e-01 8.465207198938805577e-01 1.064497933873936653e+00 7.596180965541601271e-01
