-7.102441429956380947e-01 -1.212626328778034779e-01 5.536303041968277938e-01 7.961288946071849448e-01 -6.038345832107745448e-01 8.996194990153119075e-01 4.037163291231737894e-02 -7.840702468810221148e-01
-3.442919720145831697e-01 -3.421012810504406865e-01 5.345909668131629822e-01 -6.416569664535025641e-01 -8.751006357888211351e-01 3.091940031647026910e-01 4.715874003059405961e-01 -6.111388076544019832e-01
2.605567782759532491e-02 7.441536836616393646e-01 -1.805369259872759979e-01 1.588357481326749809e-01 6.903544018412333116e-02 3.703711942104237487e-02 -5.265720038961587690e-01 5.660046863847911780e-01
-7.737086417131355809e-01 -4.587933071348668790e-01 -1.722362499738772090e-01 7.344914622064433463e-01 -4.640385036265892715e-01 9.682691594069914309e-02 -4.319971830857198825e-01 -9.894645272471578323e-01
-3.758918283169219166e-01 5.003540330718367901e-01 -7.908237814013936440e-01 9.545447363329331303e-01 -3.003134516534757825e-01 -9.079122707665361336e-01 -8.017834126591605326e-01 -4.134603600349073815e-01
-9.739064520570359651e-01 9.745788988401171693e-01 1.216643250720155223e-01 7.407477042752286245e-02 5.154693405726211708e-01 1.667999840867540051e-02 -2.798208601370211213e-01 -4.935155673682887212e-01
3.200342259459831862e-01 -7.603556671683293633e-01 -5.622198461559706484e-01 -4.382417236886393397e-02 -4.872558866737288774e-01 3.220107222017261073e-01 -4.895731807306356043e-01 7.620062444883912711e-02
-8.701632249467394775e-01 6.228695118365541461e-01 -1.158232033632982105e-01 7.260815025555040769e-01 9.989341912334723794e-01 2.371957662213299844e-01 -7.408243680367476713e-02 8.666435588483056840e-01
5.422211057030401626e-02 -7.414384867275858326e-02 1.634372190079995679e-01 -5.889052311914029225e-01 -3.852575340241910506e-01 -6.374339454034017027e-01 5.031678949856290828e-01 -9.485129016669364699e-01
6.742102873324137269e-01 1.362265459728290384e+00 1.436992051854170560e+00 5.393236342770724168e-01 1.153016440194785552e+00 1.297273426558549048e+00 1.185219582568709296e+00 1.258698532810267334e+00
