-4.821562596276913748e-01 7.399897649912803299e-01 8.976865363722237312e-01 7.315613117865897852e-01 4.886692453237644340e-01 -2.855802619702261236e-01 2.721378255926318879e-01 -2.906500144374934980e-01
-9.685816696193718656e-01 4.565562764821162745e-02 -9.993520039086241091e-01 -5.145998757080760821e-01 -7.777435690768312870e-01 5.227806699867296736e-01 3.529166689291183268e-01 -4.167599235683880909e-01
-6.167376152935446498e-01 3.569415550144470206e-01 6.356373180084886609e-01 -3.296522423303207550e-01 -5.516211150183780720e-01 -5.592994187799824601e-01 5.193137828045295556e-01 -1.970034881020068518e-01
-7.917436310204806205e-01 3.736223380303149710e-01 -7.003716479156116836e-01 -8.507217103047401974e-01 -1.963712946892164357e-01 -8.482260273126085437e-02 5.686722570254687525e-02 6.442932959453067099e-01
6.986969486439797983e-02 -5.715547186040297323e-01 -7.475012628513204582e-01 -1.571896627264632862e-01 -1.153790086405623860e-01 -9.739563381340865522e-01 -7.019296618939740995e-03 4.923260586019837515e-01
4.068133134673537210e-01 4.283107010435260875e-01 5.532506433545711921e-01 -3.751414782420654515e-01 5.744342485570543833e-01 -5.016897846707091269e-01 -1.808446675917705360e-01 4.085411846277915426e-01
-7.706282278084390924e-01 3.868105446877072584e-01 -7.941945738009152933e-01 8.929804211482350595e-01 -1.915039070258277576e-01 7.228175857755523293e-01 2.505833193424960026e-01 -2.406453059880009349e-01
3.498460662097093721e-01 3.367649508956385151e-01 -3.090993850579253355e-01 4.349596453491866299e-02 -7.245463805482044162e-01 7.040851674735426613e-01 1.363497146214598388e-01 -5.742968102651497819e-01
-4.149033996697433224e-01 8.590657835314068347e-01 9.103739645131136982e-01 5.049810706654862535e-01 1.246950458528479633e-01 8.862333012190997117e-01 6.654101358266146793e-01 -2.719797512407369222e-01
8.182472145553395526e-01 7.952396019592985477e-01 1.007654669048306140e+00 8.808920600464656969e-01 6.932552516131895715e-01 6.587982373974745620e-01 1.200565833688763018e+00 1.394659181675512505e+00
