8.141682835290970921e-01 -1.030414145981377594e-01 1.365476051939888968e-01 -5.286427691569426379e-01 -3.582348001149529004e-01 -2.143251154032836947e-01 2.977728317007046765e-01 5.215563274865702148e-01
7.810246780105332132e-01 -1.657388546571745280e-01 -3.996644245806566520e-01 4.117568332404786258e-01 6.095544397922658675e-02 -8.990073603645993838e-01 -2.172545025706100752e-01 -5.757674216628871910e-02
5.484905630368039908e-01 -5.726174445643528177e-01 -4.526660671711522088e-01 -5.940316402212504343e-01 6.104950290429120852e-01 6.821963947726186195e-01 -2.736456009343510853e-01 -2.386556366333203449e-02
3.110235777298711035e-01 5.904925701353045397e-01 -9.300378152940163012e-01 -9.071218572655070922e-02 -2.366522635766110660e-01 7.067452489319230313e-01 9.070946515757958295e-01 8.341456397084396901e-01
-2.229270446168258868e-01 3.897013230332695422e-01 1.789604978048904282e-01 4.255108512828864598e-02 3.540978707799629088e-01 -9.957908895706446550e-02 9.413953706578184200e-01 3.754353558773626531e-04
9.240104714709973521e-01 5.038761878935087424e-01 -9.777561771771177135e-01 -6.568351857297920482e-01 -7.810146999979743487e-01 9.599465396374511350e-01 -8.122475962828945573e-01 -8.606340080453520613e-01
-4.029911983946716791e-01 2.379511790572117480e-01 2.018671178238116148e-01 -3.419979784667381839e-01 -3.872747662874138630e-01 -5.373219090501319961e-01 -1.864849767378677914e-01 3.375699897386430504e-01
3.817378221602587551e-01 -1.946505239021654177e-01 -4.591082714627265915e-01 8.726863469911398941e-01 -3.207502693294019824e-01 -2.474786018222436823e-01 1.467111394104805289e-01 -5.350509457957046688e-01
8.263915726611972268e-01 -1.982154095020449702e-01 5.485523608885527480e-01 3.509126943602203230e-01 2.694808131669534923e-02 2.375579034894492736e-04 -7.351114286406161824e-01 -5.100221367118924487e-01
7.296291871293758557e-01 1.487146910702795477e+00 1.491902548074407697e+00 8.519846069100746044e-01 5.385068067431448835e-01 5.131671012919978292e-01 1.096436781700141694e+00 1.411109920771068005e+00
