-6.533118393127363976e-01 -9.773860617942999873e-01 2.586791465279885127e-01 -7.337089687417861494e-01 7.804968405856926861e-01 -9.377909303497171667e-01 -3.943058947132591641e-01 -7.012791252879047033e-01
-4.502264766940997642e-01 -4.802313786078493685e-01 -2.935965756131662108e-01 9.280998718474338105e-01 -4.982391488534718693e-01 7.448153123763541217e-01 -8.423378293288688035e-01 -8.958014546346737550e-01
-8.949671420943841049e-01 -1.884355206813148609e-01 -4.841607752877847837e-01 9.149795531396811565e-01 2.808353589883090251e-01 5.106808602149350840e-01 5.723844119765333360e-01 -8.109040154308715387e-01
3.527056499154972435e-01 -9.543348219203009464e-01 4.839943275593037164e-01 5.972433635312357492e-01 4.689013965107622361e-01 5.067701479786703711e-01 6.052381785674374459e-01 4.527477833852620037e-01
-9.799113277019786405e-01 9.062899956437073801e-01 -4.926946495619892730e-01 -8.262084831993270484e-01 -1.091964993026315334e-01 4.641911580148319061e-01 6.769530711023001857e-01 4.679487231766485955e-01
2.003433325275876253e-01 6.892673255358017226e-01 7.208031242493087021e-01 -6.271609213620892298e-01 9.170190777129312298e-01 3.608112956862830067e-01 -7.592992288529631928e-02 8.362831733941415990e-01
-2.522562477208598608e-01 -1.372823854480251793e-01 -3.881349274596206378e-01 8.278196337509418079e-01 4.645461380657700534e-01 7.034991616043970719e-01 2.853653284944122070e-01 -7.734080668646599044e-01
-3.257017726376787436e-02 -5.975808522187882055e-01 6.765175362690596383e-01 9.797511211663405550e-01 -1.179321362374083915e-01 -5.700410126807462508e-01 -9.705406496631998614e-01 -1.087153462666947679e-01
-2.741872975737171814e-01 9.162751211762576453e-02 -8.914649963098024710e-01 7.811313917889890490e-01 3.133462657698931064e-01 -2.991167159845726786e-01 -2.781137506060875619e-01 4.632064748250330766e-01
1.259861998601916389e+00 1.088762271888577438e+00 5.157589901234947982e-01 1.487756194182206837e+00 1.119335946521476277e+00 1.077038463284446745e+00 1.326395715297802980e+00 5.960692787681437510e-01
