7.404044573034962440e-02 -6.313912981686615744e-01 1.727628449504707842e-01 -9.202799304714635031e-01 5.556400669813408300e-01 5.539518052946914572e-01 7.756398612665420522e-01 -9.525596776862579329e-01
-3.436890078753807032e-02 -4.880347708281962404e-02 -2.620970886492426377e-01 -5.047339339164620409e-01 -5.838622574487202233e-01 -2.891975569946030333e-01 -2.826211848982020935e-01 -4.318035193470757260e-01
9.704364318691942604e-01 -4.992314447182222281e-01 1.366811987113289995e-01 2.357493820899558834e-01 -4.637122870283181264e-01 1.131694567502883331e-01 6.038565421921395782e-01 -7.855936192186327993e-01
6.139082486710292219e-01 -1.157653839271819418e-01 7.812784532348100441e-01 3.314805826712325931e-01 9.024402355569998146e-01 1.246962813434278061e-01 4.427550431467752734e-01 4.317453090928968784e-02
1.893605344186248818e-01 -5.903416621890376081e-01 1.895189133123387215e-02 -9.102160414934770127e-01 -1.328456069797148142e-01 -5.248360712956321450e-01 -5.850613295068145536e-01 -7.159467158767585104e-02
1.064138904593585622e-01 -6.019709185052113387e-01 2.288728434592084415e-01 -8.971399256795464794e-03 1.667186773668338784e-01 3.896004406711925938e-01 7.106914812960019034e-01 -7.147585243953020750e-01
-2.210123655843072576e-01 6.574354265443416168e-01 9.048537862997532155e-01 -7.785609314430619321e-03 -6.773766254776831808e-01 -8.653799129228854081e-01 6.150479394693626478e-01 -2.534864936463756546e-01
4.262309883649781916e-01 9.159622058141847489e-02 -2.739709625012078931e-01 -6.267441848972881147e-01 9.604546261171245103e-01 9.382982646656767844e-01 -3.424255252120931292e-01 7.835479146773480785e-01
6.591410597580646957e-01 -3.921493201524102190e-01 -2.131443206765788467e-01 -7.559500766803117777e-01 -5.014879884260716736e-01 6.061557845576139858e-01 -4.583829296201038517e-01 7.848326419141826715e-01
9.158405542991335802e-01 5.115535822447230263e-01 1.173114502274993143e+00 7.816318261387031896e-01 1.041073227588411809e+00 8.981738986778994294e-01 7.313748199412835049e-01 5.317578042619679479e-01
