9.177069262540213934e-01 4.766002531632766992e-01 4.035051761503845036e-01 -3.785733594124143231e-01 4.730207646494675178e-01 -5.738280321484312552e-02 5.550655633974570513e-01 -4.185447870296179484e-01
1.348172083611283156e-01 5.696436559711157699e-01 3.310938908912302026e-01 6.119246131655644572e-01 -1.884215662861388196e-01 8.547035326708556369e-01 -2.725830051274165111e-01 9.276774457478489389e-01
5.486893425761387721e-01 4.955826477995239898e-01 -5.524080466641230203e-01 8.792045470082636704e-01 -4.013890690134127581e-01 2.861682577341264633e-01 -9.286898842135025145e-01 -3.343110047682524844e-01
3.317219725822173615e-01 6.251361041127085905e-01 -5.353579200472213806e-01 -3.699976478091859811e-01 -3.315125492273589547e-01 -2.273849386715161014e-01 -8.414114189147094969e-01 -7.924753734902785229e-01
-1.138384847470756966e-01 -9.990547796588684637e-01 8.553066256412655832e-01 -7.517403121560271018e-01 4.497652835469290178e-01 -7.289827299175355435e-01 -4.874783853320363569e-01 2.474617137051826621e-01
3.563793553315885987e-02 -6.061294618124424272e-01 -4.886699726136713995e-01 3.080780929106405885e-01 -4.810974465330493111e-01 -3.151511634171757503e-01 6.178182306104784693e-02 -1.212665335761489160e-01
2.650119951933942453e-01 -3.782108441402460830e-01 7.695779759262095787e-01 -5.419058614273282171e-01 5.338612433011478142e-01 -9.278976919908068499e-01 1.934705072276021731e-01 3.795826146235241616e-01
-3.399650006812890979e-01 2.004664937863673835e-01 -5.631645763001127403e-01 2.103956790084777762e-01 -6.450103572471874713e-01 -3.584267907217928428e-01 3.990954693427783972e-01 -6.605130212712351234e-01
2.061695664370908343e-01 -3.077820652816931624e-01 6.094519447987427618e-01 7.793026227682049445e-01 9.111139961396013121e-01 -5.908833311176753256e-02 -7.069993156910781007e-01 9.979300118726495139e-01
1.401983214525679200e+00 1.017874713211764703e+00 1.256528803557828144e+00 1.165173906222926714e+00 9.449420417911470471e-01 1.373067717293562362e+00 5.953594421986029284e-01 1.052469641457678406e+00
