2.720296083291280365e-01 5.219766251458441975e-01 -7.554127683830014206e-03 -4.277638366057416874e-01 8.105662201713319526e-01 6.638571265510995190e-01 6.131768269862660770e-01 6.792258283886625225e-01
5.913064196207424850e-01 -9.927173163666578315e-01 -9.409739212474244052e-01 3.273181801292592841e-01 -7.109443695728066004e-01 2.018150632606223738e-01 -8.564738491963399536e-01 6.850636859605421236e-01
-4.579085624337775329e-02 -2.939916172447372134e-01 6.543268813596103683e-01 -6.956136129368619692e-01 1.737052397909828461e-01 1.963175084087185329e-01 6.620307862573016067e-01 -6.143520971182450108e-01
1.864496942738156360e-01 -8.157993107119732024e-02 8.830222664841214097e-01 3.296468451397771560e-01 -2.605327014750586923e-01 -2.195753390311445674e-01 9.736836883725918934e-01 -5.883750647969943071e-01
-2.672910188062436188e-01 3.375167962117699982e-01 -9.447282029467374276e-01 2.475768265968114612e-02 6.209664565730661501e-01 2.959677383262373507e-01 -2.733517465304275973e-01 -6.124276931083141307e-01
-4.915453384707262341e-01 -6.923561784668834651e-01 -4.286689374756327275e-01 2.010413890078082133e-01 2.275272996906050338e-01 -2.575708876354438903e-01 -7.087096743334799775e-01 5.152056620291813882e-01
-8.633432259597244585e-01 -2.401272711331547960e-02 9.981079432421569031e-02 8.718209020386975538e-01 -8.133808639418735886e-01 4.829179289870395575e-01 -3.684876572542279405e-01 7.841417272565263108e-01
-7.351754743524221425e-01 9.911179297789438625e-01 5.470649043620889884e-01 6.672935802426738228e-01 9.055024563298250673e-01 -3.004402368973246862e-01 -9.600581125797253979e-01 -8.243968456938024492e-01
-8.132240193740039036e-01 -6.826149109485515343e-01 -7.470487208899008191e-01 7.584594077722559557e-01 9.044713745185724019e-01 -4.161229940348363243e-01 -7.832606811221884957e-01 6.857871149968568503e-01
1.056638117622858086e+00 1.384301208469903788e+00 1.423476733195702559e+00 1.495884971962860632e+00 5.411938802593587727e-01 8.818688437742818742e-01 7.647245890246852085e-01 1.491843120486429530e+00
