8.870606849485618284e-01 -9.981490615597348182e-01 9.790580389418335194e-01 -6.649687911091164416e-01 -5.863063590522819002e-01 -6.631042282313137637e-01 5.752308579043918790e-02 -2.460302685701796221e-01
3.277140596995846700e-01 6.227287336963396314e-01 3.719625423506067730e-01 4.538036942309009447e-02 -1.601351282326501924e-01 -8.494265607969226917e-01 -2.114832183031802870e-01 3.298568440537543722e-01
-4.211256524929618550e-02 -5.302476537661935385e-01 -9.256254943252799627e-01 -2.073669718969133324e-01 -6.573452058421236366e-01 -7.696842049445116185e-01 8.352208377620642388e-01 -3.099579058478865168e-01
-1.585468417941706676e-01 6.180008345467002950e-01 9.186831670981885356e-01 2.119900344837457595e-01 9.856945110402703936e-01 6.270666609714226070e-01 4.390855082831723877e-01 -7.380601181697141744e-01
-8.711339099413442089e-01 -2.249874037409524963e-01 1.256386126004596093e-01 7.178560804672156070e-01 -1.368154419743243810e-01 -2.903925773226638807e-01 -6.716158982298150448e-01 9.826335933242162923e-01
4.590322115946192660e-01 -4.955311577740184603e-01 1.578026420529441420e-01 -8.166947405308648822e-01 -5.539463187015651879e-01 1.511050122354749004e-01 7.848768663717979877e-01 -4.917415002565719284e-01
-7.895794472697521549e-01 8.558415257354390349e-02 9.115271773640889474e-01 4.669380140189465234e-01 3.094049141344268339e-01 6.259282450173930812e-04 -1.831885461967670548e-01 2.568418707709230198e-01
8.791934982843776503e-01 -5.712479792557818570e-01 -5.162663451800806325e-01 -6.839696192251689677e-01 -5.386982186724569299e-01 -3.194690926627208327e-02 -9.534014046677474763e-01 -9.729045450239512949e-01
-7.297502769312733673e-01 4.442640021834796116e-01 -3.907557111998989363e-01 1.388011853566255560e-01 -4.957881751260968528e-01 -4.838006785178012858e-01 -2.761244103511506509e-01 2.206672516736210010e-01
1.281992046620837433e+00 8.881318065388987826e-01 1.345643485513835946e+00 9.296131798454018158e-01 8.043003144245527425e-01 1.285263840870142449e+00 9.255169219047030271e-01 1.115305364434068469e+00
