-4.187059143686109319e-01 5.211527592927978070e-02 2.664151494343640625e-01 8.351764331372157901e-01 1.173765824087322773e-01 -5.655899680623677206e-01 2.661180650819863214e-01 -2.799379334580061052e-01
9.193710982372023111e-01 -9.931131560346100340e-01 -8.754622793390314239e-01 2.079784360858170089e-01 -9.162932029433596970e-01 3.559749751343734836e-01 -1.558836142495443333e-01 4.040171848685356615e-01
-8.948070406321351200e-02 9.294264863729844173e-01 8.173333355237488718e-02 6.282902602968176708e-02 -3.740107808869774786e-02 2.865224980698355406e-01 -3.209039135856535108e-01 -7.773725878059958294e-01
2.394212692625630190e-02 4.899075663123679814e-01 8.886296263385191629e-01 -3.551117467443087872e-01 -9.314057126439883039e-01 9.576935044256611462e-01 -1.229382055219112591e-01 -9.116631632939995455e-01
3.635076949054854012e-01 -7.532685435462729284e-01 -3.256242608340345068e-01 5.596205996561047780e-01 -5.788009504911408865e-01 -5.665297971745206773e-01 -9.398016330087448633e-01 -8.971610379062666674e-01
-2.197889790908635899e-01 4.136310044365543170e-01 -5.790516643321435009e-01 -4.575907917275527925e-01 1.022436673368609661e-01 -4.815339580933268859e-01 7.839069490922778716e-01 -3.636143791474282239e-01
3.891629179945352845e-01 -8.915959234214725360e-01 -5.225990599670069514e-01 3.285105216770940473e-01 -4.428590208861145072e-01 4.508672429405466975e-01 6.416169510286888755e-01 8.275344869858221042e-01
5.647075544404203118e-01 -5.818676235832069832e-01 -1.250407434809088780e-01 -7.139486677992383790e-01 4.786885397647493434e-01 -5.085017595279195390e-01 3.855540243370128017e-01 4.321625276246634506e-01
-4.819181739969793377e-01 2.704452183267287424e-01 6.302063549717653590e-01 -6.344665032077889677e-01 -5.659684194269385404e-01 8.613351706985934442e-01 -9.409652186750430136e-01 6.273063442622428543e-01
1.442395145522786581e+00 1.437109596851362525e+00 1.014287625722173125e+00 8.541625577664601066e-01 5.101546912930106092e-01 7.247205123014857087e-01 9.904935948075440644e-01 1.448058829978977169e+00
