-2.844389629738843794e-01 7.551723845165212445e-01 -9.005024729223927160e-01 9.374652415883508727e-01 -7.286888493901053643e-01 1.520814914289903008e-01 -2.992376328923465056e-01 -7.760609349274336655e-01
-9.890457091962963077e-01 -9.862858139894083997e-01 -9.727953948583745181e-02 2.192584836618027833e-01 -3.257119873978742142e-02 5.007357696126009117e-01 4.273814286241917060e-02 -2.123513079044359042e-01
-3.813798244077863941e-01 -5.612897251917936536e-02 4.810575449093816847e-01 -2.516652334762583543e-01 -1.804333471821981671e-01 3.725231648749476321e-01 -6.833063981728952907e-01 6.227840497731684799e-01
-3.601080022232030498e-01 8.967989508931326625e-01 5.659660564196977717e-02 2.762798560222567978e-01 5.207937839911196409e-01 -6.564530093680962519e-01 -6.953713633237135205e-01 -7.987694091307380173e-01
-8.699861146599972006e-01 5.406286148220975640e-01 -5.617554829882209777e-01 1.990470082355124681e-01 5.621845047070659351e-01 4.405417123308368321e-01 7.061247541926374272e-01 4.645485769804627019e-01
4.231586583480650976e-01 6.746672690747046452e-02 -3.245150813930701705e-01 1.896378920138026558e-01 -4.589092142224373561e-01 3.222002055373869300e-01 7.391939230471615829e-01 9.861666975093241749e-01
-7.145873169458514251e-01 -8.161834391040954095e-01 3.427830979013872792e-01 8.729109465092799169e-01 1.150129839024753853e-01 -1.798732749253184604e-01 2.064011188693704035e-01 9.846498222364252761e-01
-6.721736660252994877e-01 2.048063088123295294e-01 2.213765528323046183e-01 8.773025590728771306e-01 5.824760487444888835e-01 9.372086569724555893e-01 3.483501535948967387e-01 7.362740634285613872e-01
7.628309097959746765e-01 -3.014053765381548011e-01 8.309943244613631208e-01 -6.959323811691140449e-01 -4.344977855427338831e-01 4.845283457830509288e-01 6.984873516173530916e-01 8.864080821893671747e-01
7.341081781981334542e-01 1.226558250768750913e+00 1.341701322171940713e+00 1.217462090175474465e+00 1.227144943304375069e+00 1.161867537509815085e+00 1.499972842516732907e+00 1.449009757577519153e+00
