5.817834196063318419e-01 3.024007247931217446e-01 -4.567857124141887493e-01 -2.031178976960239524e-01 3.414415771836194491e-01 -3.961750300655837442e-01 8.085910455094005300e-01 -2.207702447104673560e-01
-9.879938899098716920e-01 5.345342047526158158e-01 -8.662032028307637965e-01 8.452695068965350167e-01 -9.423034149073417076e-01 4.102429623747294585e-01 5.862447752641748444e-01 -6.439222208942503300e-01
-3.083575228808888014e-01 7.070078419945025061e-02 6.743937010115990116e-01 -9.920839555781919561e-01 -1.319929681483362760e-01 2.617923173135414672e-01 2.243069423793289108e-01 5.428220726875188085e-01
6.713476395582571588e-01 4.217705305172592123e-01 5.260568834873868838e-01 9.162725925638763869e-01 6.851665776143682773e-01 -5.711376469281965740e-01 -7.254904946692182222e-01 4.105792818581008863e-01
1.251128016324565273e-01 3.925374301048261128e-01 7.565999382961354769e-01 -6.388163935132782356e-01 3.704648223625839343e-01 3.384974808694549697e-01 4.169425330153970766e-01 -3.919473834974713800e-01
5.897191920683753086e-01 -5.705974590722484585e-02 5.481847665870114295e-01 -3.857634931918947352e-01 -2.963639343239101720e-01 3.477428133134885524e-01 5.067510216928452493e-01 -9.223434299719273088e-01
-5.543945778705017258e-01 -7.628749491212607481e-01 2.043335913853403518e-01 1.489506688969137738e-01 7.641772225684735353e-01 9.224382671114865762e-01 5.660815877842928501e-02 -4.082986056250659246e-01
-9.236798443624483212e-01 7.359331644850377607e-01 3.830425997152886453e-02 -7.080239024223091704e-01 -2.344276998155747638e-01 7.134576647683010808e-01 -3.439028382133162420e-01 6.021020506795087268e-01
-9.283297787707125437e-01 -1.696058506610322869e-01 -6.584843814556549102e-01 6.525865963151455951e-02 2.813463837572816040e-01 -3.620026182780256008e-02 3.745760459483964411e-01 -9.715971231235278616e-01
1.396110443944828639e+00 1.309120716482763846e+00 1.203365778010674347e+00 1.210607611564608277e+00 1.416756862622742252e+00 9.754584243634343288e-01 1.185082837533951050e+00 1.440593164532879999e+00
