2.068296559348237196e-02 7.142250559479628169e-01 2.842601644045914533e-01 1.619662683856173402e-01 7.014764988890738184e-01 7.453944103627208051e-01 3.830734775647095525e-01 -6.925185358567194083e-01
5.524862944374901996e-01 -5.621845944485741597e-01 -1.428612994262270508e-01 1.747010385122100828e-01 8.746354171824577417e-01 -4.404503023738024492e-01 -7.924059783044550276e-01 -7.253654887229439296e-01
5.623368160770418900e-01 8.954931994794357308e-02 9.145347593154358190e-01 8.190514076033095225e-01 1.331853763122272660e-01 -1.910462727572552755e-01 -1.011066669099307536e-01 -2.285363405183760133e-01
-7.176783916134701347e-01 9.383603683472012680e-01 5.467963384776060032e-01 3.937982322757394016e-01 -5.344717762990218723e-01 -6.336825975054334315e-01 5.176903981283851319e-01 -9.995018787131657589e-01
7.002600719297331633e-01 8.823411835175942741e-02 3.761075670073779076e-01 3.694905172468425647e-01 4.841787080330555160e-01 4.945516592948564494e-01 -7.183090212252540852e-02 -7.854917960642664454e-01
5.442068744250085910e-01 -9.654950856999684472e-01 -9.964676926399473889e-01 -4.604132684452193480e-01 -5.650300780356554142e-03 1.255002858719533876e-01 8.248008520711931357e-01 -4.343832142573893496e-01
-5.647455214169645465e-01 2.820195627617438916e-01 4.119231088806769581e-01 -1.111635442492198145e-02 -4.324724598423237421e-01 6.594018469407396665e-01 -1.171222786863368448e-02 9.992015888632153064e-01
-3.681674269058625715e-01 -2.178178551884910608e-01 1.405697972181398914e-01 5.630154402863456475e-01 9.403104866061868794e-01 2.850235508135483542e-01 -5.290987336474235470e-01 9.042656829739124102e-01
-1.858906125982786595e-01 2.518625112712751246e-01 2.270025706019764833e-01 7.714547482192002370e-01 7.613302189231887507e-01 6.895644275147965185e-01 -1.970681994805387749e-01 5.907127010138910617e-01
1.091124286895842399e+00 8.198287751570063620e-01 6.638147968212040340e-01 1.393365998341960843e+00 1.477164398651436450e+00 5.184328161013793679e-01 1.212448763323973111e+00 1.406096606199099375e+00
