9.405409120124343936e-01 5.609437700949904126e-02 -1.642877712957799829e-01 -9.170879712289643493e-01 -9.103240651223447610e-01 -8.010892201744113095e-04 4.656662275735483636e-01 1.182665602110462011e-01
1.887837313718729870e-01 -6.415579919277176746e-01 8.134774835442246665e-01 -3.275183714298757209e-01 6.857057463196059022e-01 3.075215957927890376e-01 4.311405279863673723e-01 -9.650955389330877487e-01
-8.067447681039241481e-02 -3.810867233768511220e-01 -5.445498061763975883e-03 1.718346148362126513e-01 -2.169148038922665833e-01 2.493038224478238973e-02 8.505409440396485277e-01 4.494840482272386417e-01
7.706867160927677318e-01 -5.747459866027797570e-01 2.613648174961413773e-01 8.389412646614713420e-01 7.254522652427954910e-01 -7.864206843764487420e-01 5.059943002109177357e-01 -1.496951172789819928e-01
-3.156951992908034743e-01 7.888716365178547463e-01 8.310562487007033816e-01 -8.108272122340653976e-01 1.843469501565402346e-01 -5.731447999703280782e-01 -2.877704928391877637e-02 7.382817085089656839e-01
-1.746894662859084235e-01 5.891998290144719874e-01 7.705138330634415667e-01 -4.928998190813576041e-01 -7.735701238998218265e-01 8.822011829930367366e-01 6.676764621864708094e-01 1.230277033973659062e-01
8.326801607076224077e-01 -3.423758334447228879e-01 8.154377144057907145e-01 2.651979025548429902e-01 6.238809744360043208e-01 7.596110868823628959e-01 -2.088288283209085439e-01 -8.793997898534291480e-01
9.395071803192167614e-01 9.015356186841878561e-01 -4.556141394385515575e-01 2.582838191263525651e-01 1.279518943100139694e-01 -7.520605102182864599e-02 2.904512115610311529e-01 6.638124185644771469e-01
5.553407269929679924e-01 -1.442943526331859072e-01 3.468074905365932104e-01 9.654032895951898396e-01 -2.827350608103318397e-01 3.346592331615361182e-01 -7.618616689488812987e-01 -2.266551656353286148e-01
5.359108554919607137e-01 8.146758729289936829e-01 1.495930404904100008e+00 1.466446689216637900e+00 6.953538646468068185e-01 9.605950152832901656e-01 9.093173989442778771e-01 1.481677784345366788e+00
