-5.304210273698586331e-01 3.165655868049410682e-01 -8.551181566193992722e-01 -6.743415626903543902e-01 -5.956379708884553814e-01 -3.834558752910064428e-01 4.129673627341576836e-01 8.452498347663530698e-01
-8.954566453806140913e-01 6.689827426552732437e-01 3.025419579941486248e-01 -1.832635665839548178e-01 -6.826730144121984090e-02 -6.235766608834520941e-01 -5.746573085802497705e-01 -1.124363788829305655e-01
7.833534007734128668e-01 7.892366017104934794e-01 7.199948971186997948e-01 1.450729997830852991e-01 5.905964042615019505e-01 8.093337988883950729e-01 -6.140529334552060625e-01 7.826228401074053487e-01
8.032696759493236360e-01 -3.374346514269230823e-01 9.792047795671772192e-01 8.711817883271935070e-01 4.499819596343590522e-01 7.552844547560888522e-01 -1.080752189794602636e-01 -6.321277183501650132e-01
-8.214090468573300718e-01 -7.732330166836574037e-01 6.377340741450245876e-01 -8.423964110413371120e-01 1.647927699092359699e-01 6.329562333507987582e-01 -8.241401959411565059e-01 -3.377257036079921448e-01
-6.495129850132295157e-01 -6.396816287571627235e-01 -3.992474844208702134e-01 7.660928788468404083e-01 -5.333467962170310717e-01 2.302329735652872689e-01 -4.361211139934262349e-03 8.205955704385639038e-01
2.269943863097407810e-01 -9.297783261602416971e-01 6.376370902485484216e-02 -5.007994213196886868e-02 4.554512414081179905e-02 8.952774285570668233e-01 5.971569911135738984e-01 -7.104842026191047211e-01
-5.704143042825784438e-01 -2.044952119724363637e-01 5.579746555719826695e-01 -5.531130891874902478e-01 4.869252387841851437e-01 -8.196475936620370994e-01 -2.127209004117656121e-01 1.080633608014778257e-01
5.672605685623233196e-01 -2.666682752696942771e-01 5.036186324654114976e-01 -4.246084491730144350e-01 -2.099172837123266522e-01 9.251428534803560755e-01 3.056434643356487069e-01 8.655716648141817959e-01
6.630355187924706906e-01 1.373898456266605894e+00 5.382098941602057041e-01 8.993537410944455468e-01 5.123988318545529275e-01 6.389972783890573993e-01 8.063765432481861950e-01 1.411426301423124752e+00
