-4.849336237834411811e-01 2.712521959665044058e-01 -8.419770788059444122e-01 1.557980674426593382e-01 -8.383854874937739510e-01 -8.828347331736321468e-01 -3.616333852423667672e-01 7.811597929464411116e-01
-9.424087320886895824e-01 -7.512468401162879506e-01 3.035806602300528123e-01 -6.174667896662122679e-02 -9.324122310034870242e-01 9.173027538276472548e-01 -7.936134058460191376e-01 -3.824572034568514134e-01
3.143797673141046634e-01 -3.235962126259992466e-01 -5.416734623693237882e-01 9.612441064541317193e-01 7.648684134416350311e-01 -2.028523156485018131e-01 1.340734614606660102e-01 -8.619488675864399596e-01
-1.632791580709898049e-01 3.545772094867118973e-01 1.656696381132667373e-01 -7.597622183003727159e-02 9.850648151405803077e-01 -3.867641609143157577e-01 1.756047786756074203e-01 -1.067709678193029532e-01
-1.597713519355867806e-01 5.313655921995708020e-02 -5.754864475193695039e-01 4.117810219484854262e-01 -9.200902528469763197e-01 3.806066572233652856e-01 -5.578561128123091795e-01 3.348544573602263430e-01
-9.768536829672278543e-01 -6.398484344985155836e-01 -4.987529925861038382e-01 7.393149189565937363e-01 -3.940803209195238299e-01 -8.129705567156348955e-01 -4.441372639145158008e-01 -9.600084260002275105e-01
2.308185030370200064e-01 8.360984208159432107e-01 1.255301993073643096e-01 -6.095906264998700586e-01 6.844922537364339643e-01 6.855401772318312492e-01 -5.201712768921100682e-01 4.312138588314959886e-01
-8.329085269927949398e-01 3.188980400038019525e-01 -3.047123371535087610e-01 -1.135129704769708425e-01 7.442532399997496828e-01 8.600435716529235552e-01 -6.730535411444868998e-01 4.989273170927610579e-02
-9.184449789290141108e-01 3.790201441054710241e-01 9.511169526832079502e-01 -6.407457932047848637e-01 5.808330770254281905e-01 -3.236476698122916495e-01 7.757346264279412207e-01 9.210934649107205274e-01
1.461062305506067416e+00 9.150499758634308423e-01 1.357580411664492726e+00 1.022702439729775259e+00 1.041408376785840417e+00 1.144956106942851548e+00 1.327360087340649475e+00 1.416684440554784041e+00
