-4.662485266845599607e-01 -5.018767303957156756e-01 -9.723170894287891386e-01 -8.671107867732907870e-01 3.871524002759336724e-01 -1.868273872710368710e-01 4.631099800414850698e-02 -7.339230581455231661e-01
2.538945676459056777e-01 8.972839201813196386e-01 -8.375292367681392847e-01 6.720248530086043726e-01 -5.979449475119211765e-01 4.866652129510213864e-01 -7.612646562198672751e-01 7.334517897627652605e-01
-4.032598844723835896e-01 -9.162794409479997348e-01 -2.997545669896000131e-01 -1.320749314452283052e-01 5.001419503626889362e-01 -8.013516876056714366e-01 3.798358296833035386e-01 4.191071551899565595e-01
-4.381589426269270060e-01 -7.083373868915670002e-01 -2.292302793857738941e-01 -7.175736641902228374e-01 -9.548519478265660165e-01 8.004104050801521542e-01 7.232341995176490013e-01 8.914514405930364926e-01
-6.662093824966635047e-01 -5.776680681948092033e-01 8.276891780222859207e-01 -1.570902006253891425e-01 -3.910543923664817623e-01 -7.274520372671866575e-02 -7.373530347978671795e-01 2.562796884450069257e-02
5.782364206266590312e-01 1.121138738949012392e-01 -1.086419855685907265e-01 9.635350710791135143e-02 -6.953392695640168153e-01 2.927891698774540696e-01 7.215374741017037685e-01 -1.133335494859544212e-01
4.902627128128369538e-01 -1.209024871327941675e-01 -1.615166269600012416e-01 -8.194833303597761631e-01 -7.177045855198840307e-01 -9.395935522390055361e-01 7.459557113591108735e-01 -3.209052919351234046e-01
4.015380005291422361e-01 -2.544715821084022611e-01 -9.197859218538528836e-01 -3.821451043223795807e-01 7.770743198556135933e-01 5.748094396074556744e-01 -7.490226648211899541e-01 9.281324586479648975e-01
9.971867523411290790e-01 -2.781851849615990524e-01 8.557829907563196947e-01 -3.064020277320493868e-01 -3.920643763367426260e-01 -2.307783185358087685e-01 2.864326417718325857e-01 2.674218637420202604e-01
1.320263734590474414e+00 8.074304409274125627e-01 1.077557457029914012e+00 8.861089824777832469e-01 7.239311904206712223e-01 9.286487949076548398e-01 8.178196276087585925e-01 1.337929144382870916e+00
