8.615255881823067341e-01 -9.447648602732110490e-01 -6.780626146124080211e-01 -7.670136643917513375e-02 -3.034048809229661359e-02 -5.943949228199374435e-01 4.134167156185331038e-01 8.298834127923373494e-01
-5.827874632465102067e-01 7.340210804235114406e-01 3.181369011275334557e-01 5.807707904540861943e-01 7.945448262951742002e-01 6.313009370287085975e-01 -3.182317700325718590e-01 -8.369572740872575078e-01
-3.692415458339437517e-01 4.107443557412986390e-01 -3.600708919075794601e-01 8.711308094655183520e-01 6.576294237016337974e-01 9.640148041753637820e-01 8.557013249853138159e-01 -1.959174755544679236e-01
2.561305423699633543e-01 3.046354619413633724e-01 -3.390341723453440537e-01 1.344058760612643066e-01 8.300111323844128197e-01 3.273446340107555308e-02 -2.594317936432544158e-01 -4.216166210231468980e-01
-8.545535621731290554e-01 -9.995182939104994002e-01 3.642715590701894879e-01 1.348054367719766500e-01 -7.740796937202325534e-01 8.040755897779356953e-01 -7.861801335232203591e-01 -3.162056490577993539e-01
6.787485907281110009e-01 6.988456144347714449e-01 2.307551921219948010e-01 4.983323110634163555e-01 -5.954322847220305803e-03 -7.669791758754178623e-01 -9.558502272202700212e-01 9.554410431554511973e-01
-6.237651771646492982e-01 -6.690216971763995879e-01 5.137636268008840545e-01 9.796612924422090085e-01 -9.530273055537832327e-01 -1.151554181688243528e-01 1.543838454241306390e-01 9.342664233364870174e-01
3.258225396524343509e-01 -9.224875810674693088e-01 7.769666453599290978e-01 7.523378693016946617e-01 -8.868858361362235154e-01 7.030350053071621197e-01 -8.900718318087401659e-01 -5.331293400451491138e-01
7.786523063629144925e-01 2.534576832643831157e-01 4.635920234259662820e-01 9.746243539726120453e-01 1.040875516473738216e-02 -7.896980803522359871e-01 2.712153141348749852e-01 -3.235361174558293307e-01
1.342433562398606561e+00 5.410493545675448823e-01 5.018399413770947559e-01 7.825950452960906967e-01 9.291234605178492201e-01 1.013572912403952531e+00 8.093568113273644782e-01 1.082763624361559707e+00
