-8.971977143041875991e-03 9.126767878192607597e-01 4.692354346077332039e-01 6.021452405795104657e-01 5.792840343622889243e-01 2.183777073866903784e-01 -4.813308036036147985e-01 -6.146338933773674018e-01
4.223354751300449905e-01 -8.633853905303821019e-01 8.174986812795699276e-01 2.192972820837646442e-01 -1.320638887810239304e-01 4.606522207827628002e-01 9.410143797015888545e-01 1.213678029862266250e-01
-9.795071357271925017e-01 -1.839873820981887675e-01 -8.310317317550148797e-01 6.892719667269622263e-01 8.507728151668714212e-01 -5.601313968995893511e-01 -9.067259286603732704e-01 1.281177989225952274e-01
-4.183534864365978656e-02 -6.602459237372855227e-01 -3.324817805632549472e-01 2.120971214906033353e-01 4.317602613812028256e-01 1.337573531335012333e-02 8.175819529619687831e-01 9.414776570242735509e-01
7.810197570949988233e-01 7.569325614598187979e-01 -6.434253165577477063e-01 5.470992570292070312e-01 7.303089258198827149e-01 2.528365941694281638e-01 4.273811984036957057e-01 -8.615540943340025404e-01
-3.987279133071257586e-01 -8.053176176214891235e-01 -8.070955840560063432e-01 -4.012124297370891490e-01 -2.583181344309595229e-01 5.318139241226216285e-01 -1.136512121738566528e-01 -4.692650922811958392e-01
9.928385437830300475e-02 7.467655025619128750e-01 3.191607411251284887e-01 -8.573957706140220569e-01 3.395475198436122000e-01 2.971377571259885553e-01 -6.597615388987028151e-01 8.997942531583860148e-01
3.583448050009472308e-01 -1.634589257876539747e-01 -7.608763384490395687e-01 -6.759207715237993686e-01 8.858293043476739292e-02 6.177515256762757812e-01 7.558165663884390817e-01 8.320943212068971917e-01
6.797968352753074317e-01 -4.517270880143402501e-01 -7.763894171973588776e-01 -9.634724026663490370e-01 8.087645114464536711e-02 -1.329020308112707216e-01 1.535220676854984756e-01 -9.751048379393960630e-01
1.168364560555984255e+00 5.147584649143001068e-01 6.786427102936075650e-01 1.046787802469314244e+00 5.617049779428580081e-01 1.127070498932644771e+00 1.400393569303481023e+00 1.152287417938683500e+00
