7.513485268679442886e-01 -2.118068387320899415e-01 7.086300676047654346e-01 1.153295406966350356e-01 7.273548948208441445e-02 4.132981884937336758e-01 -7.070442089193922364e-01 -9.416134798013620077e-01
2.104337028601168669e-01 -3.177090620877156546e-01 -9.279746581945338413e-01 -4.709750552999913964e-01 7.263909017563325854e-01 -6.740244073993171270e-01 -5.665245283738762350e-01 2.597481924105515816e-02
-2.971772715078810911e-01 8.679004618306291885e-01 2.091223747332067173e-01 4.642479092108737770e-01 9.433774074930358911e-01 7.646766510403177897e-01 -2.479868482970055688e-01 -1.421163047347506758e-01
6.326984495761598382e-01 9.913461830404919350e-01 -2.700620417341723645e-01 -7.529151509017451005e-02 -5.458862469703458231e-01 -2.045550813824421610e-01 -3.990069789132462130e-01 2.177248724436640082e-01
2.841060641564228106e-01 -3.582601100374278591e-01 8.098966322423517550e-01 1.538409442297978824e-01 -5.288905191441986009e-01 1.657366112471698738e-01 -4.755680640059201103e-02 -4.639290512524247845e-01
3.817962037245372642e-01 3.170470352299736838e-01 3.047466794428868031e-01 4.245413778168920516e-01 -1.118695741845234792e-01 -6.037469419979721863e-01 7.751960997211970739e-01 6.744472719369927205e-01
4.598686458737089033e-02 -9.252861134089851447e-02 -5.547414834388879612e-01 1.738874894093902501e-01 -4.849004173103192983e-01 4.532577452619679370e-01 3.094221899827966915e-01 6.673916511386395189e-01
-9.777599866312096655e-01 8.556490090954771421e-01 -6.247279355201378337e-01 3.100414819287939938e-01 -5.074870871737051647e-01 -8.089901805267949442e-01 -7.806859988645542536e-02 -6.852659187077283498e-01
3.597905934114178361e-01 1.963834351837561165e-01 -4.808022382225218827e-01 6.157708847904095339e-01 -7.653998086982360949e-01 -6.217434519843823004e-01 -3.270668417101585401e-01 -8.946027123431723460e-01
5.055537148468762787e-01 9.456085793908065584e-01 5.532772849716818264e-01 1.204225878183027953e+00 8.858866435728660615e-01 1.008439798716788793e+00 1.339594905137228231e+00 1.431875195754757746e+00
