9.222149388596063702e-01 -6.081634194369649471e-01 9.613157476986533556e-01 2.626622406305574309e-01 -5.144864047039010568e-01 6.937971838597951635e-01 -6.708145996942935785e-01 -6.140084771831657573e-01
8.705370711494102576e-01 1.748540477983941965e-01 -6.864822108229917674e-02 -2.560164916660006007e-01 6.236189129031142198e-01 2.399397182005942319e-01 -9.279738803296795346e-01 9.329647112579173562e-01
6.573174799337975216e-01 -2.964175420551267148e-01 -5.943569397201973192e-01 4.410390002703588053e-01 -6.884031987779575257e-01 3.833235203192026930e-01 6.566661174786991850e-01 5.378169207573226807e-01
7.138976024781646945e-01 9.398210628927756716e-01 -7.963396568393483754e-01 -8.651259406127831397e-02 -9.699401935324758472e-01 -9.857992797132832941e-01 -9.051587272687275920e-01 6.554598071825046279e-01
-5.585225801824245107e-01 9.607977757568635369e-01 9.149910995675802905e-01 -4.010077932677003076e-02 -4.690841925078412800e-01 7.596537284825555236e-01 -4.371264313522966738e-01 -7.872387159969751469e-01
-6.913371408306074883e-01 -6.585821655437351652e-01 6.286477116470698956e-01 4.135866268585974836e-01 3.528540518707048435e-01 5.140570808746498521e-01 -4.747863687510052166e-01 1.984572936592345904e-01
-4.406411056928953851e-01 6.136525002873680634e-01 4.186669041256714241e-01 9.130277518921143809e-01 2.847747132044364804e-02 2.817345619475808416e-01 8.471220150035132512e-01 2.018931985065730572e-02
-5.421880064447444081e-01 -2.699964312775795516e-01 -2.216280055557433570e-01 -7.906754648065379421e-01 -3.606568541775789782e-02 3.756290337310743688e-01 9.377707682571936321e-01 -2.856499520881641274e-01
-6.321664547106662368e-01 2.052569449801346924e-01 -2.423569520920934028e-01 7.170778347297159794e-01 5.487798767701494995e-01 -9.898377741250152795e-02 6.878822659555172692e-01 2.667796764816114941e-01
9.886573579751208873e-01 7.094471037854692685e-01 8.686823924975984879e-01 1.120634209429374861e+00 1.444904869477946496e+00 1.436681260145437067e+00 6.135919857141306499e-01 5.454994951274735326e-01
