5.392421116530055070e-01 -3.397224708108961266e-01 -2.492649065025531741e-01 -4.318776317295425216e-02 -1.642553385538856325e-01 1.468277281832788272e-01 -3.539356308893184533e-01 1.291552823103256920e-01
-8.873465542965366382e-01 5.248420341848705206e-01 -8.287282658075589836e-02 -2.477484063187798125e-01 -3.114611959592183954e-01 8.748511486360421863e-01 -1.998586305361786941e-01 -5.355193465024146171e-01
7.680937370058871227e-01 1.111262208704681953e-01 1.522382802147181913e-02 7.743466400094156654e-01 9.109145929954471921e-01 -5.130854943848328631e-01 -9.491421015721976939e-01 -1.966503153172998175e-01
6.283329511969575343e-01 6.030857271623573101e-01 5.486062830411710944e-01 8.286918001703114101e-02 9.337889729782173909e-01 -9.185892529161256981e-01 2.852787018154430143e-01 -9.305889337553094887e-01
-4.934150768723870595e-01 1.565162205723524824e-01 2.887759295115650549e-01 4.319995639822939992e-01 -1.379077773765158277e-02 4.535494957558261486e-01 -5.366045043447849050e-01 6.756541291708948460e-01
-2.127708929933178617e-01 -8.707959661719417710e-01 -5.485146615789693314e-01 -4.160960818239356485e-02 -2.384476315745618358e-01 -4.061754107151716031e-01 -4.161977904135829576e-01 7.346929364603029811e-01
2.592997482046084379e-01 -1.630856187128180146e-01 9.275305397758375481e-01 9.989421572716081776e-01 -7.541836455159933728e-01 3.255188987432600101e-01 -6.211847277463715677e-01 7.124458131491340218e-02
2.620088414641801311e-01 -6.563003621249487995e-01 8.211472620484687734e-01 -3.483791415610364428e-01 -7.880379138443580622e-01 -2.182690616768829805e-01 -5.115747912907435690e-01 2.820154176204698881e-01
1.028676167600710567e-01 5.242547544304785312e-01 -9.405807119014855111e-01 5.711850640143989466e-02 -5.209110120060593818e-01 8.430589716987220150e-01 -4.146976150511760828e-01 -5.972469678795810921e-02
1.335054743110617892e+00 1.190355159488532211e+00 8.478290937231007796e-01 1.035862724862296247e+00 8.205020270016205597e-01 6.187340529548237544e-01 1.359354299868233751e+00 1.171954505658807211e+00
