4.535179303328991107e-01 -1.478102986871896452e-01 -5.762939321774789292e-01 2.652655836943191847e-01 6.103208139620819317e-02 -7.516935534439896927e-01 -5.924445471752481929e-02 8.812231054553165688e-01
5.573995460478873287e-01 -6.934465692976996554e-01 1.507062464743964547e-01 -4.327228595471097616e-01 5.451799263095935544e-01 -5.375502929005457897e-01 -7.100694779191534245e-01 -1.014670965058965812e-01
-9.017489306002757221e-01 -1.844587597764895115e-01 7.953017537304494233e-01 -2.244450191600106947e-01 4.796389056032546172e-01 -7.377815282964232946e-01 6.043152802947628910e-01 -1.885714214762623797e-01
7.587537040466432181e-01 6.921863267300474298e-01 6.689735946600783301e-01 -4.793455843745599854e-01 -8.270142807814395702e-01 -1.041648777878017018e-01 4.064150414907117259e-01 4.639062296517630912e-01
5.905300556547543600e-01 -3.133340561158881599e-03 -7.815502090064347929e-01 -3.792364153494842682e-01 -1.642328384249589490e-01 -3.035969713276236437e-01 -1.444566976907135647e-01 -3.142878028750575314e-01
-9.999480589542066866e-01 7.794128262769348670e-01 -7.472343744940834753e-02 2.330916508804539156e-01 6.179551435791350578e-01 6.250170460091923896e-01 -2.222826948822436144e-01 1.026517848819650247e-01
5.195118655698272025e-01 8.272666924032776592e-01 3.968181591915254103e-01 1.933566988700952116e-02 -7.220114442960758883e-01 7.269834722494998847e-01 -5.596722555392663612e-01 -2.101536029249058135e-01
-2.610968411490519614e-01 5.970588501982041496e-01 5.915069571652875613e-01 1.275072332477427128e-01 -9.106257813728158013e-02 -9.729528411698056267e-01 -9.058422881021719331e-01 -7.123529412909945790e-01
1.693990761193204797e-01 9.117089002792746477e-01 -3.383431990785183974e-01 8.584784740655395652e-01 3.415163802880736288e-01 -5.901423977171942337e-01 -2.327652645433218037e-01 1.235904654464665686e-01
9.215440293061681887e-01 1.402684254029610056e+00 5.404806115838441949e-01 1.448927836885977705e+00 7.459565675588972766e-01 1.126354823921478676e+00 8.743494734218069109e-01 9.328042139366208296e-01
