2.999839674935969036e-01 -6.983728882648676528e-01 4.304516239560660651e-01 -3.325952014345801011e-02 3.509003958728511563e-01 -5.833871510205379529e-02 8.305532804302955263e-01 2.834769913607617653e-01
6.871742124908302163e-01 9.975710882674158064e-01 -4.684984309849313799e-01 -2.931592245262995000e-01 2.702361638449035652e-02 -6.049969521095579505e-01 -1.943750771761727503e-01 2.925992158619641348e-01
-9.694898068576633943e-01 -8.888857407551757905e-01 -4.876799751383831261e-01 2.280198344546142675e-01 4.482564316094841406e-01 7.494825285050485952e-01 -4.870172943537152133e-01 -2.743027529511681273e-01
-4.120761665839829391e-01 5.979704767800373411e-01 9.784880837770966178e-01 -5.608725739921571751e-01 8.209782762872308570e-01 -2.421427227439738594e-01 -8.075134398118957169e-01 -2.711342844533219942e-01
9.604023480967773807e-01 2.009217654892734295e-01 -4.653672110063427070e-01 7.426255516450590566e-01 3.277215294046242899e-01 7.714325836571855888e-02 -5.554808693180364187e-01 -5.792411078875259189e-01
5.824223856845680558e-01 5.236886872405115412e-01 -6.920022262549556658e-01 9.644881426472458053e-01 9.434072305271095082e-01 9.537585379332735869e-02 6.031684218554482779e-01 -1.630934985851504315e-01
7.932638599637220622e-02 2.707026790698789931e-01 3.011438695320518555e-01 -7.191095818090886826e-01 5.247121072610272385e-01 2.097187708283307916e-01 2.186181834082234765e-01 -5.458548596473999925e-01
5.676760376591247770e-01 -2.197155558250933893e-01 7.899699268272220021e-01 -1.417382784503511406e-01 -8.734959817559149187e-01 3.422671638522190030e-02 -9.232106463088509685e-01 -3.270311567621682070e-01
-4.552028996870829403e-01 7.295084772317956823e-01 -8.139623013602563795e-01 -3.228699553344549500e-01 9.069040898608726753e-01 5.292563606748958982e-01 4.709940596682320457e-01 5.461073266405866988e-01
1.311961452492028002e+00 1.317492428485916411e+00 1.222944769700609058e+00 1.451216148568217790e+00 1.084851728781232705e+00 8.154003534838790701e-01 6.006451214408347061e-01 1.307628490496600460e+00
