-3.556549409453180211e-01 1.835144522267637690e-01 1.622099971295656307e-01 -5.998214777582953072e-01 -9.920860533413440319e-01 3.863686307711278189e-03 3.245157925942130372e-01 -7.716619501007317972e-01
-4.254277920126929846e-01 6.533451383780475297e-02 -7.538942917027009472e-01 -9.451115779886813950e-01 3.090438758576248279e-01 -1.588480535356793233e-01 -6.274333730472025916e-01 3.965266362971924252e-01
3.342513103164432842e-01 4.708576375842123962e-01 -9.731006009047580285e-01 8.858944478231154385e-01 -4.133520296370996050e-01 -1.474878336247955612e-01 -7.573213364308268858e-01 8.755564086015363845e-01
-6.666602875410030382e-01 3.384303744933405689e-01 -6.974069487052214633e-01 -2.033806647119524857e-01 -9.975190547764631877e-01 6.136452240502110467e-01 6.681864306148588284e-02 5.448963861342992487e-01
-7.156258814905056553e-01 -1.886681156546869964e-01 3.364921109617615702e-01 5.887185538084898084e-01 -6.763520122067834262e-01 -8.374309212000021763e-01 1.805966696963441365e-01 -2.871749216164827256e-01
1.676560272910061489e-01 -3.775802788826640999e-01 -4.003561752584556821e-01 1.270748205126710495e-01 1.234318552567597038e-01 7.881414030325695208e-02 -6.960996501775851275e-01 -1.772256755950551987e-01
9.271889782336888430e-01 2.484827301704486402e-01 -4.704547371557696867e-01 1.891364475245849164e-03 8.995292457355588134e-01 9.267909512881145062e-01 -3.507583857764318136e-01 -2.570420754107667349e-01
3.470206868429557279e-01 -9.782676077294660821e-02 -5.688471544138360425e-01 8.546989543283181057e-01 5.289384764895315172e-01 4.533927392588190664e-01 -9.686290795365894990e-01 -2.348082341938748652e-01
1.415355301215632799e-01 -4.263728632587482359e-01 1.216514465796352251e-01 -9.195419541783542705e-01 5.700699166874845236e-01 9.112573500682268346e-01 -7.044737044435089857e-03 -8.409247934276602443e-01
9.888372927922730593e-01 1.223768033215777429e+00 1.174575463081193094e+00 8.111308263814620556e-01 1.237774937374495288e+00 7.688722643882123231e-01 1.031330666270726892e+00 1.219361313699466987e+00
