-5.935426832845860368e-01 5.880604514064804444e-01 -9.910909823986688849e-01 6.560402633489674784e-01 9.073927721391508161e-01 -5.691238887157221704e-01 1.716685264047193016e-01 6.758911779828964406e-01
-9.016356950455621799e-01 -7.096544398950144217e-01 -7.553546301498506033e-01 8.478911174649563787e-01 -5.216818021301719011e-01 -2.478744629269931110e-01 6.031060841150917007e-01 -5.925048342900605114e-01
6.450813888143480668e-02 5.304432395816531809e-01 8.897474441940542711e-01 -5.237227142315368233e-01 -2.907773844310750366e-01 -3.265846452836433933e-01 -8.468072349252178110e-01 -9.086999482063311540e-01
1.661430157622401094e-01 -5.139791393292880706e-01 -1.405989929735240729e-01 8.506816346199810308e-01 8.173658579374396549e-01 -1.064603391978697911e-01 -7.687518149089620501e-01 -2.483517263931318553e-01
-9.158797519578316670e-01 -6.704903350048809774e-01 -9.955491769902118371e-01 9.214276487352490719e-01 8.733322156883496223e-01 -3.928595798906828751e-01 -3.076174824471182845e-01 -4.707055260103345518e-01
-5.580750366461137979e-01 2.600309880268365514e-01 -5.848191896290324543e-01 -8.480636410248512114e-01 -1.318850143130569919e-01 -1.175325285635131500e-02 -6.564280658398684576e-01 -1.700894237845500534e-01
9.141753175875118043e-01 3.356941062632665673e-01 -9.725336398752113531e-01 4.000305759067801503e-02 1.662922822482686414e-01 4.878987242842229843e-01 -9.909732851587225166e-01 6.246038288668895877e-01
-5.132177218724411905e-01 3.286085607083812921e-01 -6.414996327503839080e-01 6.151375740746911625e-01 -2.629145713070439871e-01 -7.872273907065432397e-01 -6.366006473357719297e-01 -8.655910634621366562e-01
-3.465720727506818033e-01 -1.978250264832874805e-01 4.861582996783417876e-01 -2.786566813133481979e-01 -3.051444122758744104e-01 -1.419183074179186654e-02 1.562043646122814877e-01 -4.693525130680502588e-01
5.551667095962798948e-01 1.094413810823353650e+00 1.312858651648796338e+00 1.207136212809216902e+00 7.364344942680297601e-01 1.237681018356576956e+00 7.205491370088057401e-01 1.045521849121786140e+00
