-8.438234347907569433e-01 3.620869688721164437e-01 9.235461689270998420e-01 -9.520241187876825606e-01 -4.954813452255704131e-01 -2.631015870654662692e-01 3.035155689686441782e-01 9.791122879961959846e-01
1.706271495010307504e-01 1.745427385376729923e-01 -3.988145436394996413e-01 -9.863510518168316921e-01 9.089824687175127593e-01 6.719923884738059350e-01 5.145283443006960500e-01 7.976219890693854175e-01
-4.143725622433951372e-01 -2.488202807839012820e-02 -9.650090316768131782e-01 5.056011741321619901e-02 -2.230439233883152461e-02 -2.646393506125110928e-01 -1.920891427400772677e-01 7.056992122979306448e-01
4.594351632236066685e-01 6.095584807148157758e-02 -8.303035155003479773e-02 7.459526102095792588e-01 4.946909536130741358e-01 1.600781609053827381e-01 -9.981032826993168072e-01 1.673025231128955070e-02
-8.200158181092720433e-02 2.626596537778727036e-01 -8.053461426948196333e-01 -8.228406015779230476e-01 5.613514056968718080e-01 5.112875216862011740e-02 5.341104590682117514e-01 -6.666934957357923963e-01
-4.185486439863805863e-02 -1.808634826369555082e-01 5.983209662442350307e-01 -5.968767110441866031e-01 -4.514350303234531125e-01 -2.875123659429819067e-01 5.588213106215031978e-01 -3.549196593738370709e-01
5.551687420002417994e-01 2.597618778261499006e-01 2.829945102969977366e-01 8.524850115548912033e-01 4.592916621643832187e-01 -9.117586631537906161e-01 -1.757862314688634076e-01 -8.258822501127001114e-01
-3.030729354295575995e-01 -2.198626970088581878e-01 5.422048940056232169e-01 2.731926289991479795e-01 -6.037398839271612694e-01 8.995043225020358246e-01 2.374688792968733253e-01 5.505717120869040304e-01
6.744248226590721096e-01 -2.553589779209572974e-01 2.709198743966725331e-01 6.986435602583649374e-01 7.999999360702916285e-01 -7.224700969095469993e-01 -6.928323272054028870e-01 -3.473416329980625328e-01
6.524406006781342526e-01 1.307529650721958481e+00 1.450145909859108073e+00 1.019372264331861899e+00 1.139039253242300820e+00 8.242117857029089834e-01 7.174144693928751204e-01 1.022104559436491922e+00
