9.191083292801534022e-01 -5.034741010404735206e-01 -2.439696243390456765e-01 8.230785573927623666e-01 -6.414136642495653629e-01 8.767122447157640330e-01 -5.537006866796336801e-01 4.336517615789812208e-01
4.575594004496250644e-01 8.413705793136097011e-01 -9.411843018283660989e-01 -9.003492812852835758e-01 -9.193602520748207496e-01 -6.908614543339686165e-02 -8.269596443294393584e-01 -3.883574589161589152e-01
-5.324791329370512916e-01 5.880222656138891502e-01 1.750419512904115571e-01 -4.245857721389285633e-01 9.935744158482513466e-01 9.608364280443000283e-01 -6.198847575962984635e-01 8.916126959593153600e-01
8.666702419609673136e-01 2.303306881340450030e-01 -2.532848019702929054e-01 -5.581163482584654556e-01 5.737625798930061638e-01 -8.409610799378790524e-01 9.303028718271257880e-01 2.705048236473512890e-01
8.923207798625389930e-01 8.691667987084163993e-01 5.439313201989293134e-01 -4.834571367548941012e-01 6.525831823217354000e-01 -5.172341660322861134e-01 -5.249085033815765744e-01 3.365744977093521051e-02
-3.684451217227771025e-01 -3.140025123533676243e-01 -1.801070501030783699e-01 2.931239954010809168e-01 -1.483852950256416836e-01 -2.108297981789528652e-01 -9.514626565751238552e-02 -2.253245411377642338e-01
8.698545726678164058e-02 8.050375997020888796e-01 7.021297791932346044e-02 -5.701307018006620542e-01 -3.868559820122368098e-01 3.215452538325769272e-01 4.368166298308802098e-01 -5.674601571414243928e-01
8.806281740503472122e-01 -1.527207178185330250e-02 7.442158549294541903e-01 1.656458676547392095e-01 3.828255867161631798e-01 -9.028722673749094429e-01 6.284091347472084976e-01 3.598932439280191353e-01
-8.084509560681585327e-01 -9.437180233125164186e-02 -6.778292398817167275e-01 9.651241372786953931e-01 4.071643205192143622e-01 -7.722325568161623188e-01 4.522758384897940243e-01 -8.354119922601075388e-01
1.390139203015237301e+00 8.312022210173763970e-01 1.289089272305199652e+00 1.338731275250081287e+00 8.310894906948297356e-01 6.314398782055132830e-01 1.154472292652016119e+00 1.496073023270952262e+00
