4.279159759005282115e-01 6.941574960568106523e-01 8.538649643048303872e-01 3.322738711560302427e-01 5.332114535756649065e-01 6.059497820576726923e-01 -1.841745139804618070e-01 6.894010735499382925e-01
-8.360552532091736211e-02 -6.013508668234008869e-01 2.895525741637761108e-01 5.934907771979107682e-01 6.682676381456555958e-01 -8.953756872122746735e-01 9.833415170893844426e-02 -2.401626530894305223e-01
-5.560164237284914712e-02 -6.668493202173155776e-01 -8.425392351680760505e-02 3.590200042460711671e-01 -5.839087402513596370e-01 -1.386132203404446539e-01 -9.206257037238148033e-01 6.265925255752131662e-01
5.621978768962756501e-01 7.263142243971538736e-01 -8.772809917890234122e-01 -3.758267019962961974e-01 -8.235055099419907876e-02 8.462197110394207300e-01 2.886127876673887371e-01 -9.241376009430577465e-01
-3.538445859717742614e-02 6.482224428613092559e-01 -9.293984782698176961e-01 7.737114276898680032e-01 9.009084862083256429e-01 5.487938805926309005e-01 1.573586611718196249e-01 7.183498233541627531e-01
1.772907966541754643e-01 -3.261633305756155288e-01 1.480978461173283467e-01 -5.504665940748652009e-01 7.963535225950149066e-01 4.863985903911143271e-01 2.860898660465569510e-01 -7.824781806606488921e-01
-6.015598751349644502e-01 -8.032388934430674254e-01 -6.794106480984156704e-01 -5.130873743565629308e-01 -5.738182475109219194e-01 -9.507261836425160428e-01 -3.814574691268606266e-01 -5.750317854212050328e-01
-6.149495804419604639e-01 -5.329836663278630926e-01 3.483304316750563956e-01 4.572364781786089072e-01 -5.522319219968818693e-02 -9.777423662684587846e-01 -1.090402041156051105e-01 -3.126891201462651537e-01
-7.823635587708239747e-01 6.631162257460825327e-01 -8.316428842279808276e-01 3.382779911867659361e-01 3.844289683868560292e-01 3.176516693520838874e-01 3.039986174096278582e-01 6.643164240308208068e-01
6.160273240420391927e-01 1.276765852971836424e+00 1.325213991302081729e+00 6.840674788032342635e-01 1.498059301146053901e+00 1.165362532794907313e+00 5.616539598157648250e-01 1.495698943030458583e+00
