3.635490988582004146e-01 4.603310336796773150e-02 1.841802523441331552e-01 4.018235606339914945e-02 1.572895695149369999e-01 5.296270362933770404e-01 -7.248175422644804744e-01 -7.379493309511055976e-01
4.613795804347746721e-01 7.003960813794167795e-01 5.587183439387761741e-01 -1.058226198722993505e-01 8.505427538430330170e-01 -8.956328219438602911e-01 5.486844301917150890e-01 4.951967395783760661e-01
1.506695797666894876e-01 8.591167587032744191e-01 -2.177762035931727347e-01 1.630942275298459254e-01 -2.651106541088914526e-01 6.946679491800615835e-01 3.359187441103963501e-01 -3.652327809546354054e-01
2.064476277024354101e-01 -8.906484062367672205e-01 7.814576989203754209e-01 -8.763755739582679283e-02 2.885025056880718974e-01 -8.110011977392352911e-01 -7.851596068963626607e-01 7.685792915849778417e-01
8.315667270982671777e-01 -5.355624175885045357e-01 -1.827658416734314617e-01 -8.199032863334851928e-01 7.742803144739942578e-01 5.802451627021276703e-01 1.262998300838253929e-01 -9.297418200042111280e-01
-3.318521006125954020e-01 9.411190948225622854e-01 -3.718493120238042238e-01 -8.074586380437089872e-01 7.518367989809440211e-01 9.965250520782331645e-01 1.512160989497164376e-01 4.058833023103065596e-01
1.541208694431117632e-01 -1.112254270942474310e-01 -1.833432306874283046e-01 4.374968907290956999e-01 4.611732345151247081e-01 -9.698939316827257517e-01 -5.761201792352679263e-01 7.821478768103551360e-02
9.180598833887196886e-01 -2.985305818837065139e-01 6.189257436384698607e-01 -2.764457862568023838e-01 8.344211329666537669e-01 -1.284632143113928482e-01 3.354201299997054964e-01 5.855564455526429679e-01
-2.448849971243036716e-01 9.687492811253439751e-01 -1.939033427501157814e-01 -7.491011535791887166e-01 -6.422546260378325655e-02 9.480404466175367251e-01 -6.619516124542330626e-01 -7.405012960402856947e-01
1.102872544638415775e+00 1.105984238758366711e+00 1.168091446680334267e+00 1.210345087076954762e+00 7.408563157593429649e-01 1.225150260667364766e+00 6.944086530025442849e-01 7.179720541333879380e-01
