-8.983551613585589735e-01 5.764221052716855809e-02 -9.774203278181281540e-02 -8.026259954394390217e-01 -7.038205530359527007e-01 -2.260064170042184184e-01 -4.842235955928846369e-01 -5.652317330601430712e-01
-2.507801650451384479e-01 -4.300566647011538901e-01 4.123398523353216660e-02 4.804057319796526393e-01 -2.868551275733108863e-01 5.401898328628584878e-02 6.940661972400077318e-01 2.559683749176784318e-01
-3.480988644891673811e-01 -1.988230324642927815e-01 -7.191721567885531741e-01 -5.750528861457291363e-01 1.306872780770718112e-01 -2.031224895872243419e-01 5.749861019469857393e-01 4.079578486003119231e-01
-7.162391669018715046e-01 9.973993524884696704e-01 -7.466391291222391757e-01 -5.473619816435650876e-01 8.112053497885665099e-01 1.706283482168988730e-01 2.939183410275796327e-01 6.613388303484406539e-01
-5.825280560954644304e-01 -4.619031756048592730e-01 2.385972470342905272e-01 -9.149253774929650973e-01 2.009755306816367604e-01 3.804494106919698027e-01 -5.597916220473813098e-01 -9.297541349073632500e-01
6.626927989094013594e-01 -7.166309234412218121e-01 -7.874970521398603207e-01 -1.773697501068791649e-01 5.546047250371957116e-01 -6.155359124690731321e-01 -4.173591362543649375e-02 6.824102892702184064e-01
8.051825012281352834e-01 1.632733662229610694e-01 8.562957311373589064e-01 -8.907337072191334748e-02 3.376931990848728304e-01 5.204767318328133996e-01 -4.514535634575793654e-01 -3.051304129352361283e-01
5.222743476606173108e-01 6.331550316221115082e-01 -6.626046603915856092e-01 -5.656882007798464951e-01 5.410584476296045331e-01 -1.031549987838380478e-01 -4.560858694764995391e-01 -2.507538898020327256e-01
-2.709552938292787427e-01 -8.258126201960338530e-01 9.993170790328045339e-01 -9.945869960637108154e-01 3.612036228937729465e-01 -2.103433753606971379e-01 -9.362841656281912783e-01 2.105568977042586720e-01
1.117151322957993020e+00 7.494347190070115294e-01 7.983839984656209143e-01 1.344149987155203174e+00 7.430630801343551806e-01 1.354935121015322874e+00 8.888324929736931557e-01 1.207999125216472125e+00
