2.102128234892084446e-01 -1.998664229697990624e-01 6.086213388782231171e-01 -6.590840583182593360e-01 5.830474748811464991e-02 -8.847376404123352689e-01 7.088903315763903645e-01 -1.154083911442900234e-01
8.298078356288554058e-01 -3.918442237567965059e-02 5.941310472493830375e-01 -9.149709143915494280e-01 7.146501931072135605e-01 -4.354808038951252236e-01 1.742752328079864022e-01 -7.004250668667102442e-01
8.444464480262614536e-02 -7.684446952400341146e-01 6.870180545795632199e-01 -2.244408399279058663e-01 -7.141547199714295413e-01 -9.813653727275053473e-01 6.382826034381661184e-01 -9.039977770386382616e-01
2.945351516165464201e-01 -7.125178767061521867e-01 -8.210271254362255799e-01 -5.275975372705385968e-01 -6.625098843197170240e-01 4.436370722934408484e-01 -5.668818166245377377e-01 -3.500190461123395824e-01
-8.235307128025366463e-01 9.353211476627099064e-01 7.555829677558094648e-01 6.058059485684930134e-01 -2.319156898439289627e-02 9.015379611166738361e-01 -6.798476834911320044e-01 3.344105389553584384e-01
-9.018488688572909862e-01 7.303104313918360457e-01 3.967522639336171775e-01 3.644576009136346606e-02 4.444764119213486797e-01 -2.500417055540140598e-01 3.198281120165229474e-01 9.484061346237959711e-02
5.508166702227588196e-01 8.647442041817881009e-01 1.614549929806792239e-01 -7.859042261329980406e-01 6.680768079721954855e-02 -5.345385491450835858e-01 7.261716800321975640e-01 -5.377614556274878943e-02
5.309223133911991077e-01 7.655767779216013924e-01 3.345650406929048248e-01 -2.740861831811702842e-02 7.153300312114589943e-01 -5.204772708673210957e-02 3.705941192177899524e-01 -1.004062701261394519e-01
-9.619802980531428904e-01 -5.711546533052542785e-01 3.078312963274454361e-01 7.575602690718252763e-01 -2.306043396650576671e-01 6.235836775121175179e-01 -4.445975009456797356e-01 8.774981896270708237e-01
5.239153416509937378e-01 1.174663395475614491e+00 7.249272278882341602e-01 1.126432668106106538e+00 1.017788269968066484e+00 1.158256623257326590e+00 1.300870303441508780e+00 7.106416966708377636e-01
