8.238865293260051459e-01 -5.577677298793084493e-01 8.582950175824599626e-02 4.187048430084638895e-02 5.689869358798396171e-01 6.595913230865522170e-01 2.770997655465845533e-02 -5.541853444005089280e-01
2.037768610777264122e-01 -5.119403827301163279e-01 -2.103867302102138126e-01 2.863031674088754031e-01 -7.927796037660672646e-02 -2.529976580163686428e-01 -4.579608416006808458e-01 -4.444719404822892184e-01
1.064935942780540490e-01 1.618608149840750077e-01 -7.725615656056095126e-02 5.759864241154866171e-01 -7.273547001854503424e-01 -7.559522469523907162e-01 3.423071330750069308e-01 5.962423823899387632e-01
-1.520380506030050149e-01 -8.325695890800677290e-01 -2.558584080637509306e-01 4.336846551211575029e-01 5.835487710652198512e-01 -5.960935585836171224e-01 -4.506384326302703691e-01 8.337624242149588305e-02
-4.675637097413321008e-01 6.239593026854703961e-01 -6.831552378422691696e-01 4.999034614424755496e-01 -2.010801529004124788e-02 -9.241740965442717393e-01 -3.688708131188012107e-01 -7.727248420601506851e-02
1.894019892870024702e-01 -3.114140607676472161e-01 3.690201344917662940e-01 -9.784533562790502792e-01 8.502993162214158573e-01 8.141134961421696570e-01 -5.611608059374801893e-01 2.460535732516746510e-01
-6.680329029053053702e-01 7.039337432747367895e-01 -3.810469690018829514e-01 -8.930036608443365775e-01 -3.170490253492108668e-01 2.806329988589086888e-01 7.028621467512079501e-01 -2.772405715518582170e-01
-9.675791503264838944e-01 -7.669650089178046137e-01 -8.031217316606276135e-01 9.953822430364436258e-01 2.948668087890493616e-02 -6.944832690111233386e-01 6.537044392018520611e-02 -1.810500454265464576e-01
4.150538272200148260e-01 -5.596806718931728319e-01 -5.546452620779878107e-01 -2.897195416307594140e-01 -1.160334495552828304e-01 -6.791872202908642020e-01 -6.144778636780598990e-01 -1.032596870398019284e-01
1.411708337354484755e+00 1.263850467550880374e+00 7.077964949230608482e-01 1.282338421610357271e+00 6.851895628409340189e-01 1.236505415226700988e+00 7.376992324191360417e-01 1.416905406166013126e+00
