9.581885124379472263e-01 7.593932661611684232e-01 2.407915480592515145e-01 -9.239447653561860818e-02 5.953914355005036629e-01 6.716911688137152669e-01 6.859343220054456847e-01 8.158938486744331531e-01
6.114380093407125738e-01 -7.731360213593003738e-01 -8.106465496145269789e-01 -1.954148295898483489e-02 -5.351699838654098151e-01 -8.293126807637447584e-01 -3.183429845988623441e-01 -4.376937185913516437e-01
-7.172928878079538606e-01 -1.178502149799469656e-01 2.256373054012033030e-01 9.703691555869029539e-01 -8.598091793084230439e-01 -6.830199273933328374e-01 -8.181014034126987688e-02 -3.587249215301424599e-02
-3.099479749902802617e-01 3.755125944120216719e-01 -3.625307400510351385e-01 7.362946282648887841e-01 4.686993476577285822e-01 5.818283767486132074e-01 5.363051043448823219e-01 6.774308240497604050e-01
-3.341329183777281830e-01 -9.789443590622142199e-01 -3.085262057313193917e-01 4.070751307065416658e-01 -9.537785689485043239e-01 3.503800643813881344e-01 -6.274429013436719771e-01 -5.289746075784547141e-01
7.121371754935710285e-01 -3.585012229113289095e-01 -1.405531465928389068e-02 -9.234239788300342422e-01 4.571673231149826488e-01 -6.699904910825071891e-01 2.213372081964408711e-01 -8.461760031883673872e-01
-9.603769084362934194e-02 -6.119348547016565387e-01 1.491275690286963940e-01 2.041909891469342320e-01 -9.888628341298666413e-01 -9.736604750939539255e-01 -6.612442025433946657e-01 5.470485370310840256e-01
-4.492031157761644522e-01 -1.147325275506121400e-01 -5.902470416826450794e-01 -1.180228174351205528e-01 -7.342239936633345732e-01 5.161545708529715615e-01 9.025240581103628479e-01 -3.868965350043707119e-01
2.879682187234422486e-02 9.865698660959718591e-01 -6.071202699677766823e-01 -3.433753202556042439e-01 4.473873711333145042e-01 -3.150062255460839289e-02 -9.713116968933288575e-01 -8.240609548468988965e-01
6.342029393582556684e-01 1.121876691439772422e+00 1.402478225393620992e+00 9.423373735553877140e-01 7.613140409005321185e-01 7.142093810529288600e-01 9.549566377385998450e-01 1.370536944178234906e+00
