1.275245325687071052e-01 8.595819554396495477e-01 -3.495556371855421673e-01 -2.223896703908643246e-01 9.330927099423735882e-01 -9.177905210133427971e-01 -7.015469650002570390e-02 -2.815129819725175064e-01
-2.366183664742409487e-01 -6.216783503294112112e-01 -6.164031170315029673e-01 -6.417515447153645525e-01 -5.696693456580594894e-01 1.235247751641588287e-01 -5.856582403777355061e-01 -7.585807995336435461e-02
-1.143118136170324650e-01 -8.562574839272107941e-01 9.235128159869396836e-01 -6.949642213133977453e-01 -4.338317079041598134e-02 -8.638892372441571155e-01 -1.999334235704934848e-01 -2.124573845385253623e-01
-5.651518823548347115e-01 4.544564967899566987e-01 1.240421197372967299e-01 9.286637662597632126e-01 1.100074311726872978e-01 -5.879313614012817713e-01 4.221307126644104901e-01 -3.422671981006693009e-01
6.300751097480925544e-01 3.230038211709982399e-01 -5.290179313176657239e-01 9.380347858255040361e-01 3.266697122948254428e-01 5.896950165459309279e-01 -7.599295378195058959e-02 2.335814864108531896e-01
2.162613557317234481e-01 6.514260518099694863e-01 -7.241021006436449969e-01 -4.587346275339065915e-01 5.125721994717034047e-01 -5.514166241208506847e-01 -6.311128751500953982e-01 1.599084485850532644e-01
8.726053660721095895e-01 6.902386936776117032e-02 1.999709177206234756e-01 3.068148979709284241e-02 -8.771284924559963336e-01 -8.386814606932928573e-01 5.409831930659103616e-01 8.849963814116870164e-01
8.586628972434595664e-01 -4.405400493784745741e-01 1.957438010238732318e-01 -8.901420784775484485e-01 -1.564933177694034505e-01 -1.836068543620055227e-01 1.595600928962916942e-01 6.071246476185288010e-01
3.051304359957147661e-01 1.342487159171719124e-01 6.854919670653614183e-01 -2.941270511703668600e-01 -4.240078197100256574e-01 -1.552898294207294416e-01 6.274568949976688792e-01 8.635292676986165983e-01
1.202627643880435082e+00 6.971539875079653115e-01 1.323808757937752656e+00 9.078607404469313247e-01 7.620292933722068174e-01 9.028019071682737984e-01 8.396042056643470142e-01 1.297304567132280262e+00
