-1.020863960298865614e-01 1.326076002427274414e-01 -9.970355375852046897e-02 -6.715955538440203654e-01 2.855976345137138939e-01 -2.764949618219074701e-01 -8.986792066504878385e-01 6.363081457587675960e-01
-8.081427926171624865e-01 -2.133218318944174463e-01 4.948308342114253744e-01 1.350797254827245109e-01 7.644714961663003905e-01 6.675001962582594039e-02 -9.037404080508688597e-01 6.965777497998630885e-01
3.582468372615177366e-01 -7.896796816067537250e-01 -2.506102870074680133e-01 4.868976484646498903e-01 2.046850846238981170e-01 -9.484601521214475195e-01 5.124180045864332733e-01 8.668567183422435374e-01
7.534026062111183197e-01 5.873504435314069738e-02 3.550661064257909505e-01 -4.121522198862048736e-01 7.172899314666958404e-02 1.858209438754705456e-01 7.562861013099020369e-02 3.466445470624108793e-01
5.114787071004831542e-01 4.820591877555109317e-01 -2.148812237917725465e-01 -3.125774357250483693e-01 4.714633368668863511e-01 5.593864560066779124e-01 3.988345305004898922e-01 -5.040498950457865668e-01
3.324864637002860057e-01 -3.023151298884332316e-01 9.453422733710761250e-01 -9.227953157655308658e-01 6.944677974859663205e-01 -2.835448179609740826e-01 -1.955843269271793083e-01 3.594205378552179919e-01
3.670678869356738261e-01 6.050180103871969362e-01 2.553685074664968635e-01 3.346583333275103822e-01 8.743787980320389952e-01 5.302688648264479720e-01 6.799464855320791479e-02 9.247435490418021153e-01
8.418156218146586323e-01 7.937848279902426363e-02 -6.665291680395171170e-01 -3.950783058900733113e-01 7.695111623520178856e-01 -3.062467827125974207e-01 2.575588667551862443e-01 -4.361306128104758262e-01
-8.587963962209248514e-01 4.302596932295810195e-01 9.784948700157314327e-02 9.982420446398641012e-01 -4.011471821551615413e-01 -5.192027991951067012e-01 -8.599457986724412528e-02 9.452172509545524459e-01
7.604679101706469657e-01 9.882240505777121209e-01 1.270323414727396294e+00 5.158723122240117531e-01 1.077850167426558592e+00 1.350480950470666297e+00 8.501559827416219628e-01 6.752259656233856600e-01
