8.524919454569184207e-01 -6.155883105796677857e-01 -2.808189057816103951e-01 -9.945748988596170292e-01 3.597874921061459119e-01 -1.620133438407107551e-01 -7.230708970915593614e-01 9.421897481671182017e-01
-1.146597010563823460e-01 7.709445669565442305e-01 3.006469608543120842e-01 1.380707172275841277e-01 -2.732474270697204943e-02 1.263808409394102661e-01 -9.139174070230042801e-01 -6.885537136618846699e-01
-4.333244633313484417e-01 -3.758077253094584957e-01 3.832444716916882932e-02 -3.337813675953518189e-01 6.823432605606138956e-02 -3.505969079037607461e-01 -4.038398060491308339e-01 6.386187030115477725e-01
-7.011789026547623482e-01 7.562111873010362029e-01 5.173305514104626912e-01 -4.335750471327741717e-01 -6.931656015594109821e-01 -6.686105741711807493e-01 4.466600315589523973e-01 -8.755398912295220271e-01
-3.085587247364940389e-02 -3.806992588749782414e-01 8.410821302428024282e-01 -3.418514491278641376e-01 -1.065449877477360197e-01 -6.236804522595260636e-01 1.734569151835052558e-02 3.610222990062952331e-01
1.240794620868346243e-01 8.051878626431971941e-01 -1.406772521935895082e-01 9.556048244609094411e-01 2.408449002350687707e-02 4.421236784925230978e-01 -4.217476934525166143e-02 -3.211235941260108806e-01
-6.951467232189523227e-01 9.882115311015458037e-01 -7.720874044707326522e-01 -8.319751621561839450e-01 -6.955893406363433673e-01 -6.707144793594530530e-01 6.880325354759626588e-01 5.434953062772722721e-01
3.189626985049041075e-01 4.587830728624759935e-01 3.239747503258136874e-01 9.030682874725901588e-01 4.130612826370283486e-02 4.969432454024600432e-01 8.189264473897677199e-01 -4.150722133346884668e-01
-9.349612367986415151e-02 9.739202773906485699e-01 -7.522776928870307245e-01 8.639791834364412004e-01 1.531070549588469110e-01 9.371682321043346420e-01 -9.161582279440803056e-01 -5.934218349366049416e-02
1.328868633448773817e+00 6.916626258026640217e-01 1.212442229613617473e+00 1.444385941071854251e+00 1.497299622808801356e+00 1.345951384702730014e+00 1.191746702282692860e+00 1.279815929961956478e+00
