-3.965119487006631971e-01 -4.352055564130918874e-01 3.198060494172643153e-01 -5.765745384033169607e-01 -2.289835979441896541e-01 4.201682674449913613e-02 9.769358930263154495e-01 -4.647093214804047800e-01
8.085854220203980702e-01 7.877414955022821186e-01 2.088147476729200758e-01 -2.896938415529752842e-01 -5.705170231265619396e-01 -2.365227116524781792e-02 5.436633964410864106e-01 6.568698922267646179e-01
5.664035746194386878e-01 -9.283710839239378565e-01 2.800155199709692955e-01 8.595330704831167790e-01 -3.529262998283713149e-01 -3.818184121639836004e-01 1.062373116952022301e-01 1.016862457008058662e-01
-1.976628774549442635e-01 -4.908211131595505705e-01 -3.657478232315811706e-01 -7.408448944745977816e-01 -2.585679750437726021e-01 4.207288797059349772e-01 -9.675556315084998804e-01 -7.349184540872455429e-02
-9.497874073858918464e-01 -7.718825253756176341e-01 5.819846406889273016e-01 7.232874018212118727e-01 -2.198414922033722352e-01 9.262971983080889871e-01 -6.917891604860404442e-02 -2.854197387990387025e-01
-9.918540486222733321e-01 9.050091158435957794e-02 4.750591777412431771e-01 -4.841365040855405422e-01 -6.785809247749079454e-01 5.578345852798971549e-02 -4.620039724407276616e-02 -5.778181912494204653e-01
-2.801389371745668377e-01 -7.207984998767267282e-01 -3.451878133832682050e-01 9.030329225472517596e-01 2.787298243563673950e-02 -8.778012807944082230e-01 7.087002417122796327e-01 -5.034893954156216545e-02
7.766438641211892424e-01 3.548638786127964462e-01 -6.864271027135122605e-01 6.098527689056763013e-01 3.019283165999169238e-01 -8.286080248730163245e-01 8.037686128884644621e-01 3.190476646700890484e-01
-5.663094275918469922e-01 8.280944506352061474e-01 2.181898023343586956e-01 -5.798297950761870378e-01 6.614800828189015824e-02 -8.266571300305214365e-02 -8.829314428458503450e-01 -4.407015045570905620e-02
6.329599931344535024e-01 7.141561695574126789e-01 1.248088311178125576e+00 1.001340643878043002e+00 1.442986026814246259e+00 1.338078194497029028e+00 1.161247628789479291e+00 1.102272328340837548e+00
