1.351864697056162079e-01 6.940338093096043437e-02 -6.487936515332386467e-01 1.408317131661118715e-02 -6.240644070878909044e-01 2.102166522150876737e-01 3.839407839373112363e-01 8.315187499960179363e-01
9.155098017307237157e-01 3.975966547116291938e-01 4.135104390289900955e-01 7.546097486177394398e-01 4.403986150783576470e-01 -1.859449454167738658e-01 -8.636613439668632264e-01 -8.358583197655486963e-01
6.933433691300407986e-01 -9.584653308015913531e-01 4.342450405633235810e-02 1.269161292449996203e-01 -3.027101433560108745e-01 -1.524763034695955088e-01 -4.776919237209125146e-01 9.944510270014936815e-01
4.762912284109892536e-01 -8.172088329594751066e-01 -7.167671166050118003e-01 6.658674309199299479e-01 9.589067183569304209e-01 2.643765202425469862e-01 2.496868957405364853e-01 -5.498643805754943603e-01
-6.765768298129799518e-01 -7.123726890647532617e-01 -8.878699741979205751e-01 -4.183304868809925026e-01 -2.797141627687724785e-01 7.080336424856497057e-01 -6.039553606328365021e-01 8.714448242840926451e-01
1.979650390435254703e-01 5.845516851285543769e-01 -8.598008953334415061e-01 9.208853168141535317e-01 5.438661180018471430e-01 6.251015300630291538e-01 5.284483380134179509e-01 7.267471872364146268e-01
-9.647462452118262810e-01 -4.000950907687685909e-01 6.481584244946558826e-02 8.021911217550887763e-01 -9.915004748063487305e-01 -7.309201064227690559e-01 9.276225678513807527e-01 1.726583850173721846e-01
6.738426383347777548e-01 2.051377403231240404e-01 9.169783861556290994e-02 1.054410269998522498e-01 9.843557381070746626e-01 3.083970768310559940e-01 -2.412219122897329981e-01 -8.750503716587638703e-01
3.550814197265326211e-01 9.282249141808867066e-01 4.396418597856601718e-01 -6.990334398090560786e-01 -2.556951912392457782e-01 -5.329699576546296225e-01 -4.229565104820565136e-01 8.013467829388902786e-01
7.417385080826832677e-01 9.159654822829842447e-01 1.399689748538880174e+00 6.601312254027962290e-01 1.322636114393967333e+00 5.375477036611209236e-01 5.524783297107694890e-01 1.103690866308457252e+00
