-2.924008939096931492e-01 2.684499451540371950e-01 4.581916116876993961e-01 9.068958422950064158e-01 -8.793441602561047343e-01 -3.463582592427012496e-01 8.814643456431947577e-01 6.387009061879791449e-01
-5.847683542046169247e-01 6.024205722992137524e-01 -1.523235154642574862e-01 5.300685411877099629e-01 -3.206274781108138239e-01 -6.413114251142346678e-01 4.114745243225605975e-01 3.140132577492720234e-01
8.491232334147922334e-01 4.928254127859166278e-01 3.917880818120300646e-02 -3.212884436785801157e-03 -6.903222481625230778e-01 6.158919936298177245e-01 5.069764827401739282e-01 -4.372495853438795876e-02
2.608594931923158278e-02 -3.031370837615636749e-01 -5.027188842248775380e-02 -8.638929845816674113e-01 1.269497202877389874e-02 -5.200556170814507606e-01 9.580189392194806697e-01 6.243501560462205724e-02
8.398458909191408583e-01 -7.557593367336323809e-02 5.177748209941035462e-01 -4.447572339489571647e-01 5.107077393601240356e-01 -6.579197041993765094e-01 -9.016702729023615692e-01 1.946451201801646658e-01
1.261461236719327861e-01 -2.217807984835697965e-01 -7.117614565866097198e-01 -5.430216509408523073e-01 -9.566501240233553638e-01 -3.042418983401782295e-01 6.715373582034549482e-01 -9.155638783233501776e-01
-1.215987172940129479e-01 -5.590501560509637535e-01 8.670165508468754556e-01 -5.058639129428867953e-01 -6.271526426292761691e-01 7.273574223959542451e-01 -4.864375948347610112e-01 5.045609932716073054e-01
-6.648551409338787632e-01 5.670350256960325908e-01 3.993871658465524277e-01 -4.767964501015946599e-01 -5.191288186182070330e-01 3.491393066152643776e-01 -2.366779541935057907e-01 -5.112918212875656732e-01
-8.925688093388663980e-01 9.613886626685825831e-01 -6.372397162079210808e-01 4.090265944557152089e-01 9.921652732523331686e-01 3.336483216504630978e-01 7.355761374724534285e-02 -8.035786439904613054e-02
1.439963531662177720e+00 1.229756258469914654e+00 1.108067041680044218e+00 1.253149013354447838e+00 1.196706974925653810e+00 6.099659681662363830e-01 1.218454318551184690e+00 1.355984261785775136e+00
