9.794575828583753641e-01 -9.384697528999641492e-02 3.072979624321836578e-01 -3.064671543586177105e-01 -4.648419618948487209e-01 -5.839084649940142757e-01 -2.217665964454165195e-01 -3.021483783852867422e-01
5.362484090797332570e-01 -9.754365231441646245e-01 -3.731208732634170300e-01 -6.735803485989710904e-01 3.800461520405835625e-01 -6.255850667061051418e-01 -1.604051113042228582e-01 -5.357962751605476193e-01
3.623280403203672506e-01 9.150697138174406220e-01 -2.868194526204228545e-01 -4.812838704665409750e-01 -5.645741354525002365e-01 -6.244989809443517448e-01 -3.350797443320427949e-01 -1.599281184019247792e-01
-9.382493269661420499e-01 7.639951489303571375e-01 7.180660130860780921e-01 3.444440069821372852e-01 -3.462110227169423737e-01 -3.738790173485084800e-01 -3.382012772318434557e-01 -1.624214157890042642e-01
5.966579253722019693e-01 7.007728359613385472e-02 5.405558020406910913e-01 9.947922006135281325e-01 9.913508569610773868e-01 -5.963127613278500494e-01 -3.034163381285706063e-01 -8.221544126692204024e-01
-4.515728670669125755e-01 1.857962351821047520e-01 -5.928286835537608379e-01 8.315039717213592585e-01 -8.671171692366714812e-01 6.365016075643255000e-01 -8.174580815318517324e-01 1.159509548508137478e-01
6.358091654108211088e-02 -6.059579890534874114e-01 -9.279230835924134890e-01 5.753681904383456391e-01 -7.575841718067382047e-01 -5.857326902328818807e-01 9.331808450437213409e-01 1.125952470597557653e-01
-7.508657518027603839e-01 -7.338996550770091609e-01 -3.515137442396798484e-02 4.495085253934503200e-01 -1.659851522363808840e-03 -6.892516457715835987e-01 -4.354679868750681582e-01 -2.768998606254826633e-01
-2.387751828561914813e-01 -8.564084384499295322e-01 -4.602688808538590859e-01 -9.752077659579059254e-01 3.750636465599739289e-01 -6.996745551870597879e-02 -4.777060184451347169e-01 5.940514925479885022e-01
9.395314099208743608e-01 1.315801174364295445e+00 6.897712912311052547e-01 1.498823765904062189e+00 1.029358918677091062e+00 1.136389052518707921e+00 1.075283053117304988e+00 8.860903878477152107e-01
