1.807635017109261444e-01 8.549665200734990478e-02 2.132449343757216731e-01 5.784340867728019475e-01 8.467659630627011325e-03 6.487957030826190241e-01 -7.549741397861551295e-01 9.589527978720620016e-01
5.040047085748995404e-01 -7.779445327211720329e-01 1.249551362530281207e-01 7.280890769623622472e-01 2.299703206785916887e-01 4.865952886690245727e-01 6.542184471138374757e-01 4.124877775884281395e-01
2.689567283272700227e-01 -3.770579869875130274e-01 -5.239543145968024174e-01 6.716974817169065748e-01 1.633831467571957852e-01 -3.860965767035917651e-02 9.792846176985434692e-01 -9.760510401916853152e-01
-9.831826012342819165e-01 -8.753976122993889497e-01 2.812302928625429743e-01 -9.777919661879161950e-01 2.963254156626566882e-01 -8.463949977539479974e-01 6.335676195950710188e-01 -3.306205103424557645e-01
-8.457437871899637916e-01 -3.574104564971274378e-01 4.417410059227637742e-01 8.610939300218116710e-01 -8.018692773454685341e-01 -5.940872198092899126e-01 3.070778618025522544e-01 4.435591988634468574e-01
-6.993192591438230910e-01 -8.850260734970949450e-02 1.757129924664402321e-01 9.868848802331553483e-01 2.450619247639240772e-01 8.320505185378066493e-01 5.624931638062313777e-01 -9.539297903952848046e-01
7.641721457396741801e-01 -7.742398542173238862e-01 7.727654336550968672e-01 2.214434175523907200e-01 -9.927096682713876241e-02 -5.179997687369743975e-01 -8.738183393409104660e-02 8.223213271314193662e-01
-5.671338364552116484e-01 7.460584574443585026e-02 7.948548273270104048e-01 -6.914884368610920706e-01 -7.434863357176915155e-01 2.715414319851550129e-01 5.158025812429227752e-01 4.348942772757562469e-01
-4.284441958363358616e-01 -7.573227017824959439e-01 -3.822825490287904415e-01 -4.969000568142181162e-01 8.898433260661020583e-02 -3.433048866371168906e-02 6.239065202467311000e-01 -3.642701472738207880e-01
6.157026353097668769e-01 1.198529842942057666e+00 1.249464828533395799e+00 5.077721298646116210e-01 8.530468238049156993e-01 8.835169886257800975e-01 5.609716802282675996e-01 1.190665891719799863e+00
