3.689711429216635530e-02 9.308814292095384246e-01 2.927315872664237872e-02 -1.342851961806970085e-01 -5.689167031400106378e-01 -8.801443607878831621e-01 -9.181190085822841240e-01 -5.122831377086298765e-01
1.445695489446385817e-01 -9.779082531702787406e-01 -8.434806424761462917e-01 -3.772273459401342954e-01 4.601217963965842372e-01 -2.519880632113933316e-01 -9.815385571067012371e-01 3.310500383571965966e-01
-7.435164210921829664e-02 8.502926906434746801e-01 -8.466759801575585165e-02 5.894551720041485421e-01 9.629539924955543562e-02 -1.993699378131483790e-01 7.207888420787136319e-01 -1.458542639881967862e-01
9.765943478229943686e-01 5.500715056288638660e-01 4.405962035905601759e-01 7.105164702392423592e-01 9.025275998280799516e-01 6.245435258438247761e-01 -6.292365109175996896e-01 -8.667980457844370878e-01
-6.996708108329878772e-01 3.398676799713273855e-01 -5.280600763047247348e-01 5.348842349979847643e-01 -6.970141594058063550e-01 7.118961896865645400e-01 3.822255514108439112e-01 8.740445692618199480e-01
2.446534539165987621e-01 3.650183512694258336e-01 -2.502369265494674977e-01 1.336102822426301628e-01 1.455192776817537670e-02 3.505383747792230054e-01 2.786433703009554286e-01 -7.445791981005525084e-01
-8.062960906814411466e-01 -1.353992333984903595e-01 -5.554956053132291682e-01 1.469266339065589122e-01 2.799038238297524295e-02 4.841356861778105536e-01 5.876815547635507730e-01 2.420448130587522506e-01
-9.336371999639241359e-01 -2.137965480411452290e-02 9.665519930869903575e-02 -7.599895386084754012e-01 6.722334589607097399e-01 -8.990354250293894900e-01 -2.271421656842236292e-01 4.883444063880031383e-01
-9.346464853570468634e-01 -7.420661172362723601e-01 -1.401602135829183027e-03 -2.868696389484646225e-01 -9.666432086030327664e-01 8.504914119171134157e-01 3.522933083114543340e-01 1.197390344684912122e-04
1.093386730942768725e+00 5.721622164232027519e-01 1.237824762329688078e+00 9.803667642803512994e-01 9.344209010532510407e-01 5.296797516355850055e-01 8.927725065516440850e-01 5.180770020700690148e-01
