6.095999336856110506e-01 8.744986980663196352e-01 4.080622403127287523e-01 -6.835990030161100961e-01 -5.299500827092702426e-01 3.403306280467623957e-01 6.201708519572592948e-01 4.532444761398830568e-01
1.642435184024322314e-01 2.582047031715899443e-01 2.210282773992122696e-01 -8.459252639463059609e-01 5.924463659450347475e-01 5.546400243963240939e-01 -8.855102952073130584e-01 1.708489285862757612e-03
-5.728471645483088626e-01 -8.736620396592227333e-01 2.764197451563856767e-01 -4.674286137646359585e-01 2.365126926850122935e-01 9.254381887633964521e-01 -7.424566549471856014e-02 2.027792293705872329e-01
-8.324892933445646737e-01 -7.278335985828148225e-01 -4.906335576270552945e-01 8.131056834068790540e-01 5.746173580032687411e-02 2.145473899056520306e-01 9.819743018070914431e-02 5.252593863969690080e-01
-8.647189318048633666e-01 -6.144920819479922081e-01 -9.072586785895986328e-01 -3.288293088914582274e-01 8.124398361900599941e-01 4.304742024042036430e-01 -6.041524365704651345e-01 4.022824548062435834e-01
3.328275545474330688e-01 8.249337062043293756e-02 7.106018564371328061e-01 -1.372956561510241258e-02 -2.749621147924148357e-01 -3.014988542785159709e-01 7.157008032745657555e-01 -6.709129486600615699e-01
-1.431822115947820606e-01 -1.621923917180012609e-02 3.569517565869819720e-01 -9.840235672510462273e-01 -8.019284107118225258e-01 -3.942638824402786568e-01 -3.585672184002388629e-01 6.163707596239864639e-01
-6.384403323549718845e-01 -3.166696140118432368e-01 8.236850155245682981e-01 -8.510520906149900977e-01 -3.842496564867647901e-01 6.837552651268856696e-01 3.661934656724972204e-01 -6.325756767753629717e-01
5.134944426278618135e-01 5.848305333527403782e-02 -4.093896593057364530e-01 8.249530052420559478e-01 3.049353906105745082e-01 -2.777122306093846582e-01 5.244138751008897703e-01 7.680621128798788000e-01
1.144647308042629152e+00 6.182104419283304120e-01 1.229838249769474423e+00 1.410993778468814019e+00 7.793419485281821713e-01 1.027235996522382067e+00 1.053862502454850247e+00 1.024766865677585459e+00
