-6.665812228556393659e-01 -9.988561321874873666e-01 -6.965228754340160311e-01 4.721652006579657446e-01 3.966515916981216971e-01 2.750054200593363696e-01 -5.518392221144496901e-02 -5.046057822874374654e-01
-7.321964596116592450e-01 4.343371930871497977e-01 -3.495892965977451805e-01 -7.549440655415993184e-01 -7.526035881889694412e-01 -4.228874312678516656e-01 4.851059444848067059e-01 3.420645999314930741e-02
-1.146214071989519745e-01 -4.349583077073524429e-01 1.180427656736209308e-01 2.555026576967711627e-02 -1.897320393591457321e-01 -2.921373050230480217e-01 7.494768985991062671e-02 -2.323869760322658795e-01
-1.307311124704189087e-01 -4.325847384504446502e-01 5.680462223966080693e-01 7.458355141280421652e-01 6.712942458682964464e-01 1.710566703363318730e-01 2.377936979285057983e-01 -2.727411763125506816e-01
-9.288147116719220886e-01 8.852810839666935827e-01 2.978376401169500198e-01 7.317068715071721741e-01 8.937336797073938133e-01 7.456491283614274934e-01 -6.738217185670762888e-01 -4.852361424432707349e-01
2.970787930104488161e-01 -5.036632544297612313e-01 -9.546390546088221463e-01 3.945434934197895593e-01 6.889998045278611372e-01 9.974886835431977516e-01 -6.443844610436617604e-01 6.380315001019210008e-01
-1.840350934543988348e-01 1.444001376973473860e-01 -9.278716399842901197e-02 3.189517317948458164e-01 2.723072594999498275e-01 -8.266597559068038503e-01 -8.344523335968609956e-01 7.769622510854590214e-01
-9.896970662791360063e-01 4.681890787992313285e-01 4.962113485111030453e-01 -9.922606092899197705e-01 1.342695670804787689e-01 -8.476942769907680475e-01 -7.997584400501880353e-01 1.619032278891576748e-01
-4.297105557925067210e-01 -3.981971583911985135e-01 8.896234938345837229e-02 6.256762682874821291e-01 3.435799940656534268e-01 7.911800932197472491e-01 1.614620944105717992e-01 5.139974450490651936e-01
1.152148615763123551e+00 1.308716027881686506e+00 5.671501694388714210e-01 7.938318190416835396e-01 1.084788456535829670e+00 1.167321630519106979e+00 7.296399602307114263e-01 1.287400094549157936e+00
