-2.677854995198258869e-02 -7.436699952383851731e-01 2.773377003297552434e-01 4.864494153815857036e-01 -2.609012321115229405e-01 4.728820914968330236e-01 -8.707421557905850040e-01 -2.448942716623656590e-01
5.454840700076686311e-01 -4.930863435889498714e-01 -3.940333349099525151e-01 7.572025828613253573e-01 3.131568060973277667e-01 9.391836409968534749e-01 -4.887052049783191521e-01 8.132539739705417769e-01
-5.934430058807143027e-01 4.804172872380765291e-01 1.039791584782212563e-01 7.672218118716578328e-01 3.419053348462572917e-01 7.048139539334643544e-01 5.830646282971923000e-01 -7.545358119603200464e-01
-2.363018245019410379e-01 -3.472084527283032518e-01 -9.436847924738729354e-01 -6.262735004107355952e-01 -9.839572874910769151e-01 -4.466017211403761067e-01 2.462637573515424894e-01 -7.539742630602390694e-01
3.389134428839413182e-01 7.033558308713747653e-01 -4.302436989170690396e-01 -1.521800912629438507e-01 -1.158705018181889201e-01 -8.644325526010203653e-01 -5.287379656740851530e-01 -1.616041624931783272e-01
-5.855562668569636031e-02 -1.050609613357824657e-01 -4.262051373470656657e-01 -1.702060245964449603e-01 -2.724800396239837053e-01 -8.957730360925451052e-01 -3.689895012724369039e-01 2.161440236199043685e-01
-3.122510176566191120e-01 1.766959432664616525e-01 6.850877394163212841e-02 9.287371254518339558e-01 -1.820379340858357953e-01 -4.037734564798072245e-01 -3.704126497895843251e-01 1.143236510606437939e-01
-2.134545527111249008e-01 -7.251854701433468886e-01 6.560644310779406574e-01 1.061777126271779004e-01 -2.731168004895365709e-01 2.209747176984813155e-01 -6.665339369817222526e-01 -3.421694663826342353e-01
3.420394760646572330e-02 1.854875510054072585e-01 -8.415984097298070399e-01 5.004094387004667244e-01 -1.735312637229764476e-01 -4.113099694612531998e-01 8.734546589452210075e-01 -9.306487387631252606e-01
8.507728215873880950e-01 5.025677958842555970e-01 8.007054040230443537e-01 1.172199713270317023e+00 1.476267949168762694e+00 7.586023523346274722e-01 1.268623440815837000e+00 1.006462942475454536e+00
