2.379865598799657533e-02 3.033151267465195033e-02 6.708900844283594012e-02 -9.302887068096676870e-02 8.626906781619267939e-01 4.288037678944345288e-01 9.551076301516239209e-01 -8.484444685810403897e-01
-4.574558593837518838e-01 -3.083628837330376626e-03 7.147063332582199724e-01 8.225006515214314806e-01 -3.986432511644661947e-01 -2.887046888095150532e-01 -1.330944320837821326e-01 4.593152895300181005e-01
-7.955234814201617155e-02 1.652500754930605886e-01 9.198565587143823219e-01 7.342029860910777028e-01 6.063333807034381184e-01 -3.682646752237102028e-01 3.371924815449172108e-01 3.853906567597162880e-01
4.034995296795120812e-01 8.149644220514851156e-02 -6.292262966372834665e-01 -6.275419574175045145e-01 -1.555982701239044808e-02 -6.483960804884896234e-01 -5.587912988589893715e-01 -8.331146773279647366e-01
5.902016103996374774e-01 7.183801798632305502e-01 -7.176409610567036079e-01 1.850819519327306928e-01 -7.645241987099737901e-01 -5.846768061338600830e-01 3.149560901680674707e-01 8.161866096367784706e-01
-1.986220043299402604e-03 2.753550394656896216e-01 2.882881966485051350e-01 -3.516347794446694763e-02 2.410040972107618806e-02 -2.212222757452986244e-01 2.046756472736890320e-01 9.951680034334160485e-01
-9.284224401950456063e-01 3.446281109999400627e-01 5.556684809885434895e-01 3.993837401677031718e-01 8.879250400947089616e-01 -8.272846679272927162e-01 6.286403150709281018e-01 -4.806664773868378759e-01
-1.324795665710165604e-01 -7.500987446931197677e-01 1.018242237646935777e-01 -5.782706099097623120e-01 -1.591546329532529391e-01 -7.273816728133728482e-01 -7.262864107446340700e-01 -9.469853941307309064e-01
4.636292381706994536e-01 4.425541496302245470e-01 8.776671893242138367e-02 5.442265287902725568e-02 -6.926241174485294749e-01 -6.487797425925867500e-03 3.705866627514884382e-01 2.519734514691418514e-01
8.968732556530307765e-01 9.231497685263474473e-01 1.417558464315837208e+00 6.572115749559415132e-01 1.482060755567550459e+00 8.929902934178850504e-01 1.432796472191735893e+00 1.181546100144835965e+00
