-7.929183254516118939e-01 7.825716233084762941e-01 -6.386675884835724126e-02 9.500797332360177982e-01 -6.995987650040647043e-01 -8.225627993896043044e-01 -3.299946635835864228e-01 -2.115121722279211802e-01
-6.846946367784909615e-01 -4.194826362909260808e-01 3.806121061243767922e-01 5.683044979821092468e-01 5.335262611621880424e-01 5.662690051568302074e-01 -1.849150212212851141e-01 2.576371372438874818e-01
-3.976862874278772608e-01 6.839165991382718524e-01 3.542282595066077455e-01 -7.572132678258125527e-01 -6.602899215731983240e-02 -5.980846467808909050e-01 -6.732298184361387161e-01 -6.603224366643549725e-01
5.702018829542161438e-01 -5.415574569354930645e-02 2.886925244830369497e-01 -9.112333972032571339e-01 6.430502808355689215e-01 -3.074407837589672177e-01 5.577716751311934118e-02 8.034545892838684811e-01
9.180765279055957961e-01 -1.034834292179263038e-01 2.566366794669658891e-01 5.715565033646441417e-01 5.476820156976467402e-01 2.903923065948110782e-01 -4.315749230713858964e-01 -6.530730218868854298e-01
-3.080831783497313126e-01 7.084792854773092063e-01 -4.712610880212630970e-01 -8.679593234567457571e-01 -7.434927490510712111e-02 9.606955276204365290e-02 -5.414444197177017415e-01 8.664188751900727681e-01
2.696348667718657666e-01 -1.403667130602737068e-02 5.496567836470416246e-01 -7.564699888807262518e-01 2.039100529630608616e-01 -2.792827778789399584e-01 -4.104844037747468199e-02 7.704464689815229139e-01
-9.612641936223644823e-01 1.310556797658635197e-02 7.806631373306172073e-01 7.232522411853921085e-01 4.549214431226953348e-01 4.267971825885861215e-01 6.341672717086261901e-01 2.961361673878211143e-01
-5.941501352832321281e-01 -1.482869535057798061e-01 -2.380207584015971989e-01 -3.845119567485841827e-01 3.912601439845737605e-01 -3.447137783690594759e-01 -1.296973029367942676e-01 -7.639213970307523471e-01
1.092516275735192721e+00 1.238026105041109215e+00 1.256987001170341234e+00 6.656675672066079130e-01 6.647668275085238943e-01 1.192541742272342109e+00 6.046248336975955651e-01 7.898852386074741716e-01
