-3.153637821412336173e-02 -4.184745864040477770e-01 1.450576802473597660e-01 -3.670905024398953831e-01 1.300405506521808974e-01 -3.447379994831683003e-01 1.974167243319779885e-02 8.715418909153247462e-01
7.707169100618624924e-01 -7.332858715298578023e-01 -9.557530711015407299e-01 6.528746297150735955e-01 9.173040311390929791e-01 -6.232410722217867072e-01 7.748843593898568916e-01 6.391501477698477984e-01
-2.085734334399205192e-01 4.394581920950006992e-01 -7.222608376248715878e-01 9.108669801314239756e-02 2.174896083283792692e-01 3.163777193890726647e-01 -9.208068674687781563e-01 -9.617924808588143026e-01
-6.419073427889683270e-01 -6.757508038457644695e-01 -2.485809352697390118e-01 6.095760654218147501e-01 -8.872688209211911925e-01 -1.633817119224145742e-01 -6.070850551497630754e-01 -1.347931676800082634e-01
2.110187737532915886e-01 4.115307236692711257e-02 1.291599828669769412e-01 -2.085268096270831428e-01 7.348340146348599777e-01 -1.098193413956454201e-01 8.720483641039082912e-01 1.516070824025410602e-01
6.183009534990120404e-01 -2.234765053656284639e-01 4.532716857460974413e-01 -7.209686511371029560e-01 -5.009523193444174183e-01 9.331640757099097794e-01 5.780499427825236403e-02 -8.086535684785245426e-01
1.424333584471679792e-01 -8.221398427418455945e-01 -1.497955141009883473e-01 4.528726717481332820e-01 2.114988673634015104e-01 -5.713881126595621307e-01 -2.389225425637409028e-01 -2.737562960093005149e-01
3.144265052100230218e-01 -1.914760825700043689e-01 5.456159872906463093e-01 7.446320292991739365e-01 6.285846976378306472e-02 5.073111324931334210e-01 -9.445412451638410811e-01 -8.690756100072192236e-01
7.063870231541082845e-01 6.757237098296202671e-01 -8.460135985057339880e-01 -4.481923968528618296e-01 -3.139025618394879480e-01 2.511749962797300562e-01 3.869070298670345132e-01 -5.131492082293866996e-01
1.365086090864821911e+00 5.771946173520837720e-01 6.092943365584415627e-01 6.983575057096327310e-01 8.804645287331976933e-01 5.072116502868129206e-01 1.000935961400323482e+00 1.482243262104611325e+00
