6.918635932179058035e-01 2.625179487228244124e-01 -1.785993997689721002e-01 -3.363683444525942257e-01 5.829531312638644991e-01 8.114836019640860876e-01 -9.655310630710660647e-01 -7.416446904131177575e-01
-2.567172073768075879e-01 6.526151557776407319e-01 7.395420070005913615e-01 8.021609943394989450e-01 -4.373639305403775879e-02 -3.370550460916375002e-01 -5.853270966979084999e-01 -7.768070980096473122e-01
-4.287199304660611610e-01 8.473916783464685576e-01 5.007625092184111448e-01 5.371718849580002786e-01 -5.151145736107709538e-01 8.405044366440910242e-01 4.808104381483913059e-01 6.237164994721979827e-01
-3.973819178787090234e-01 7.299875902257655369e-01 -5.243302729644159221e-01 7.270999961646491538e-01 3.362866377242070826e-01 8.857919993372496137e-01 -5.947860553760302427e-01 8.617579590012747204e-02
7.443892619054404136e-01 5.068769826045733673e-01 -9.919181702902104547e-01 7.507244416818972255e-01 -4.094041714742440163e-01 7.382641757465719934e-01 5.057451150606486756e-01 8.510589518124977992e-01
-7.117930795838296465e-01 4.089798048310147038e-01 8.654408270813271908e-01 9.099232383043887040e-01 9.768433929907960334e-02 1.858058649356280068e-01 -6.877121058059685321e-01 -8.925121538124372034e-01
4.938903642102123737e-01 1.220664678247773693e-03 2.300286366789181525e-01 -7.390833453468537151e-02 6.276469411589746805e-02 -1.402340545795890403e-01 -7.280391034433169040e-01 -6.015216222215147290e-01
-2.350379645761175862e-01 -9.919032435213359644e-01 -8.161439210678493872e-01 -2.305932982969367551e-01 -3.721380789890411656e-01 -7.387181751284450648e-01 -6.427613083169068098e-01 6.891385926296216269e-01
-4.609576752106889774e-01 2.910859550141244867e-01 7.566853126633479310e-01 -3.195070683481975315e-01 5.283124887600292308e-01 -2.320538901408164545e-01 -5.287113892479435862e-01 6.981435978686967303e-02
1.036378407013940794e+00 6.956385154228531542e-01 1.452156253498417149e+00 5.646248982862749344e-01 1.193370221852785518e+00 6.453654920365337055e-01 5.777113922041479110e-01 6.559140147025994683e-01
