-7.342168263668571448e-01 -7.925330512860360166e-01 -9.352309973470778193e-01 9.930090704949812164e-01 1.346693382698938013e-01 -3.376534352600839561e-01 6.735714266817482976e-01 -9.182259970174684316e-01
3.275024387728120434e-01 -6.511927526930607613e-01 1.841217975891706882e-01 -9.658273601188380741e-01 4.704716139909392858e-01 -8.530759826225553510e-02 -4.372366201229429539e-01 -9.927986048471695302e-01
-5.066035894902163328e-01 1.246639298536511564e-01 -7.628740950931334197e-02 1.540601092755315982e-01 -1.756449400798612004e-01 -2.068952360769880094e-01 7.811476927731977327e-01 8.702787242072582696e-01
8.525076397591542232e-01 8.934598576847045948e-01 -1.053395493250897097e-02 1.793312709448058317e-01 8.001161043191717948e-01 9.585789265125361780e-01 -9.666627636217419717e-01 4.113434932442519010e-01
-8.914695572616468944e-01 4.619487916340154765e-01 -7.263067079116818370e-01 -9.973928494650989851e-01 2.406417251029819848e-01 -9.224884643960455932e-01 4.501548990648567283e-01 4.216199253095256338e-01
1.680209998217148115e-01 -1.939126875207928258e-01 -4.225146428084138872e-01 -4.153838159470080171e-02 -1.556854751409888493e-01 5.719342898015991050e-01 4.268192026735846412e-01 -2.408573338817607823e-01
6.749224780069198459e-01 8.624051868866140502e-01 7.626298764345018633e-01 -6.806785088202567113e-01 6.313420499661170915e-01 -1.516686984075297229e-01 8.134599344486079797e-01 -7.611018654677925710e-02
1.797893299841488712e-01 -2.386311017003641677e-01 -9.005857114562361154e-01 -2.378672785946642776e-01 -6.393939413186935372e-01 2.581073081826539273e-01 -8.153066488670899226e-01 -5.924629671470225123e-01
-1.906595729262210437e-01 1.851464872159724884e-01 6.632889541229773922e-01 -8.823233377262247323e-01 1.103719055901009050e-01 9.733097542831223858e-01 -7.147479482706147191e-01 3.786368160610984468e-01
1.136439141454910207e+00 6.880498476934833185e-01 8.805047407216628486e-01 1.279513090527663932e+00 1.302395283694356198e+00 5.187711184589329783e-01 1.347462958855676129e+00 1.481067034603119836e+00
