1.443348503792087900e-01 -8.986607246132574112e-01 4.529453860888632555e-01 6.626534540855939515e-01 -9.908878530666040962e-01 -6.048629163735208536e-01 4.977740663829486323e-01 8.929563548695367281e-01
5.356283131035355360e-01 -2.312781227130034090e-01 -9.061204682507770780e-01 3.237072186315657074e-01 -7.568721547139400929e-01 -3.856924886822929999e-01 -8.507916451854586892e-01 6.425771290495743138e-01
-5.806595837064096877e-01 5.096289370118523010e-02 -8.897753604050526732e-01 1.141355270499879726e-01 -3.430962162641237878e-01 1.423669884510982975e-01 8.836294332681782215e-02 5.636330752182510118e-01
-8.479604344515325742e-01 -2.152744831963724348e-01 4.857578158701110205e-01 9.912131169640758799e-01 4.613034500905732749e-01 8.712204942224393012e-01 -1.305011723783722211e-02 -5.310865671213964578e-01
2.894277140319825303e-01 -9.006904248571601102e-02 4.191355650752977002e-01 7.913210411475197770e-01 8.537927442334503070e-01 -7.610264764478567034e-01 -5.830723377737516699e-01 -5.970313293790352471e-01
-7.695640451945924276e-01 -5.879268146744032197e-01 4.312339852808184659e-01 2.093563678200411893e-01 -8.410112425487996646e-01 -9.468083872561552372e-01 -7.728811424736448110e-02 -6.469531519224021032e-01
8.953490935086494407e-01 -9.803311956088427426e-01 3.128553764857302522e-01 2.009504158545603048e-01 -6.033658162129929003e-01 -7.411814630667608039e-01 8.436208914009630799e-01 -6.040154452280765973e-01
9.475875435948253322e-01 5.865878270814055551e-01 6.259048177702648541e-01 -2.743118222165108477e-02 9.878493885870509583e-01 -6.720306266312128241e-01 2.213711921998957610e-01 5.634620040867079904e-01
4.984891942102089857e-01 3.326882049338084624e-01 -3.193811405852573504e-01 5.281791423212389702e-02 4.404557869267260450e-01 9.347967124993079580e-01 -3.586625825786839972e-01 -6.819198941219244414e-01
6.575544855422060797e-01 1.436141519013132806e+00 1.170143724011270647e+00 9.405739050606443108e-01 7.463689879086582435e-01 1.041618121127960261e+00 7.922936661878599018e-01 6.104586637546818295e-01
