2.867952867809255846e-01 -3.058810976295800454e-01 4.081955430426249531e-01 1.627452108069937786e-01 -6.188707019209951365e-01 2.146944816976683601e-01 -9.225695150263917288e-01 -8.911856014547254734e-01
1.492788158857589753e-01 -1.770159182687363053e-01 5.372565870778034380e-02 -8.777044510245353148e-01 -6.229214169053371997e-01 1.211142682464849685e-01 -4.722856570680014077e-01 4.451752815053187096e-01
1.249662846816745887e-01 -7.288035991244465883e-01 -1.801766447983523811e-01 -5.753588675053755708e-02 -2.743574703104743051e-01 9.345916268430387586e-01 -8.763959500841551620e-01 7.507777972315574644e-01
3.040900363054026556e-01 6.408415879648825531e-01 -2.948746442387781830e-01 2.905772654733382865e-01 -2.206720042449561436e-01 9.688813683664112553e-01 8.371466901452564446e-01 5.788861800451301498e-01
4.442553761454133276e-01 3.089458558684310407e-01 2.709124352541605329e-01 -8.627630690476559838e-01 4.039988705851347284e-01 3.546933313900595408e-01 4.835922426691945386e-01 -3.515902811315958498e-01
5.573413918034673120e-01 -2.688718613890483944e-02 2.066259835894967978e-01 3.324336678066344142e-01 -4.446151501423738495e-01 5.738064479336768553e-01 2.076923600147382309e-01 -7.480501580144267582e-01
8.609825167010587421e-01 -9.691008465005532813e-01 -8.133972147312122924e-01 -5.721719049120266298e-01 9.409964803075101525e-01 1.043957438265268323e-01 -3.918368589831449089e-01 7.338224079171391523e-01
-9.351907536103534202e-01 -7.764544596577771518e-01 4.887967243731858868e-01 -3.271721114006951314e-01 -8.375763229041743863e-01 7.764350917487534698e-01 4.282586705989390730e-01 7.750833268472430149e-01
-4.202897902958675491e-01 4.285983794067749209e-02 -3.478676667125943922e-01 -6.028589344550214779e-01 4.078892083142240388e-01 8.446992193914035774e-01 4.734303963166850426e-01 8.079286856304621622e-01
1.404643662909476509e+00 8.479771915555688322e-01 8.441258954275081550e-01 6.210925482431700617e-01 5.986950330346916260e-01 7.651394885682653024e-01 6.646060992255534705e-01 8.621662847372280059e-01
