-3.707076175624666181e-01 -5.031070813319151735e-01 9.902681771049313131e-01 -6.231653024832073395e-01 3.731377084122498022e-01 -9.472707508188911163e-01 -2.795091605020803005e-01 -2.481966514630831178e-01
9.116013475787727582e-01 6.280562846898773977e-01 -6.004568084943755490e-01 2.460933167123726673e-01 7.988727445827885632e-01 -3.188045204378453512e-01 2.420310323786829532e-01 -9.072930797394076485e-01
-6.956905068772729628e-01 2.032428576475235893e-01 5.095847006035987281e-01 -4.205910112363522302e-01 -9.215557322213157043e-01 7.108270533670890678e-02 -8.381867788813655018e-01 3.942968744715062979e-01
-1.520575441044207388e-01 1.599472785225333205e-01 1.052417344906297902e-01 -6.246348501323490954e-01 -1.463615790367700509e-01 2.388406720596969457e-01 -5.799553859001422840e-01 -6.537536360282272252e-01
6.933630083876443084e-01 -9.867141360476443523e-01 1.128048177201474989e-01 -8.840673766808480050e-01 -3.920653801040985265e-02 1.253741254496372193e-01 7.334103874565633951e-01 2.335149817612973688e-01
-2.138308946272096112e-01 3.902982484613914949e-02 5.068706940160234709e-01 5.674995881353472882e-01 8.330269090278710209e-01 8.003055898811213265e-01 2.267159936893792249e-02 -4.866679282112118532e-01
3.612517641722332584e-01 5.353173115995384368e-01 9.647683609607757838e-01 2.772727442601774506e-02 -8.350010599056210125e-01 6.548184388912539067e-01 -1.544111824109246633e-01 -3.195594875113332289e-01
2.065468073055360954e-01 8.077950904179165281e-01 2.862726167640332608e-01 9.277999760945072616e-01 -3.205179515914129418e-01 4.080784474381242699e-01 5.344940898562346998e-01 -2.338046131109436931e-01
-4.200010222840639962e-01 -7.994912708889123643e-02 5.283427068009658445e-01 -8.356109952657431172e-02 1.526649461051512446e-01 -8.047798729680124552e-01 7.528497694922879901e-01 -8.626672679079221417e-01
8.406366602000748811e-01 1.422781623076669222e+00 1.469158225563054199e+00 1.003774225891820304e+00 1.406840958014892840e+00 1.286216314495238322e+00 7.229461067204644431e-01 1.165000633786961837e+00
