-9.410440219681688312e-01 -2.605163344685168525e-01 -1.633065646667479776e-01 -2.925028583363309398e-01 -6.346323279257659600e-02 -3.412941953705437292e-01 -8.149758886484490539e-01 7.206963377969040074e-01
-3.966440890401656816e-01 1.325463059133635824e-01 4.549689859264516301e-02 -9.461782575502357684e-01 7.786789592353431377e-01 -6.046289668162998510e-01 3.711700893876210827e-01 -4.382244238276606918e-01
5.426031196797254097e-01 -5.119297707733343472e-01 -8.226551722677630796e-01 -2.151715330543479965e-03 9.958133580864036993e-02 3.329881741499480796e-01 -8.250923096609574792e-01 2.682830111251719440e-01
3.667267094848065678e-01 -2.555357019483994740e-02 5.362183809550535862e-01 4.841023063228460099e-01 5.814977300525967507e-01 -4.691339078571510335e-02 8.873605611870871712e-01 -7.852569687089900885e-01
-3.006164948874814336e-01 -4.096377674282656312e-01 -4.046297650417662872e-01 1.022492225748474759e-01 -5.488560336090375635e-02 -2.374961145910914340e-01 -2.096108244984580260e-01 3.792754503513393605e-01
4.800688981075136308e-01 -9.163367449374415497e-01 -6.694078619498942118e-01 -2.355233453130545218e-01 5.660872995899439708e-01 7.617154971212722891e-01 7.984414976770137784e-02 -7.784129701711304250e-01
5.056019134031115581e-01 -3.218835806466273652e-01 3.249055386361634490e-01 -9.916751768018019497e-01 6.158957894379248899e-01 -4.494201674003273084e-02 -1.251121083829673797e-01 -8.145034435162104014e-01
-4.391530493231463605e-01 2.332671302051747553e-02 -2.534579867671351572e-01 -4.803578065319589196e-01 -4.748450543197553220e-01 -6.650764209087458578e-01 1.582219764725878441e-01 6.479667892688116826e-01
-2.425608692989724702e-01 -7.888771054650505210e-01 -5.674593120807580604e-02 -2.119819759223036115e-01 1.157026389180870751e-02 -3.053683104272959525e-01 -8.919783097639519820e-01 -6.206276380674387028e-01
7.399611914172592453e-01 1.370426657600079867e+00 1.026756829520735659e+00 1.271159124326882939e+00 1.227639145613995897e+00 9.328619186641181615e-01 7.060872610524170367e-01 1.281081262960697575e+00
