9.235465956298618551e-01 -7.068848665703777456e-01 6.619465112534530515e-01 -8.395054481694401716e-01 -9.693683206460608215e-01 -8.907156635152027047e-01 5.545568363208450702e-01 4.186588224588589924e-01
-5.942921936798077898e-01 6.137481910952955477e-01 -3.793562429554300230e-01 9.032689380400193979e-01 -5.298821251662202414e-01 -8.750971282791450978e-01 9.557319398943842081e-01 -2.565631326569994819e-01
9.330581924473249078e-01 9.459959961099246861e-01 -3.941744992032003569e-01 -4.655129803105704234e-01 -6.642773770441290360e-02 -8.040229600408286270e-01 1.927370870750813037e-01 -9.245928499619691099e-01
9.226517784479248974e-02 -2.698872650540904417e-01 -5.818558863839065065e-01 -3.331635624147102348e-01 7.148078521791718654e-01 -7.452554655773460102e-01 1.765929579272751404e-02 -9.526157741079741559e-01
-8.944399407472924945e-01 -6.125616723879809822e-01 9.358714203370341878e-01 -2.074377000452660713e-01 -5.159937306677242486e-01 9.364480791271652116e-01 2.049893828940558826e-01 1.202698734510287970e-01
-5.829689874389778481e-01 -2.576506021929469981e-01 -3.218887389597464566e-01 -8.731948870969044041e-01 6.769665170926386644e-02 -2.703589462251396736e-01 -9.589416829651491447e-01 4.378428402077729764e-01
-1.384794370437436584e-01 -6.730016532356972725e-01 -5.970691189813730482e-01 -8.787813784745068801e-02 -3.722422406218570679e-01 -8.297452642124336641e-02 -3.873202658777037399e-01 4.210900090358882242e-01
3.466344446038016613e-02 1.627537355374122363e-01 -1.676299292703371524e-01 9.799178971284165929e-01 7.121889243621839505e-01 -9.460361796662359879e-01 3.298936470714048941e-01 -5.309163622595349796e-01
-2.507599762511527608e-01 3.345160183687798661e-01 -2.832917869967381819e-01 3.562128795841414952e-01 -1.593414906771597472e-01 -8.515526916861499984e-01 1.353260502000319665e-01 3.769333533865517616e-01
1.445782486925724530e+00 8.407396494842854784e-01 7.120977728058300871e-01 8.644913328068232206e-01 7.727163602819431265e-01 1.486959254833240873e+00 6.515806950712924595e-01 1.447992704201716885e+00
