9.450829268411562456e-01 -2.364804973847318692e-01 -6.839779423673728598e-01 4.484839808120029137e-01 -7.372666875260640573e-01 -5.797147646365554685e-01 -9.324054937011070354e-01 6.902813201061261950e-01
1.878324463514968734e-01 -9.725375461454066617e-01 8.109015062190332301e-01 -3.480299680484852942e-01 -4.437071344266358963e-01 4.105406050667126383e-01 -4.326939384371659703e-01 8.449985876496819426e-01
-6.415283232503810051e-01 1.453913578965728703e-01 4.708772635845237531e-02 -9.798764334682965593e-01 7.214245337241251832e-01 7.453956847313825129e-01 4.109241322996453061e-01 -5.320412868244257520e-01
-5.529337211456148982e-01 -3.284529393438642142e-01 7.096801411780966351e-01 -2.852119802536134952e-01 5.769226678593508684e-01 8.969707139093201498e-01 -4.775442724989140686e-01 2.233438224990567100e-01
-8.952348681498916161e-01 -2.422742870516791935e-01 1.700323402760668401e-01 -1.337334231573497068e-01 8.133281904676921137e-01 -3.289741166894377677e-02 9.810098455571183429e-01 -7.783260978619623849e-01
-6.350860243620399803e-01 -7.020851260875105027e-01 -2.677936925654023081e-01 -4.013149737744934331e-01 -4.448352257644136998e-01 7.525192598968051261e-01 6.051208940575691919e-02 -2.368920360594963803e-01
9.904794368727480869e-01 6.585665895025669681e-01 4.940270472037793237e-01 -1.000481394036878413e-01 -5.186197717411680230e-01 -9.302680787127941553e-01 8.824818198979378359e-01 -5.896555655408477481e-01
1.358280392446000739e-01 -7.099098466129376561e-01 8.473175717129117768e-01 -9.838333921593058751e-01 1.190120167799570972e-01 6.308068371176889233e-01 -6.848878396943200997e-01 1.643804066147520615e-01
1.540318738083361616e-01 6.785398957387547281e-01 -7.326096985473524725e-01 1.906148893297463509e-01 6.040743747539414343e-01 -9.449528023652888908e-01 9.601145805430828517e-01 -8.097146724368222692e-01
6.618691576961729384e-01 9.534962560462367787e-01 5.751089471096137995e-01 1.375706162474455097e+00 1.115499450638299361e+00 9.631580558683238147e-01 1.171510733008394922e+00 9.258780472191608935e-01
