2.689126889124053843e-01 -5.293963447363996266e-01 -7.776704094932394007e-01 1.319508246658234185e-01 -6.151724644619946947e-01 -4.875081915950854050e-01 1.917104911639022635e-01 -6.140154260360004557e-01
3.353849041557439570e-01 9.757491176654249365e-01 3.818011511993724127e-02 -3.666149950212320707e-01 -1.787501468879646449e-01 9.575106689504406798e-01 2.488429253891810689e-03 -8.556735288150436602e-01
9.359954972302511056e-01 -7.965512742037033078e-01 6.183559552541477711e-01 1.398163536049730205e-01 5.888240135221303184e-01 7.138504773703295836e-01 1.927892143895044708e-01 1.464371795046448543e-01
6.635274938116961785e-01 -1.531209769843853152e-01 6.394957644477936576e-01 -9.874476756946846123e-01 7.846546430746428324e-01 -6.502668452719579939e-01 -2.404774168887482411e-01 -9.969527517265861505e-01
3.264070896289290591e-01 -1.869825933772475413e-01 -8.276806133983567459e-01 -4.188726693613171737e-01 -3.038894898043658088e-01 -8.866542227040308255e-02 -6.830841397515663438e-01 1.732970559506852304e-02
2.586361082507369069e-01 -1.156384447665306237e-01 -3.611299719264990937e-01 -4.013910464336996053e-01 6.215064568558736902e-01 -4.290233138791479384e-01 8.444678795462521315e-01 -3.243443814198003761e-01
-3.178314632136809426e-01 -2.940253597089712567e-01 -7.953467263290820988e-01 -8.364992238077209041e-01 -6.441026818971196111e-01 1.335800301523160094e-01 -7.074605464746031025e-01 4.480132168150743333e-01
-6.046541522792221457e-01 6.210571894123342318e-01 8.311941577550576721e-01 -8.777965770043816285e-02 2.764257302460244592e-01 9.902769309780858897e-01 -1.869185282630192457e-01 -9.719437924187730449e-01
3.038778354707978302e-01 9.121531284508710424e-01 -9.653153798073970115e-01 -7.121728593872107549e-01 -4.005867536686549268e-01 1.420783085116796851e-01 1.986894828343495067e-01 -9.356032288564497534e-01
9.993003543100084096e-01 6.436299799011692135e-01 6.039595996715896309e-01 6.036908862794470032e-01 8.723910422241614171e-01 1.366602411495694946e+00 1.091071803844007482e+00 1.367816295644015412e+00
