3.228556798424375707e-02 4.669495837533554905e-02 -5.307903042421635575e-01 2.228781979587519668e-01 -7.690497824372861668e-01 -9.547464938676910595e-01 -6.285511974978619243e-02 9.801936105772137697e-01
-1.593268439805088921e-01 4.178078266713756150e-01 8.188932349955477807e-01 4.669267908581142823e-01 -7.696022836880722640e-01 8.803156951353188209e-01 -3.760616793131863478e-01 1.302077370958567570e-01
4.324126913443313569e-01 8.533808406735752250e-01 -6.356094999553718594e-01 5.514541952029741179e-01 2.723703788049400831e-01 9.459548135761024490e-01 6.693705048529265955e-01 -2.414521631345341035e-01
9.184757656028372796e-01 8.762752995627616226e-01 3.733328457550426638e-01 -5.688652119977191113e-01 -3.022785047668881120e-01 3.290834312118953164e-01 -7.183429682935416061e-02 -7.554308087690169149e-01
1.517773949171155046e-01 -8.638445143493216349e-01 6.182846845790830326e-01 3.867407275180525517e-01 -2.764916353396991155e-01 -8.533670727819131496e-01 3.443279777753935900e-01 4.619348314844635706e-01
9.222884788646652510e-01 6.515802609443110960e-01 1.401081743781549260e-01 2.054750069526343204e-01 -1.801801931698499004e-02 -9.033013146694337525e-01 3.959712465255986746e-01 -7.433735766361668773e-01
1.819867746060761515e-01 -5.047300011108817319e-01 1.896538270020879935e-01 5.166081829695263750e-01 -5.361395762352265670e-01 2.490916899569135534e-01 3.896926138708853848e-01 5.211692474379741036e-01
-8.656797556852144915e-01 -6.059419503935195017e-01 -4.628299114366531963e-01 9.945066408988862960e-01 -3.516789440937018174e-01 -7.454967961140313015e-01 2.431275061570974394e-01 -1.360389568127340354e-03
7.627725137201299965e-01 -1.393930880888967216e-01 2.018596062628708054e-01 -2.810489862826968110e-01 4.375940360842198729e-01 9.233140997573114905e-01 5.038870331134517322e-01 3.619047095822676141e-01
5.179349204247564176e-01 1.034333916797248065e+00 9.537858421168782241e-01 1.360930483873892038e+00 8.996074008106050846e-01 8.994341478607262852e-01 5.633915476198358974e-01 1.163426485181088932e+00
