-8.012328526425023245e-01 6.513579611879105613e-01 -8.772987739177700028e-01 2.564952328071243848e-01 7.556143779400839033e-01 6.725067264872621742e-01 -5.098357623978215791e-01 -3.066330929092471180e-01
1.776031168600080701e-01 2.525670518683271748e-01 4.255688116456499692e-01 1.424299694099591118e-01 2.535048826557142476e-01 2.906936193871363372e-01 -4.902044033969830128e-01 2.131966357132588641e-01
7.148978854677268124e-02 -3.753414370498850960e-01 -7.346193960299634007e-01 -1.797907095084663176e-01 -9.551950928263284180e-01 -1.577332966826987537e-01 -7.256264295303727074e-01 6.001261271779292361e-01
2.194745315324040380e-01 2.753597845339577077e-01 -1.178911641882691708e-01 -2.605837735215768003e-01 -2.956072411858805538e-01 8.727905003647704607e-01 -5.574665352969752075e-01 -5.025771356957182689e-01
3.250782380523229431e-01 3.048221977264318205e-01 9.408909308433288654e-01 1.379752746526663465e-02 -6.203368146935182015e-01 -9.860929665395050669e-01 9.232114167611493727e-02 1.569520781375364216e-01
9.510592993485444957e-01 -8.513171542801696301e-01 6.565756197787142590e-02 9.866483372623995329e-01 3.346367850783538156e-01 3.145564652130028449e-01 -8.856815726723779036e-01 -1.807875456151248894e-01
2.117972459336114888e-01 2.281573274898507364e-02 -6.791936678320737997e-01 8.258136648577485417e-01 -1.258218542311355659e-01 -2.789083070524576158e-01 5.621098842162355336e-01 -7.167766214240480771e-01
-2.114093786740742775e-01 2.695701689340683771e-01 9.024180039680589349e-01 -8.770530880125162465e-01 5.674077703775350923e-01 7.090783818554469153e-01 -4.828534077031654270e-01 -6.381143624433207595e-01
6.310057231021108937e-01 2.038516759177655402e-01 -5.336327714605597627e-01 9.430365533467632844e-02 1.462978934940353248e-01 2.732593608929885232e-01 -1.673817361578890939e-01 -3.679970138685768610e-01
6.383373194848063203e-01 6.348710162015099856e-01 1.072245248198870904e+00 1.021361894481033650e+00 6.171848373590469450e-01 9.833861354066889549e-01 1.115098873549033698e+00 5.889034686645620020e-01
