-8.061199767465285770e-01 5.232409055229525485e-01 -1.230362225529286757e-01 4.084207534215029689e-01 9.643485909712685711e-01 9.842272013076871495e-01 3.385318564204893299e-01 -4.003496738582366099e-01
4.310948854800877861e-01 -9.927838131589765691e-01 6.607146164691914958e-01 3.746620994922664760e-01 -6.395868848208996482e-01 -5.727189422210061664e-01 -3.964708447450935314e-01 6.110836193601199007e-02
3.196952164067987656e-01 -9.537507927981603295e-01 4.867509522958288759e-01 7.784217270093440888e-01 2.673292660193733461e-01 -5.105781511830498332e-02 4.468413164484890121e-01 3.953435139055287983e-01
-2.775291027987303316e-01 2.332792836575816597e-01 -7.697936361147701412e-01 6.827964633192982191e-01 -5.395005694261465479e-01 6.684152284913451592e-01 3.088629358621879373e-01 -6.075922834036766584e-01
4.554881945020545775e-01 -8.900679016245496289e-01 -3.562394667166706164e-01 9.816392650548637633e-01 1.596139398413789490e-01 4.653837662439528344e-01 7.317640460508294531e-01 8.356175242758507871e-01
-8.527243923692586769e-01 1.498267486918158919e-01 1.138119541892024245e-01 -3.500288803814366467e-01 7.064539447119351223e-01 6.274005906951807265e-01 -9.530644572780437862e-01 3.793572716793391919e-01
-4.036470213203651181e-01 6.752538005959236589e-01 3.218184088560187561e-01 -9.706661534319986906e-01 6.161981986901303721e-01 4.114356598322910230e-01 -2.541236661024257604e-01 5.852762701844638205e-01
-7.545992236136216391e-01 -6.481075287986410860e-01 5.469545809136322490e-01 -4.216586969289504161e-02 2.838249492270832341e-01 -2.095142219950307805e-02 -8.907899885876644497e-01 -1.160246458486720034e-01
5.487627128852885505e-01 -8.845933079024435042e-01 9.620823448721347315e-01 8.080629951019147050e-01 4.121400690224734653e-01 -7.853363451871384626e-01 4.015436376453258571e-01 4.581890815936324746e-01
6.045332854659031252e-01 7.560287464627052367e-01 7.495988349050289878e-01 1.176134600406090414e+00 6.864805162050814369e-01 1.344198315355224604e+00 9.179275608974378775e-01 5.394075725061960869e-01
