-7.714707819095525387e-01 -4.473164977949599663e-01 2.996992997007599246e-01 -7.151203152118583706e-01 9.468243104347218164e-02 -2.633567245590944239e-01 -8.810426694510886669e-01 9.648794007681660290e-01
5.952218234629480520e-02 8.441353409239789052e-01 3.040999959512442619e-01 1.782734624954931402e-01 -9.638681847388104185e-01 7.207031530614431691e-01 -1.204713748059018652e-01 2.327234513624256707e-01
-6.281974697975452049e-01 8.377137779849763710e-01 6.263003710428438620e-01 9.380643705455213865e-01 -9.295645975147648343e-01 -8.629771411799349590e-01 -9.142122159711043583e-01 3.897583067630912002e-01
1.807993260000961833e-02 8.767621745840532554e-01 6.417395643638765801e-01 3.933380552547238729e-02 -5.248758444895331721e-01 1.834552161175413421e-01 6.039479400083700433e-01 7.484794081595635973e-03
-3.685857223507948977e-01 7.859600878235408761e-01 -1.822814659233968904e-01 -8.744670527222511147e-01 -1.612874031668254382e-01 -7.034392093655070788e-01 -9.670938624208673673e-01 7.827212409130457349e-01
5.693456608908007421e-01 -7.865674622565645979e-01 6.150875685801082682e-03 1.483166160808944145e-01 8.730632071097308433e-01 4.219887048878341318e-01 -6.223325840343283399e-01 2.509086878525266240e-01
5.982480127065352704e-01 6.254251614792922798e-01 5.615488861328477022e-02 2.842147931606864297e-01 -3.461823477104957192e-01 -1.127591760360495687e-01 -4.160081465975324910e-01 4.167590463351895647e-01
5.288733468682063066e-01 -6.209893860670812060e-01 1.602378329609390750e-01 5.427976243864636174e-01 6.994770997211019470e-02 -6.680966685520017823e-01 6.379307663522713057e-01 4.927917075882619624e-01
-6.256926665850688352e-01 -8.807619243242492679e-02 2.262836895746549448e-01 -1.659584368489981365e-01 -5.558474363756926717e-01 9.718006243017327517e-01 -8.462162107342097173e-01 -1.948092371626735098e-01
7.246039980959031457e-01 7.244009984546262437e-01 1.018403925712175973e+00 7.965106491043013603e-01 6.723640856952641798e-01 7.361962933232362172e-01 1.258753658024305722e+00 1.141304242695914128e+00
