8.168608517965265658e-01 -3.905871058692580444e-01 -4.294199812395869120e-01 6.294692249855216026e-02 3.136158274533114021e-01 7.697963219212984320e-01 6.852295531053893551e-01 7.171228863497645101e-01
-8.013154740479608851e-01 -7.928485616747504849e-02 -2.531571857021888139e-01 8.991464671182141100e-01 2.503021548718911138e-01 -7.168905424371485591e-01 -5.160192763670887750e-01 -7.713208315900184076e-01
6.555168037310599161e-03 4.040944352414070906e-01 -1.793155475000796084e-01 5.256332153240395044e-01 -9.595414275677227600e-02 1.973569514590600704e-04 2.686117877536022824e-01 -5.462934193715329734e-01
-7.444655386660119500e-01 5.665509607681553650e-01 -2.040662099581695976e-01 -5.490914285830565955e-01 4.730216409220671103e-01 -2.065313418305165793e-01 9.811584600500737885e-01 6.707587893167610282e-02
-5.990327062236702194e-01 8.534088732296667423e-01 3.567161781677150589e-01 9.670526517910196240e-01 -9.323818275336270833e-01 1.155345863595087508e-01 -8.786623867557750156e-01 -1.737623635348024553e-01
2.895220761308698876e-01 2.758290254993407409e-01 -1.580648619687696765e-01 -5.564778680683479806e-02 1.256008778932320435e-01 -7.228856841094022379e-02 -1.266027126944859749e-01 7.583181681773765170e-01
-9.559456309567784249e-01 2.510593867527910472e-01 4.641591195789351865e-01 -4.498299880043621357e-02 1.695512221917794271e-01 4.416688519828011472e-01 6.295578044671195084e-01 -2.512841986633835845e-01
5.609717104462241810e-01 9.501151493662574055e-01 6.025323756750686766e-01 6.855094642174504038e-01 -7.307252287823273740e-01 3.566368388013381185e-01 1.089783890764013385e-01 -2.838929072490565808e-01
1.442257222099587732e-01 -6.122013142732736224e-01 -5.614697080812895980e-01 -2.719425989794364007e-01 8.958380170955748678e-01 6.147953514057191704e-01 5.835914715657373186e-01 5.379414770879771268e-01
6.314102606990329436e-01 8.355195116359990237e-01 1.029476890183350424e+00 6.536442056147470092e-01 1.165704143107686441e+00 1.008009479719253587e+00 1.005402123710832152e+00 1.439089709847791276e+00
