-1.483045946783569935e-01 -7.524347081777875701e-01 -5.667704300387097494e-01 9.111044534925520910e-01 5.726800216454432935e-01 -6.371145899055414841e-01 -6.510245875885063427e-01 4.223474010369041576e-01
-1.026368248572526731e-01 -1.597871365916860853e-01 -9.929066769919179247e-01 8.407941185627580971e-01 5.495684277610173307e-01 -9.629081567787156626e-01 -7.580750006668228735e-01 -2.949583453727593341e-01
5.189899997489386685e-01 -6.345056097862009636e-01 -2.772646744197397872e-01 -8.364348601738462730e-01 -9.365048230054797695e-01 -2.535117627086578285e-01 -8.136464521845812037e-01 4.881710132890786369e-01
-1.520216156449514244e-01 6.143830804105885335e-01 2.348638080562981401e-02 5.221647302066594332e-01 5.093573244491302887e-01 3.898088113979278901e-01 -6.933621170469117523e-02 1.726696234798019702e-02
-1.653969750242478831e-02 3.259173660759588920e-01 -2.897187546889679055e-01 -2.746498034033157953e-01 -9.357841972581204537e-02 -3.682612085486147713e-01 -8.873911047767792937e-01 -9.519464129930148566e-01
1.995722691315999775e-01 -8.174688225758985904e-01 2.194906508614897778e-01 2.607647084568882612e-01 -8.635756679553940884e-02 4.725068357208654923e-01 9.342795045122687103e-01 8.400173231198935220e-01
-6.529261064274023418e-01 -6.647876362960762897e-01 1.841590633299996504e-01 4.482272513917664458e-01 -7.615267956805078509e-01 -5.085402678797164011e-01 1.416485261605369139e-01 2.387374680739926536e-01
-2.949142031907052708e-01 -6.963938405095047024e-01 6.324504351048747530e-01 -9.125032073820016354e-01 8.331827159456712817e-01 2.895873287381118821e-01 8.607309182761617716e-01 -5.600555392376929120e-01
4.809439763792722200e-01 -5.501571099737523340e-02 2.814853748439161141e-01 4.487869789834872947e-01 -5.878292436626764150e-02 1.286715934158020325e-01 6.538457263442709611e-02 -4.083556432362751565e-01
1.331448911616656350e+00 1.356242066070466823e+00 8.750949237081920851e-01 1.073544278218759640e+00 7.285521876267424535e-01 1.397934268709973837e+00 1.204227462080976085e+00 1.095613712842134380e+00
