-2.575758418594369381e-01 -9.872422962430211779e-01 5.292652436026255014e-01 -5.824471008411578055e-01 -7.810915173832972958e-01 5.626785513085303947e-01 -4.275939792074239243e-01 1.590485091514641791e-01
-9.350642015171397592e-01 2.938238929758780760e-01 3.022616075407140723e-01 -6.458065787608657793e-01 -5.990902114047425009e-02 -4.309692186020959159e-01 7.289912198941812527e-01 6.139646333504698017e-01
1.988965747659214856e-01 2.975569239501330010e-01 -8.769736896408053539e-01 -5.861168844611983619e-01 4.377189459930341808e-01 -8.157594259711835605e-01 -6.158773009475024818e-01 3.601720215725938701e-01
-1.020920886091711832e-01 -1.898035369874775391e-01 -5.671615095661119987e-02 3.895021745429536608e-01 8.054250307655035357e-01 3.211481211408033776e-01 -3.549284180409530975e-01 6.943739587513464429e-01
8.263303075554815358e-01 -6.785281195780163976e-01 6.164388646129017602e-01 9.920682986707831663e-01 9.106252187744763305e-01 2.810743387532750326e-01 -8.175965430718237226e-01 3.283312084374641060e-01
2.675636162453045586e-01 -2.591353589933031998e-02 -7.664510968289246495e-01 5.508555619973114492e-01 9.033543574823066358e-01 -3.237760148494672752e-01 -2.308960242726012524e-01 -6.990272436534974432e-01
2.533826947291124565e-01 2.235665629129306442e-01 -8.926590035140591350e-01 -3.069665634317790825e-01 -1.852574446941563924e-01 -2.423023822319712028e-01 -6.373192267539851130e-03 -9.875013728753938569e-01
-1.680066125459882542e-01 6.453697028899327837e-01 -9.543961297423386725e-02 -1.742155288223175003e-01 6.408899774311667130e-01 -5.275938280610577014e-01 -8.441147202192698096e-01 -6.800745374131593746e-01
-5.969059659170290466e-01 3.135288200059038743e-02 7.365284025214740016e-01 -5.016564939303649329e-01 -2.433997992770768892e-01 7.925661478050396447e-01 -1.349132489222524267e-01 -8.273801723269136321e-01
7.041199483514626323e-01 1.180287810673521065e+00 1.237996779942749148e+00 7.023284715385212928e-01 9.546657274360130785e-01 6.015733734919324061e-01 7.422534587808103934e-01 5.640199173259489163e-01
