-8.963387509745706083e-01 1.732515324616574759e-01 1.080647650930084414e-01 -7.309852078754990323e-01 8.968201262309156707e-01 -4.743367940921638937e-01 -6.692756818043652522e-01 4.837398993024499827e-01
3.249148009599756026e-01 -7.040685729084359412e-01 -4.503731011998317602e-01 8.457301199961360094e-01 -4.707163262945777138e-01 -7.397584448120051448e-01 -6.428425280173024614e-01 -3.712459337234568224e-01
-6.826688937445739569e-01 8.814039363794954340e-01 -6.253387847177398484e-01 -5.513259366768756831e-01 -9.081478661659738716e-01 4.959892727703776316e-01 -2.732307525486963318e-01 -8.338483950444226522e-01
9.218298931277622010e-01 3.249053718257990386e-01 9.453380768081705021e-01 5.081143890918515815e-01 9.081880037633547342e-01 -9.961791195337288407e-02 -6.645780890597436930e-01 -4.100035767454124347e-01
-7.390759212033444214e-01 1.887025423707444638e-01 -4.870864678918691570e-01 4.873231006416691713e-01 -5.846960304940493902e-01 -2.316008938967573094e-01 -7.271607255335441611e-01 9.261261841446162268e-01
-1.333767849931459804e-01 -2.769766687724519727e-01 5.975019642022805222e-02 -8.541689128418172849e-02 6.955026457767752301e-01 -4.908471923312953678e-01 -1.405158025069195293e-01 6.361533883087697738e-01
4.848601307687838702e-01 -6.467404034557320269e-01 -3.176165867217746186e-01 -4.669555106284013490e-01 -9.676127262988809541e-01 3.246012563562872266e-02 -2.373154837274513707e-01 7.609147092348174102e-01
-9.703563113747448732e-02 -7.469692915473320483e-01 2.339584734007107425e-01 6.742648440405734078e-01 1.120269718616395682e-01 2.152169998703661324e-01 -5.837078723041388972e-01 9.021070544925147150e-01
9.565436965815015125e-01 8.588648874527178290e-01 2.435688687274659703e-01 9.153006211137544312e-01 -9.384640878145824594e-01 -3.687343004230676513e-01 8.732139526998983214e-01 -7.121909012366149927e-01
7.004546994006036753e-01 1.451632969094335035e+00 1.221441601668185495e+00 1.396571403856902593e+00 1.292191620675074759e+00 9.270014774813418734e-01 1.420096220965983758e+00 1.292976914780010755e+00
