5.916080741821767575e-01 -7.173262633814245781e-01 7.860461762756809634e-02 -1.337364765625705942e-01 1.360271264153549708e-01 2.895574948731227671e-01 -1.634868032706584540e-01 5.236535517358424929e-01
-6.121523948649976177e-01 -5.639457673496406365e-01 -9.280623364957683030e-01 9.258646919031379152e-01 8.066358334308494360e-01 6.564653560644864161e-01 -8.892283916242524899e-01 2.750162830984059781e-01
2.331045187085147852e-01 8.648408061243473277e-02 1.368759866689555071e-01 -8.462630225360971981e-01 -1.715405269868184313e-01 -8.022873418661997658e-01 -8.605708150615674068e-01 -8.673360115787336344e-01
-1.722536860213730314e-02 -6.262891569412651904e-01 5.353813438603141073e-01 -3.644575595323018558e-01 3.049218071785424478e-01 -7.239140373260828376e-01 3.385025348919159516e-01 8.839671804715545367e-01
8.001924560355579974e-01 8.323323220872875794e-01 -3.388891396741600115e-01 -2.532890887168173233e-01 9.388046984211420032e-01 -2.280416673839809061e-01 5.175812412546014762e-01 -4.194834017849240482e-01
3.567144877646133416e-01 -7.703727881641897479e-01 -4.347445394539319885e-01 3.099496001716288696e-01 -2.088304918020085221e-01 -2.998085865734039235e-01 5.685436262832710419e-01 -8.360537111100365681e-01
-3.863819488506392563e-01 2.721168506203830439e-02 -7.108161697417501035e-01 9.965939375915298104e-01 -7.771066727936022378e-01 6.515852828932648944e-01 -1.373578634512395702e-02 -1.227273948013647420e-01
8.652327604259140159e-01 3.178058122287010789e-01 4.742461919137774817e-01 -1.223788898543705095e-01 -7.238504065423339018e-01 9.747752209649269695e-01 -4.251385664296170042e-02 7.972777956057464088e-02
-1.562244581853038383e-01 9.541746158868906758e-01 -4.434357545119391730e-01 4.387816521026817185e-01 8.258975700438226930e-01 -9.934018550239831491e-01 1.503176467350810785e-01 7.174921777192082573e-01
7.946965783056599841e-01 5.879342752462710653e-01 1.242705299962255872e+00 1.483407431058892278e+00 6.700075188729716080e-01 8.042515894760505768e-01 8.715810563353729723e-01 5.184507664876882860e-01
