3.410666199560918876e-02 8.956135887423222197e-01 -9.531809157444059988e-01 -2.113005500448084106e-01 4.582606318369828458e-01 -1.898922145756276603e-01 7.620112960289313619e-01 -1.306123818227304945e-01
-7.122346039533902218e-01 2.156104166043613102e-01 8.389582262348602715e-01 3.868396542478511613e-01 6.497760291946335087e-01 8.664520502558112902e-01 1.701324201644744960e-01 -5.332604753531819952e-01
1.932228316189386064e-01 -6.826824077174182825e-01 -6.161568279819398253e-01 4.189549937721057660e-01 -7.256370329512797923e-01 -6.959461182591262229e-01 -8.186303537105594774e-01 8.312751575760208844e-01
4.109645876282508326e-01 -6.797511277475716263e-01 -9.695438461980081524e-01 -7.940153254618274037e-01 4.310088105190224006e-01 5.358423789746444843e-01 -3.219742355464934036e-01 6.529970402980731503e-01
1.981401565748943661e-01 -7.915261224898022530e-01 -6.066412537296836938e-01 1.886178032815675198e-01 5.836008540937258626e-01 -2.071382820770755195e-01 1.340843724247651192e-01 9.060423424415324778e-01
-1.834785193786734325e-01 9.645422987862017905e-01 6.215469760059542104e-01 -3.253808418603638675e-01 4.187404694231096070e-01 -8.334283636201278433e-01 3.526174359736025110e-01 -1.695508741522120388e-01
9.647505662199591381e-01 1.913089619779675399e-01 -6.421040648298979026e-01 -5.102774752018301996e-01 -6.964257693396440629e-01 -5.585918538487004703e-01 -7.001793274311993720e-01 9.207918092405551480e-01
-1.604393853033274642e-01 -3.497429877318425362e-02 2.527662171275757430e-02 4.402285611423844003e-01 4.684004952985052483e-01 1.635367339398656750e-01 2.994725523559176317e-01 1.569584793980842718e-01
-4.017474229828861265e-01 -6.763189048648201585e-01 3.022656941586920887e-01 -5.869441520938245560e-02 -8.154232447343869872e-01 -3.643504407025703884e-01 5.134466836673587942e-01 4.680361188649029280e-02
8.701334674385827750e-01 1.153813733006674891e+00 1.225468922102822544e+00 1.211915100947722923e+00 5.770641209033362529e-01 1.217238315259398185e+00 1.477289102289085720e+00 1.183057266249969874e+00
