-3.848779814889531359e-01 -6.880582522311091687e-01 6.149013001391807620e-01 -1.363117232541315449e-01 -7.991625449784400814e-02 -7.648940300545621351e-01 -4.473679614462511278e-01 6.359473685163563594e-02
5.063973554706715507e-01 5.787133846952048355e-01 -8.621067689433130621e-01 -3.387391969975905859e-02 -6.857723545205594018e-01 -1.467120766041551949e-01 -4.393670504000013466e-01 1.642612144198538626e-01
-6.976320961587960667e-01 7.730123091084046827e-01 -5.026807348144688437e-01 -8.275881482074978202e-01 5.456950456434608299e-01 3.045912119665887818e-01 5.414260442866283274e-01 1.357074455315225858e-01
-4.003006814882839048e-01 3.266790987163603610e-02 7.036392092672574261e-01 -1.754901735297496046e-01 -2.985203947283929793e-01 2.464629908047357709e-01 7.514193553747841037e-01 -4.157410405725141533e-01
-7.116328559875007009e-02 -2.383898527228240916e-01 4.615511406151813212e-01 -5.016754490878927442e-02 2.652611310796035848e-01 7.194588594658659630e-01 -3.904810031896446265e-01 7.794252804018466652e-01
-1.217918773631072593e-01 -1.082331365954709579e-01 -6.894525885274258581e-01 6.935655944795671157e-01 9.096014765289159865e-01 1.722454865137417190e-01 -7.694766440495368620e-01 9.601746987156296598e-01
9.468583827055276902e-01 -8.620458964040922378e-01 -9.880835594874257666e-01 9.440172483518687319e-01 -1.170155263507952625e-01 -1.058489204803738648e-01 -9.379451212819849282e-01 -3.359038124613398235e-01
3.883183925722621943e-01 -8.471427776406768029e-01 -8.701695661198520781e-01 5.731540346267738339e-01 8.142868487934167288e-01 2.585169346790472389e-01 -6.341595182011339205e-01 3.570396918832452471e-01
-2.216489925394180549e-01 7.881791499950370206e-01 -6.671739000400895847e-01 7.768477675794487336e-01 -2.435737093865542047e-01 4.340130009056499816e-01 -6.502731897506046632e-01 -7.181839591603607076e-01
1.498949040745752193e+00 1.157497214343408576e+00 5.957769012721864099e-01 9.306071549580049451e-01 1.138953164758571113e+00 6.643642617540488349e-01 1.245029259716260661e+00 5.996048955998168895e-01
