-5.177528404388209715e-02 -3.228509777494381616e-02 -6.642631538420802340e-01 6.051410114480577640e-01 3.070570806972416911e-01 -7.801812446717797389e-01 8.363615613621191436e-01 -5.499971624916288881e-02
-8.387837571070613230e-01 1.449345514508948440e-02 5.495383224936749578e-01 -4.900285475283208125e-01 -3.431996422110896727e-01 7.564323751926194106e-02 -5.196354003895080620e-01 -6.701939347254348700e-01
2.915106683031680745e-01 4.324673908849694381e-01 8.671916501571355074e-01 8.209307347415892853e-01 -8.509127379308532024e-01 3.448636900136641259e-01 -5.384054254397629968e-02 9.598394781119978791e-01
-4.251673722778486209e-01 2.099749573146965087e-01 -9.364244028646366846e-01 -5.359465788499295780e-01 -8.875718755059587295e-01 5.416082312661110176e-01 -4.378127887346832114e-01 2.267332913267572359e-01
-5.875480989144801214e-01 -1.491564925400128416e-01 -7.845555978318663470e-02 -9.663518671766142543e-01 8.926766510935233434e-01 7.884493510319892096e-01 1.006539284259124756e-01 7.535630819652132661e-01
9.623025388223116483e-01 5.070722805481724382e-01 4.582371633888151496e-01 4.271483217908897956e-01 -5.727706846089815063e-01 2.156239116412006496e-02 6.562536724504457464e-01 2.614467618684395145e-01
5.781876240830066127e-01 9.668307610997237678e-01 4.586374470746727994e-01 5.470409221057079829e-01 -1.011658618546815713e-01 3.227159331142173126e-01 -7.478558271477606656e-01 8.518629252373204341e-01
-9.392773669794889368e-01 6.071645050862326531e-01 2.087086041146284376e-01 -1.532305369249158389e-01 7.334079466028442518e-01 8.769006038118094537e-01 7.964673960933374985e-01 3.398407665023517321e-01
1.605133919304480017e-01 8.645322171703193614e-01 -8.244571282568502468e-03 9.964122381815740948e-01 6.373477425471887337e-01 6.286440362477052624e-01 6.902702550596571118e-01 2.552361205631701324e-01
1.424373105249172600e+00 9.601662833778819017e-01 1.448726113971462670e+00 6.345526841637094684e-01 9.347129697056417719e-01 1.467425887954825425e+00 1.386179201980484166e+00 9.982678671099014522e-01
