5.845708384654504375e-01 1.508227354235236461e-01 8.676108717049708652e-01 6.769060202730687870e-01 6.934146483516026027e-01 -9.502067877984430311e-01 4.596197131131105618e-01 -4.749624326890744541e-01
4.256934214959402496e-01 1.874497995864587985e-01 -6.987839859593973912e-01 9.624850292573454702e-01 4.983153802710440505e-01 9.827378224029232889e-01 7.746882772127228201e-02 -4.403977150541480423e-01
9.625728931527719467e-01 9.457353215274109104e-01 3.720731978698301745e-01 -8.517772842191293492e-01 2.548764690730038751e-01 -9.933566693124753488e-01 -6.079758641614239068e-01 9.402182631056588136e-01
-7.455450465611423994e-02 -9.804060952805935258e-01 -2.176376254267873289e-01 8.715941396640969341e-01 9.074746029586955309e-01 -6.324299172934697566e-01 3.031106283784468225e-02 -9.887220561187564094e-01
5.005674149593928313e-01 6.141341744027524197e-01 -7.935349512983729259e-01 1.000795509517449222e-01 -5.186886748284884607e-01 -7.545279778386391190e-01 -4.220344741936685740e-01 4.075072683091223169e-01
-4.402503354786897471e-01 6.468927378039017739e-01 8.996011749277366132e-01 -3.235633490585192451e-01 -1.327688408154679145e-01 -3.791746648561704625e-01 -6.562139799094139914e-01 -7.940161188741632348e-01
3.659513853489515522e-01 8.309123513272229644e-01 5.517138150745468650e-01 -1.142526953135318823e-01 8.736401875595567468e-02 2.756047678942687984e-01 -9.492738516497196688e-01 6.836326870299691549e-01
-3.155269147024160059e-01 7.874590518973025866e-01 5.984603935087655646e-01 -9.326797486119333680e-01 3.634477508305502536e-01 -2.384872732348080060e-01 -2.088439981690735081e-01 -6.291430412313030462e-01
-1.516522515854650255e-01 -2.611108727373334659e-01 -4.428954079083666784e-01 9.578412110409861846e-01 3.575266701350199305e-01 -7.975563567480992155e-01 1.944779602587320966e-01 -4.034599834523695527e-01
1.212037947287256223e+00 1.139301929578118600e+00 5.131304407208768792e-01 8.997472885478617899e-01 7.029894997875947293e-01 1.382243432828202501e+00 6.477429828420324665e-01 1.069615139927932557e+00
