4.906580124587114344e-01 9.040144494135176068e-01 5.073848750499876381e-02 -7.460310478933791511e-01 -6.285744527094883072e-01 2.193548172641957006e-01 8.163337635619023480e-01 6.427341942674740238e-01
4.573754321504899245e-01 -4.918861325732413192e-01 -2.150716904578782174e-01 -9.565618235675668046e-01 -2.792791751557988089e-01 5.412040708318106574e-01 -3.708862328996709312e-01 -2.632724529126211355e-01
6.506558628651724074e-01 1.331579501288480127e-01 9.077875039337515162e-01 9.646043491493421218e-01 7.632805072216817255e-01 -9.853491707048720460e-01 -4.982444328215078766e-01 -3.389642108774508777e-01
5.520248163479513082e-01 -4.269062052069971802e-01 9.405054925957170298e-01 -9.961743034743468783e-01 -7.204607797863600283e-01 1.389876872291535559e-01 2.334654469177546154e-01 4.181749958283131896e-02
-3.568034619711153432e-01 6.094963244483158071e-01 2.077616611992958440e-01 -3.646083372456960792e-01 6.649688986280621883e-02 3.083131527918376857e-01 7.646279817439496362e-01 -8.855211782997152170e-01
-2.763570622368320961e-01 4.226108439767335412e-01 -2.605821406937860463e-01 -5.167804604444083960e-01 3.541889575771710597e-01 -7.160984870346907005e-01 -8.228591964571208006e-01 9.358159736736535450e-01
-6.799526482800608562e-01 -3.247433750809958219e-02 4.566965638392446181e-01 5.025057691550955941e-01 8.533170499383042618e-01 -8.574034519758666484e-02 4.316220174760332373e-01 2.879166092418583567e-02
-2.231743393465730474e-01 8.169270395408392282e-01 -1.268716558748470558e-01 7.605713393567639091e-01 -8.101024658311342108e-01 -8.943042718837714844e-01 3.175492994860085183e-01 2.731715898186408698e-01
-3.047070276190391169e-01 -1.031134350201996508e-01 -4.339968671200982175e-01 -3.416390298068336939e-01 -7.809323802459307018e-01 -5.803788154291584789e-01 3.292057549633993219e-01 -3.008158981240081076e-01
6.364346991488860628e-01 1.358847214292826955e+00 7.620899808085778160e-01 1.362811498810714506e+00 8.167412724472934427e-01 1.133450250464669296e+00 5.539485569898556783e-01 1.057512259142185496e+00
