1.905106468286605903e-01 8.105256481548583913e-01 9.730522331530888636e-02 6.377659712850189955e-01 -8.617062034976850082e-01 -7.778634042863667997e-01 7.923353798434931150e-01 -6.382507337242835366e-01
5.800284814243377163e-01 -8.186515022586442480e-01 -7.350901344269924476e-01 -3.993997426706257237e-01 9.843614172841608223e-01 3.641561037345006913e-01 1.399710198828261198e-01 2.730501827929003866e-01
4.588210074825818108e-01 2.766974847505954127e-01 5.004058207241124379e-02 6.900302432227947147e-01 1.571610376740515402e-01 -8.255302831081348103e-01 9.502922287965684944e-01 1.640969685089763708e-01
9.652886430474851842e-01 -8.667027348290325950e-01 4.273192298500312347e-01 4.494911484958818981e-02 -3.609916040449827612e-01 -8.449595443764794656e-01 -5.509603516034160542e-01 -8.459058090337674418e-01
2.923441913785622681e-01 2.437685119490462515e-01 -3.738626709931343051e-01 -7.899404689254019285e-01 -7.325379789061159386e-01 -9.287083097808717103e-01 7.122567270255892868e-01 -6.804120094891208392e-01
5.360379703631850123e-01 -5.106605398184147493e-01 -9.996785902410429969e-01 5.606795138639601994e-01 -1.558899943680398525e-01 3.231015433647992374e-01 4.386604543917245191e-01 1.565706762353906711e-01
4.045623192987373162e-01 1.684282341719356424e-01 4.704563710592046810e-02 -6.301734897731283702e-01 -8.792234160126486398e-01 1.197265931316240373e-01 -1.865741394042217394e-01 -6.496456099644440929e-01
-9.440653088338546439e-01 7.932681878877514414e-01 1.140441403178604762e-01 7.465373717439349743e-01 -9.012264480752751883e-01 -5.507664383086163795e-02 -5.859427418684566291e-01 -5.993063184969587009e-01
-7.187493920950216442e-01 3.230253810300911521e-01 2.193752656826737368e-01 -9.095965764777289575e-01 2.508905997411263744e-01 -9.458142439089873843e-01 8.276657687771671323e-01 -3.638757615652026267e-01
8.064256902177794339e-01 1.402038084639516846e+00 1.248284444474951904e+00 6.946772771550711045e-01 1.302204012431640301e+00 8.538940762160754927e-01 1.190763584801028063e+00 6.403976100630175416e-01
