4.271879934731237505e-02 -4.100375473708461893e-01 1.198568312864272123e-01 7.609972062427565742e-01 8.830429427998285341e-01 2.472071449439994240e-02 9.127885418341870061e-01 -9.591695637063168967e-01
6.129630139543416067e-01 5.203718489824680216e-01 -7.741045970919846475e-01 1.682444874688306946e-01 -3.336682479888799513e-01 -2.566110609801206532e-01 -8.500826892121815526e-02 -8.373865586423168139e-02
4.266936359384660982e-01 1.946476197875939285e-01 -6.039668125741732840e-01 5.506958260852590215e-01 -7.387676772916225154e-01 -2.048324148040039372e-01 -1.111888044211624127e-01 -1.011606440719301503e-01
-3.102613105555185324e-01 9.780745075390040455e-02 -4.525277813517658565e-01 -7.581200894474438012e-01 -5.072794892845513548e-01 8.259217363951918411e-01 -6.741212356526804506e-02 -6.264200067452236897e-01
5.886497771515171173e-01 -5.861388699681355785e-01 -9.188467665100963355e-01 -2.454854524429694873e-01 -8.499906404274781835e-03 -8.804243330424954550e-02 -6.418139211374196407e-01 3.588433057841355911e-02
5.319482144564298132e-01 -8.130990683192427237e-01 -5.181662993952818042e-01 -3.374779201159998632e-01 5.570642970170356367e-01 5.397917279664223855e-01 -2.687528385727495639e-01 -4.430667076996648301e-01
-4.397566010170519402e-01 5.350696576602325116e-01 8.288735710061290174e-01 7.372241242016464025e-01 -4.994442145679451883e-01 -6.034322819605026922e-01 -4.130870398577175528e-01 -4.345340738022427374e-01
-8.001847856932062797e-01 -6.363807729289439052e-01 5.459950259807455630e-02 -2.435547496495085174e-01 2.801650865533622525e-01 4.574826374382596761e-01 -3.077478580570918165e-01 -7.623798545583346797e-01
-4.652634183591395356e-01 9.666302573717766577e-01 -2.898384548998802490e-01 5.283657653366407025e-01 -2.895387216315110646e-01 4.407692356833139424e-01 1.305701421712519572e-01 4.065621466225133318e-02
1.230851865718496363e+00 1.253482922352559648e+00 5.459459279023204381e-01 8.951879561437925403e-01 1.182263506235532224e+00 1.302349641215557519e+00 5.941675824755412449e-01 1.145132933976886980e+00
