-8.292389288238968259e-01 5.252373191819468268e-01 -5.727291440629287411e-01 8.236519069433871909e-01 1.321979797151620062e-01 -8.962772349321630472e-01 -2.703353067774978413e-01 -4.132380600694469663e-01
-5.874222508221191852e-01 7.497129539241740304e-01 -9.003877369138679754e-01 -8.019694841978530775e-02 -5.224652388031139072e-01 7.573557404636612755e-01 6.925874654516148698e-01 3.731614070765942870e-01
-4.985065896241012151e-01 8.944703339586508317e-01 -5.377134719855880540e-02 7.723565129181011457e-01 3.639982389383893402e-01 -2.675673470176511692e-01 -4.808177168636920129e-01 1.978796062708438885e-01
-8.157028263575063498e-01 -5.080940010634755755e-01 -3.296170159927309662e-01 -1.035387535668954584e-01 -7.886803408396656501e-01 1.281516314561326197e-02 8.865476088018706680e-01 -5.799654824467228575e-01
-5.847688175968968061e-02 8.216794907144797655e-02 -8.901938807828730926e-01 -8.751390981710205352e-02 -5.353684740609587767e-01 6.526101453751762538e-01 8.661818083981429606e-01 3.683127355291466731e-01
1.304728756382698140e-01 6.146632745139826159e-01 -4.551817527014609954e-01 5.080607601533271289e-01 2.912502204464539890e-01 -4.090780585599009811e-01 8.166819028208700537e-01 -6.651387276598059728e-01
-7.004301179458769511e-01 -3.522458186113792689e-01 -7.375203503578364739e-01 7.116019019390806832e-01 -6.121302350832535932e-01 8.944024393266651884e-01 3.824571414211557219e-01 8.931580144658946008e-01
6.425697997869397327e-01 5.935347012887355334e-01 -8.704140448675312669e-02 -4.308010352166478096e-01 3.713263272583544605e-01 -1.427649015521073039e-01 -5.944001001265055706e-01 8.344569807157922181e-01
-3.959795097474958503e-01 7.546290209363106793e-01 6.408989401254350238e-01 -8.497407127497986767e-01 -7.084580130951700916e-01 7.983618897343689458e-01 2.905573384910107304e-01 -8.490722979844922413e-01
5.468851639305366552e-01 8.547908503406742575e-01 1.267156747642916415e+00 1.412858953054207056e+00 7.077841998269998047e-01 5.828567790283760708e-01 6.499410736132551492e-01 1.291072340685783360e+00
