-3.843624943163179708e-01 -4.244531934196673628e-01 -6.779139714096693581e-01 -7.928430370210937106e-02 9.878116663859288771e-01 -4.418309860400635447e-01 5.118939964342337223e-01 -1.941057972118194197e-01
1.372311152085579078e-01 -5.680909469386412614e-01 -1.097050152066998407e-01 -3.137527676080895667e-01 1.855203077441671677e-01 -4.866030458103987044e-02 -6.897910802443067979e-01 -3.289784702209439526e-01
-2.031772267594873504e-01 9.783310732933512277e-01 7.021021775486158134e-02 -9.104443041761551836e-01 -6.031538611598457056e-01 8.872110447372156816e-01 7.212985635396875761e-01 7.925378312997957142e-01
4.558295327799821717e-01 -3.725801454148696124e-01 7.924692192285966996e-01 6.030569165442425383e-01 9.017548088563420716e-01 2.696146212227144012e-01 7.630236671915764379e-01 -2.196000409337097725e-01
4.542124893402834651e-01 -6.810847046518093695e-01 8.668432812506454699e-01 1.371251271997320220e-01 6.496693081571696116e-01 5.973825584022449675e-01 -1.561881435243201999e-01 8.690388223737266493e-01
2.756334195817660149e-01 9.165242086991298720e-02 1.012840497370242066e-01 -9.027777736612516701e-01 8.102730317945652239e-01 5.740387972044118658e-01 -4.380423358266005707e-02 -9.175731717631803175e-01
-6.589242251973410625e-01 5.784366932977509368e-01 -4.884532229150462257e-01 -9.838379578938527548e-01 -7.417827379118593356e-01 5.402544743625847801e-01 5.223986236715310039e-01 4.233758561674989540e-01
-3.785989967051091032e-01 -5.746240295146112231e-01 -1.349335347680251651e-01 8.392150060121938981e-01 -6.386608906755066872e-01 -4.505323099788849373e-01 3.786451032755564494e-01 6.061457286486098273e-01
-4.674508323899706497e-02 -1.103967326201411581e-01 4.935742830261271585e-01 1.762201114044925632e-02 -7.722839297229204814e-01 -7.050897954666872636e-01 -7.155989744659296825e-02 -6.908885960951900440e-01
7.975290314016749704e-01 1.217771619809584926e+00 1.288349080080886555e+00 6.599916572969918294e-01 1.437452423624631770e+00 5.854560297744894060e-01 7.129549589385938413e-01 1.479822134857722071e+00
