7.702018307535460906e-01 7.504759341982691900e-01 2.941498130055959503e-01 5.798873944796993918e-01 -4.529513275762986346e-02 3.917421726494376699e-01 -1.119646236568168085e-01 -3.749311860383353068e-01
7.075414323040432052e-01 2.064117281365249745e-01 -4.997642640093615807e-01 6.486238472191696580e-02 2.387819660060019888e-01 9.573403363958095103e-01 1.837719995098536785e-01 5.675378650834124183e-01
2.685743022717796968e-01 -7.159189359334017233e-01 -7.222125418304692346e-04 8.002190205795014499e-01 1.795990652227632545e-01 9.588915725781501642e-01 9.873642533114379560e-01 5.008979068915007105e-01
4.799433994651813862e-02 -6.274501748326684059e-01 2.020451668596843220e-01 -3.154066681201439515e-02 6.479883436611117986e-01 1.318967067031282525e-01 -2.820154692998813051e-01 4.081413795138912892e-01
4.609253863760911507e-01 6.791861809198407318e-01 -2.232385317493388310e-01 2.393815342430765103e-01 8.184020429278620057e-01 -4.074163891124322756e-01 9.577963091719843280e-01 6.508321387069333497e-01
-1.491323877772856576e-01 -7.908311977443907015e-01 2.532554356754697089e-01 -8.700263380208150821e-01 -1.900933221731511136e-01 -5.852682668976594282e-01 2.326993067025071582e-01 -3.477909526236917515e-01
8.238192908464869735e-01 -7.498368594651632080e-01 -2.473471186482119055e-01 -5.281986787904380254e-01 7.779989548443715375e-01 4.930167665858338211e-01 -6.144658423594451246e-01 4.735119476415270423e-01
-8.870460660573238343e-01 -8.450288923584590162e-01 2.202510641694601645e-01 8.194633109183115938e-01 6.261476683136435462e-01 1.630847845958707243e-01 4.826898696807642164e-01 1.569166975548392795e-01
-3.721593319909040076e-01 4.343939410156347769e-01 5.170947195365522830e-01 -3.534033929777635752e-01 6.655518614599649219e-01 -8.091916261047611414e-01 9.357740391220270570e-01 7.492215880481383206e-01
1.451806437654892257e+00 8.732444732570572299e-01 1.082117433035262755e+00 1.463499135822975639e+00 9.742693911811942664e-01 5.067680688344822215e-01 1.379163894070472907e+00 1.196037990367873727e+00
