-5.925358659594497368e-01 9.235813742564449313e-01 -8.436173495918293241e-01 -4.420770062306387249e-01 5.541982201583219858e-01 -6.843141012049940297e-01 2.849845777074231368e-01 -7.749215464780467855e-03
3.301931463321161608e-02 -5.040012437802432466e-01 -6.714387950016658113e-01 5.851304591640138497e-01 -3.579052226597247977e-01 6.009222640868290277e-01 -9.721270793427549961e-02 -7.933984151852793154e-01
7.038388182574295548e-02 -5.015022584679056372e-01 -2.597576303723059254e-02 2.882975131583938033e-01 -1.159029747913709052e-01 -8.309063222303509910e-01 4.043640224181401788e-01 -3.630083116443356683e-01
-8.940491031743356132e-01 -8.959619021783431503e-01 -1.617301836026521222e-01 -8.498418487712506852e-01 -3.984735967924186717e-01 -3.603248235938010247e-01 -4.931217514256613921e-01 2.540999034315627458e-01
-4.201141818187057453e-01 8.081164930997910556e-01 2.550238418777777127e-01 8.616623900377364809e-01 5.017458569532879942e-01 3.339124442255794190e-01 -2.969347170147160764e-01 1.296292571464210397e-01
-6.565090721340645086e-01 -2.970150329144789492e-01 -7.244226944389795531e-01 -4.896211877329448292e-01 7.721489494130611142e-01 -3.582285400282252397e-01 -2.898968872344989123e-01 -3.181416927874896050e-01
-9.778781923067989545e-01 6.112702927961264354e-01 -2.981113169725304601e-01 8.272560886554978232e-01 3.875716561690059070e-01 5.862442662732236798e-02 -5.042742963202730966e-01 -4.633061469496237983e-01
-9.359857388081540552e-01 -3.227166413698603353e-01 4.379553958372834899e-01 7.656120892196001115e-01 3.544061937522078320e-01 4.125652743046572812e-01 -1.040717475633310407e-01 5.291564532310442104e-01
6.266981553162409568e-03 -5.008611282765251804e-01 -6.637384184145456167e-02 8.422011484821685379e-01 8.849020783064607265e-01 -6.706731035538726626e-01 -5.598590010095438885e-01 -9.866992860414480759e-01
1.175909649719828032e+00 8.611922080760689990e-01 7.429355716385144248e-01 1.309010754748916039e+00 9.952974451210763185e-01 8.572098527624538722e-01 1.437614474314062640e+00 7.560253367947530334e-01
