3.874099632150946881e-01 -3.894017117832127006e-02 3.436417608119517464e-01 9.835612157587620974e-01 -6.737672043257059151e-01 3.920397929838284057e-01 4.362988731266195241e-01 -2.599397017073061811e-01
5.332223795694255308e-01 -4.701621316868553890e-01 5.556366593351895755e-01 8.421111307646531596e-01 7.324538423934641163e-01 -1.849227652258509380e-01 7.597702571544913130e-01 -3.257813149025436950e-01
5.493129537105418958e-01 -2.997011061348355820e-01 -9.521060320078102990e-01 5.653164151758853784e-01 5.969896856375376260e-01 -9.014102108715340567e-01 5.165655582022157244e-01 3.791265781148855929e-01
-8.802339054405972085e-02 -8.921943114556500909e-01 1.608889086984786054e-01 -3.104744467470921254e-01 -1.626101028933772952e-01 5.720737484522759875e-01 -4.748923680369756539e-01 -9.012068236091430595e-01
-4.794768216494114110e-01 -4.401444032695231989e-01 -8.239894300245085290e-01 -1.123444729294600375e-01 4.894386970215365285e-01 -4.070651401601299568e-02 1.848280623829323677e-01 8.313684005979691261e-01
-2.514444493346585929e-01 5.015660280786591319e-01 -1.634002719041633966e-01 6.857204486134431676e-01 -5.482690306949413728e-01 -3.194882475063061111e-01 4.304524668550340216e-01 6.176225919200146741e-01
-8.443494259272956715e-01 -9.777663853541394001e-01 -5.056709527562379680e-01 9.959331170119516408e-01 3.728337373239065666e-01 8.443543782247855400e-01 7.652690982308585355e-02 -3.768594801001825534e-01
3.662993940248553404e-01 -2.201567362115395277e-01 -2.403946143474839925e-01 -3.840451719994191215e-01 -9.142052443376891269e-02 -8.104908869699047891e-01 8.847196200862981197e-01 3.531083786864279705e-01
4.987033104319886778e-01 -6.414137681233942345e-01 8.049929886737936524e-01 2.139495571199145907e-02 7.249593867069286102e-01 8.414359707478888950e-01 -3.489933441387353952e-01 -7.666927442353115296e-01
1.298249351760766945e+00 5.840350377376156699e-01 1.144600982450296511e+00 8.730476325749682021e-01 1.398124970610276296e+00 1.270065332562653193e+00 1.393302546633109262e+00 1.186729685138973256e+00
