-9.012899220542942569e-01 -1.255628630444638461e-02 8.593180785159733048e-01 1.656949000138840944e-02 -8.985991950421587937e-01 -4.751100826233696228e-01 -9.968452750361276316e-01 -5.352176064723701554e-01
1.039952402350659000e-01 -5.343268340499558455e-01 6.505147114518405882e-01 8.258933803014201214e-01 3.119428001695609964e-01 1.703670392333731520e-01 6.915696841730365474e-01 -4.301356987624038730e-01
-2.204849090091918207e-01 -2.137471199215326134e-01 -5.587921776015767339e-01 8.812915360382351793e-01 -3.957498966664898532e-01 -1.550373976489440864e-01 2.829500933599284895e-01 3.733821729967656822e-01
-9.375966642803550410e-01 1.699808270957439138e-01 6.923745395508724698e-01 -1.126960392966991353e-01 -6.976195112322973735e-01 3.558478566872769200e-02 6.928758502385685691e-01 -4.164605095206643792e-01
2.582732546722723566e-01 -4.170340140858190825e-01 -7.664845186964865942e-01 -7.248758893238660406e-01 4.208676819177159523e-01 -8.222424033964788048e-01 4.695298074528968524e-01 -4.102293726806867102e-01
1.551459419483838253e-01 7.488855847602848836e-01 -6.449390574417104283e-01 -1.301955292617216209e-01 4.291617271337366812e-01 -6.764464898958892913e-01 -9.297920223216757929e-01 -7.749730564593255711e-01
7.900671336666209577e-02 6.824267329735729248e-01 9.902002212107767765e-01 -2.171308091925014949e-01 5.721393833751715619e-01 7.490707206757289960e-01 2.943663225417061380e-01 4.752452333179886246e-01
4.052414372709991497e-01 -3.715562497258313446e-01 -9.152148740751073763e-01 -9.573235999737210733e-01 -5.626091185888071333e-01 2.734829666509908108e-01 6.522069300245816326e-01 -6.189348248330681646e-01
4.400928232786731620e-01 -6.735442620570006866e-01 -4.423927141721482048e-01 -2.231826954458386858e-01 3.013755100993904534e-01 6.198330078100084961e-01 -5.015952551651192692e-02 -4.157928640613537397e-01
9.571298989350214281e-01 5.009055212360068454e-01 1.395819227285076458e+00 6.918441143168638785e-01 1.191546246713207857e+00 1.362903243199506065e+00 8.125150473534040740e-01 1.441330046686263300e+00
