3.473827382026049015e-01 2.259915700956658391e-01 6.095104926133592116e-01 -2.331813072163171352e-01 1.146283482249510488e-01 3.429829349118125315e-01 -6.669436577839740199e-01 -3.636956927463734779e-01
-4.209301666036768808e-01 -7.892153483954411630e-01 -1.770142599104704839e-01 1.254703593157013852e-01 -6.030246296535679562e-02 8.992941670467620163e-01 -5.820966790211425934e-01 9.379998910084452746e-01
-8.359526056765718138e-01 -5.386901183945449478e-01 -1.360625327773454796e-01 7.183091613864525105e-01 2.632066499007714722e-01 -3.602527568019993076e-01 -1.738859537185912796e-01 -2.389932070472333692e-02
5.571533934412014055e-01 -6.026385243022105431e-01 3.786678601282276180e-01 -2.657652233348306581e-02 2.663723268517008691e-01 7.402776610154244707e-01 9.858418109909079519e-01 -9.897683739257476798e-01
5.834955715744305493e-01 -9.456244827974178424e-01 -3.709892417398803488e-01 8.089873458118055360e-01 -7.400305506555659996e-02 7.378782466118940508e-01 8.493306736954191472e-01 -6.057026629420372288e-01
-4.452986303170822779e-01 1.672093401358547560e-01 1.113907065695567411e-01 7.675313527048661655e-01 -6.590678795716240490e-01 6.021976918537792489e-01 -5.104162692632872034e-01 1.095243533224565802e-02
5.240660668487733265e-01 7.236653154526411225e-01 -9.528660446942978091e-01 6.576974696626767258e-01 9.383748936960178977e-01 2.810270896766966509e-01 -5.472386339201764649e-01 7.822446512472633895e-01
-5.423908584437506786e-01 1.229671903958677870e-01 4.182011012681594586e-01 -5.311849896152542883e-01 4.406532838466292734e-01 -4.279134579428456320e-02 6.697418125626715124e-01 -2.789508793731081404e-01
2.832006776751858634e-01 6.778792420016093168e-01 3.932107221829819199e-01 7.972013135462390210e-01 -5.883148306563830143e-01 -2.214588911160639828e-01 9.057880341791775258e-01 6.818576672470948452e-01
1.269702028824733819e+00 9.967122494334158533e-01 6.641640189330330069e-01 1.444774834378377726e+00 6.863502975618039903e-01 5.256856014562928392e-01 5.964441088663334778e-01 1.277285605290310100e+00
