5.786155495124305492e-01 -1.962570350513621609e-01 -3.226285149520413675e-02 -3.422898345484481908e-03 -2.620215357756094932e-01 -6.791706590777268904e-01 -4.756312066994450305e-03 1.159091707763870716e-01
9.798238107472596603e-01 9.342625341991157573e-01 2.327522588759582955e-01 -4.203457919351876182e-01 -2.424524421775438032e-01 2.977179094305679730e-01 4.922015574036264773e-01 5.997654331826878238e-01
-8.791438507780608980e-01 8.596437498243743036e-01 2.620147239043633114e-01 2.333148561603397564e-01 1.894262848409604683e-01 3.959953340265163213e-01 7.008464343239044769e-01 -4.201065017490401843e-02
9.147659807153325495e-01 8.331533536292698994e-01 -1.949542803381070222e-01 2.615405908816790248e-01 5.116954408467979665e-01 6.578928764045119948e-01 -2.087706832007587554e-01 3.508946103974395214e-01
1.418777855485144901e-01 2.975328260673990588e-01 1.869104599193178728e-01 9.207701165551571698e-01 3.985117432731353215e-01 -4.785967768282948231e-01 2.383291549173338630e-01 -5.152136499135528958e-01
8.312139244233860413e-01 -6.417693180610863912e-01 -6.825590875921285772e-01 -2.765582648361564200e-01 6.566625019482081882e-01 7.337670680345189655e-01 3.030615286774074324e-01 -3.559522547142703885e-01
-4.248380095774535459e-01 -5.117081326759431725e-02 5.622218640959295577e-01 -5.771701421762971407e-01 -5.400204488687059268e-01 2.492691720729471871e-01 -2.802223452422960559e-01 2.958655634493005948e-01
3.300277572069922893e-01 -7.394515139951527427e-01 2.397047357841679549e-01 -4.947797518331922273e-01 -6.161696897995185829e-01 8.752402461021739910e-01 -2.449054205971945564e-02 2.045037611825506474e-03
-3.316760473399440468e-01 -5.547352373796576863e-01 6.353725845104498671e-01 -6.484310534638624279e-01 9.535135518812098976e-01 2.463567968643569639e-01 -5.708470043935049976e-01 9.690925861344081849e-01
1.466198766422304844e+00 9.405537012774917160e-01 8.493140047086279454e-01 6.426726067185341007e-01 1.030832053035313667e+00 6.488516927054125416e-01 1.332002859305555287e+00 6.868431344338545852e-01
