-7.458851383203248808e-01 2.441418165478506097e-01 -4.250266139451925884e-01 -8.634927173917601451e-01 -3.642043368599117148e-01 1.127287917031323250e-01 4.372127631357740629e-01 8.657195691618631006e-01
6.706058283672775566e-01 -2.786502906053991424e-01 7.824116184297700283e-01 -7.145756494127490921e-01 1.142239791464088050e-01 8.988140693701953676e-01 -9.019096708663925099e-01 4.893068455798501581e-01
-9.632525049306972509e-01 -9.210152999095979620e-01 6.280854399471447191e-01 -8.958444885603866759e-02 5.707903014730886238e-01 3.637592975413233010e-01 -1.600976130649485185e-01 -9.711265190362905475e-01
9.419182553507654543e-01 3.407915394092995154e-01 -2.999470809090687418e-01 1.271122437884233403e-01 2.715663692057681544e-01 5.482463578546641347e-01 2.409713334174568011e-01 7.790107058089612568e-01
5.766875414910976883e-01 -3.307980785569015758e-01 2.067696285252147437e-01 -2.945601190321611718e-01 -3.004028261868549876e-01 -9.700534085432195308e-01 5.569933469802974546e-01 -6.000576887688744421e-01
5.608059959594671184e-01 4.138078204823556483e-01 1.867762304278068886e-01 -8.298123535325390154e-01 -3.847768434163445495e-01 5.270798231461615302e-02 1.178102678890136090e-01 -2.701018344849543951e-01
-6.045511592257930555e-01 8.153059308963594987e-02 4.813365591987661674e-01 6.986655456340076231e-01 -6.679261695847757974e-01 2.382185260793430182e-01 2.191498865508181293e-01 4.140126536563180082e-01
1.018785436800255795e-01 1.342273673052598593e-01 1.360392373570984414e-01 6.953923925514144955e-01 -9.520500667977591647e-01 5.767662082367237542e-01 -3.571096645339857378e-01 7.084037721345646244e-01
-5.827555612904298243e-01 7.221497146383590859e-01 4.579206352323741402e-01 9.898260420682907235e-01 1.637841075276780245e-01 1.310465560799929374e-01 2.947343416188201726e-01 -7.378949486043726580e-01
1.029677467396642232e+00 1.168283453305050790e+00 1.247355290034587671e+00 1.017772709239353368e+00 1.496038796652439551e+00 1.203381452263132534e+00 1.471833881813906064e+00 1.159004533772219236e+00
