-3.480030506025952874e-01 -4.457707431441044754e-01 3.787387911679549468e-01 -9.505714521737556044e-01 -2.120390466851282962e-01 2.819632915981840071e-02 8.860603351962412777e-01 -6.583921419629823468e-01
-3.978811531086470232e-01 -5.846302408884846979e-01 -5.723919138572526322e-01 -8.325807531056725885e-01 2.844930077390515066e-01 9.227974528215399097e-01 6.624937562447352768e-02 1.597405513778691333e-01
7.394359563457224560e-01 -8.264345150196850120e-02 7.732025982786472351e-01 9.627040645585980272e-01 5.893335800619992071e-02 -8.288077538172253789e-01 -2.906976159578438246e-01 -7.763554634610514427e-02
-6.923588730085536991e-01 6.536640116226755115e-01 4.099067447916084905e-01 5.322907657337494491e-01 3.640073634575693440e-01 1.111678449441630967e-01 -2.648206641379065029e-01 9.952933490773752112e-03
-3.441209326260561419e-01 -2.289777928354612690e-01 9.564271197424683013e-01 -2.443938988038807381e-02 5.774844014305844375e-01 6.382694483397799434e-01 2.564341086796129154e-01 6.657845165130147347e-01
-9.372056910932118345e-01 5.748218589604918716e-01 8.739364148420081246e-01 -4.121329290796649225e-01 2.774938526236643277e-01 1.920293157565160502e-01 -4.076664619481102925e-01 2.459907602110102953e-01
-4.437869828979943421e-01 -7.094361232021735297e-01 8.201036954143845481e-01 6.358667002448059602e-01 9.864565222976016123e-01 -6.517908501835381063e-01 -1.708994281398332760e-01 8.553308087753521693e-01
-2.609291177161652264e-01 -4.042477992041901835e-01 -2.532287548644223119e-01 5.136281442586754231e-02 -4.138150555999953184e-02 -9.424751814172984687e-01 6.702931817301571726e-01 2.055599188815779854e-01
-8.928527683269142923e-01 -8.021934214465691326e-01 -1.272662421473529371e-01 5.146758289582078483e-01 -4.499374460607867832e-01 -7.315946150358341171e-01 8.205353805449333571e-02 8.323679366129521640e-02
9.579976064443099792e-01 5.402180575602876234e-01 9.695051676991726097e-01 5.223275725840638151e-01 8.101198427399493029e-01 1.076481720774958184e+00 6.052699543814550331e-01 9.342272653764571722e-01
