-1.375690174815578093e-01 3.574489101636488808e-01 -2.945203625944827763e-01 -9.590518635126921154e-01 -2.701743109768615092e-01 -9.775482048486592301e-01 3.318235774302737973e-01 8.360193602192562690e-01
5.114584379806148551e-01 3.735918295726006200e-01 6.675967491679439814e-01 -5.560001048011753433e-02 -4.849613379396739976e-01 9.683118504339405241e-02 4.720902235936237368e-01 -6.187886731666385476e-01
-2.155216320486110781e-01 -6.362362122917175622e-01 -7.067348660882233347e-01 -7.721611206212493084e-01 9.293821126884138639e-01 -1.887890246501759961e-01 1.294693734338236979e-02 1.005180168806552032e-02
-2.540565951208699769e-01 -5.047439074062287645e-02 5.479291061612960867e-01 9.323069372094905383e-02 1.415500628725063770e-01 -6.623484064555329454e-01 -4.030719344119209069e-01 5.222284680214994701e-01
-5.000249988213285590e-01 -3.822838255694271936e-02 7.516056521742107144e-01 -4.803938962848326444e-01 4.286004571404000707e-02 -6.276849106748316753e-01 -3.762697913477111022e-01 -6.227461582572149101e-01
9.729046333679589598e-01 -9.716343641639924034e-01 5.360867334351491209e-01 -7.853572675166757833e-01 -1.338877912614617749e-01 4.364147588670699296e-01 -3.491408316032111880e-01 8.217550804105246964e-01
9.404271499939624857e-01 -3.333439126680568521e-01 -7.850150512234657096e-01 2.529706163456570955e-01 -7.371840335711086212e-01 -5.803134107315854884e-01 6.560447381155776192e-01 -9.525317520599119181e-01
-9.466509618345171351e-01 -7.259835611493783425e-01 7.849542838297789427e-01 9.730345739676893313e-01 7.330107903993867691e-01 7.002004619933490659e-01 4.030407029846285738e-01 -3.008373351810027518e-01
1.697011012219269421e-01 2.188160586105574179e-01 -5.568169051027356264e-01 -8.214406022183302625e-01 8.557392652824351575e-01 2.711732847924641643e-01 -4.336662823113945908e-01 -7.625356730159256191e-01
1.151114256217286247e+00 7.227691412248413716e-01 9.089148537132147876e-01 5.076551199684486981e-01 7.997677927500709272e-01 1.436146028347601966e+00 7.253931853550197317e-01 1.199963716550576320e+00
