1.443722460334073698e-01 -3.602980373059387897e-01 2.036235114050843897e-01 9.168593547801253685e-01 3.694473645335405454e-01 2.009033878650994254e-01 6.574507350689096086e-01 4.613084956133963743e-01
1.238841093224629653e-02 -2.961219866665392164e-01 -5.185891079487945365e-01 3.945823593069792690e-01 4.279406968731744865e-01 6.454178580748624050e-01 1.068467040411376079e-01 -6.423218092966287429e-01
9.573838020477862809e-01 -5.102912271619579609e-01 5.806994884189502493e-01 -9.673686103781253820e-02 -5.359562068454817307e-01 -7.726327798680099335e-03 1.342472686950129113e-01 9.642357708944984118e-01
-8.244587294614562634e-01 4.034835675855066306e-01 -4.724945093291259557e-01 7.099351942827782924e-01 3.436654524691782342e-01 -4.443406778546001856e-01 3.074048749748437004e-01 2.401068718866556928e-01
-8.999510320693038246e-01 -6.856795201277328111e-01 5.115063775944708180e-01 -4.716497673917241507e-01 -4.232792632073829608e-01 -1.253823796484991870e-01 -5.654933790881822020e-02 8.702117135172355855e-01
4.723771667915748207e-01 -8.747739396147524715e-01 -3.428208353708797063e-01 -1.729759548387701518e-01 -5.956608086979187089e-01 -6.715340113160928048e-01 3.365480271819167868e-01 3.902309348013228707e-01
-6.258461064895943782e-01 -9.446541039897988767e-01 -6.174100078286515192e-02 9.778933045114213130e-02 -6.677356682182811198e-01 -1.893505868608440501e-01 -3.854981074235124261e-01 -1.409781416339768167e-01
8.684151151975776362e-01 -4.640316097536918427e-01 -6.091577518043245210e-01 5.918670560942078662e-01 8.312499081547719548e-01 6.008211306449313671e-01 -8.977359656978411984e-02 8.618316250569590942e-01
5.531662234537337852e-02 -7.028041712444126343e-01 1.779665236171459330e-01 6.631788842294759068e-01 -8.877519586197537560e-01 -7.527513367065417071e-01 -4.667665593704906080e-02 -8.802048231566796943e-01
8.802101262384320890e-01 1.240983213979530486e+00 1.017622433378910785e+00 1.413971143935888186e+00 5.221706353606252460e-01 1.130589515671163614e+00 9.984521830645390894e-01 6.600100649200257852e-01
