-7.262600305345014995e-01 9.191367464086359629e-01 -6.174578089373168321e-01 2.725740727626364546e-01 -4.288289891283192379e-01 8.681720563978236882e-01 2.189198874956594931e-01 6.150738673475864005e-01
7.429152679561545902e-01 -8.932916002768560571e-01 -5.656491875961888738e-01 -5.928221432103217836e-01 8.353498223580890780e-02 8.221885877506718288e-02 -8.953020150492230211e-01 6.385231944241436253e-01
2.860159781428528447e-02 -2.813074046483710067e-01 7.524708049705453039e-01 -1.653459401788510696e-01 2.414810880750466460e-01 -8.120939194600853561e-01 -5.469699113722377160e-01 5.908588115351229852e-01
9.604389445327532471e-02 7.028909332542614408e-01 7.916700232442226426e-01 5.636314080068700605e-01 -4.621973817288400621e-01 8.236526831636061807e-01 -3.276981863040737686e-01 4.233427494760997334e-01
-5.062458987151550183e-01 5.454625776007597793e-01 6.250085146290804694e-01 9.365172084527739749e-02 7.718185240928356894e-01 6.161400563811474385e-01 -3.211807354209113008e-01 -1.070805331737108013e-01
2.422324879760673344e-01 2.760793364436433528e-01 8.260880389167879478e-01 9.529746286632514440e-01 -6.169368216265447291e-01 -6.610498124038333145e-02 -4.782142131246258643e-01 7.739623708231053723e-01
-9.482267177159831029e-01 8.442493804518045319e-01 8.733317750846483207e-01 2.039179160775059785e-01 -5.802325286206484467e-01 -5.056428865734228228e-01 -2.043337706055867731e-01 -3.937440779302046057e-01
-2.384684455585632801e-01 -9.336306059533932000e-01 -3.950518115922543316e-01 -2.205567691896441751e-01 9.943063542941370514e-01 7.217265666030998617e-01 -6.629636513381838014e-01 -7.430142914264470377e-01
7.387871688877301057e-01 -1.799056178131364092e-03 -1.071033783909978165e-01 2.496856250165966351e-01 -1.632905899711531994e-01 -8.813277856344492456e-01 7.090232155792302038e-01 5.057872629868631620e-02
9.383115330468589921e-01 1.287408486898178328e+00 9.797376550238269255e-01 7.841083795658440048e-01 1.226474173205816864e+00 1.306278637912605012e+00 5.408911672518841307e-01 1.008757208022779572e+00
