-2.414876510429462275e-01 -6.914393994919962871e-01 8.450589203122835791e-01 7.123075344456426539e-01 1.142093367218617317e-01 -6.759358189710231724e-01 2.781536303609444261e-01 2.188392600503661356e-01
9.120972966500486834e-01 -9.172401891864097045e-01 1.924833733584987439e-01 -5.206841769443899537e-01 5.395721205675856336e-01 1.666851385933831864e-02 3.120057161540128465e-01 -1.766237211962176090e-01
3.778340697934472470e-01 -8.813353165574679959e-01 4.505283852620889373e-01 5.777613856378689405e-01 6.732386666944232267e-01 -1.151583944007479321e-01 4.286495669574370559e-01 -2.622297127062731548e-01
-4.300745001351136132e-02 5.807745826463317496e-01 -4.537040691065143960e-01 -1.183688657640868946e-02 -4.122881008840493244e-01 8.230634187209973085e-01 3.279948158928245316e-01 -7.984999254101361466e-01
-1.449453749223668098e-01 4.361695979949069546e-01 -9.347898879793756777e-01 -4.643856850885352827e-02 5.230062620555311348e-01 4.779177255419997383e-01 -3.427477396628282325e-01 2.463126704735112416e-01
-1.798809963019620817e-01 4.472179308943191600e-02 4.964452788380366854e-01 7.086527514582281473e-01 -1.213228173146019273e-02 -2.764648424288913553e-01 -8.551213152890200231e-01 -1.130640949236838555e-01
-6.275466385089647492e-01 -8.310772418363943093e-01 -9.894698983583287699e-01 9.214583664471276414e-01 -1.124615668453139428e-01 -1.505080528844398025e-01 -4.552161725795969005e-01 -1.824739343859000940e-01
-4.400098982192066632e-01 1.780123773827106959e-01 6.062003539099674043e-01 7.106713873481824706e-01 -5.902165855784848869e-01 3.241269333756318094e-01 7.195198122236636795e-01 8.338462407785438568e-01
4.240102824294029737e-01 1.645470244856221953e-01 4.321563536790786753e-01 -3.429950413170508305e-01 2.978495874380593378e-03 9.980643075571564715e-01 2.853105204242103454e-01 4.000141479358982899e-01
1.151655625681588413e+00 6.410685193232746881e-01 6.936544875811659905e-01 9.077717513116070336e-01 6.950670586912882642e-01 8.049334255106332936e-01 5.201476611568486286e-01 1.134658809415354908e+00
