-7.105230039557213217e-01 5.505735668124778215e-01 8.146533940825815279e-01 1.172817069133333945e-01 8.620835533513719895e-01 7.000196644538818624e-01 7.798141406050262958e-01 -9.690476713737397052e-01
-3.241658064221537572e-01 8.900665740624371658e-01 -3.133991240121525301e-02 -9.564532274299262227e-01 3.694394773608851157e-01 -2.505462694610769425e-01 -1.102874251394125871e-02 4.612388449086193276e-01
-4.297835420415072605e-01 1.002255436189816162e-01 4.342070576689200934e-01 9.660601317716055458e-01 3.454152710483748834e-01 -5.900271897497200158e-03 -5.648507874480643842e-01 -2.883877207309204493e-01
-8.247085754606637842e-01 1.847602696059102989e-01 4.013767257421454460e-01 -4.974261765762790777e-01 -2.820871413773258229e-01 -1.455044283168520636e-01 9.100416404178424123e-01 3.505939412637018027e-01
6.896219385544333225e-01 3.747540586887527780e-01 3.822555487895873405e-02 9.828272396180595116e-01 8.233814170422246725e-01 -8.892121748442560758e-02 -6.121680734750902797e-01 -9.573696254686987483e-01
-4.167683856926613917e-01 -8.386743395475173557e-01 -2.251712430797079278e-01 9.098985972833071312e-01 -9.728182340339770473e-01 -1.689142336858910909e-01 -6.743641560014717040e-01 -3.605264431251495871e-01
1.629667783892991828e-01 3.444287700476271752e-01 5.296306276837987603e-01 8.278907889501871953e-01 -5.887802993496806803e-01 7.804431428746547716e-01 -5.349576739638355338e-01 -6.782982248250180035e-01
4.410334401511131208e-01 -1.321456847541218060e-01 -3.152218678071108116e-01 8.841387164446221636e-01 6.795345337590532608e-01 3.512257198391992574e-01 9.770329007364408902e-01 -7.026027946671036251e-01
-5.470457773143615476e-01 2.624446130286215428e-01 -7.273775730521794269e-01 1.311950711531231217e-01 -5.078584333605888901e-01 3.392697362670267225e-01 -6.409137201869929967e-01 6.236653550526671808e-02
1.373888328034885919e+00 9.556352784096242559e-01 1.379876632879059928e+00 1.230287596271543604e+00 8.916114570154356489e-01 1.209036193719409624e+00 1.096090051779190944e+00 7.596743950899721431e-01
