4.600048756432537633e-01 -3.807050471970252481e-01 -7.443543720715768419e-01 -6.275023934261281244e-01 -2.111467125551567126e-01 -2.118118565371598372e-01 -2.251660014588818814e-01 3.396063660695949338e-01
6.733549577685504772e-01 -9.112639341921782155e-01 -3.691396422944828171e-01 4.754893589710356139e-01 -5.721874658905499178e-01 -5.977913020822296364e-01 7.371884904467274069e-03 7.176105850225134031e-01
8.183418931601045276e-01 -5.653234029876377242e-01 9.748663761595526278e-01 -4.677518970203891069e-01 4.234346832528637083e-01 4.481949092689869740e-01 -2.911807109469293220e-01 5.440777274552328624e-01
8.483373047128606181e-01 -1.804875635183691429e-01 2.590381236363015205e-03 -7.666592757069947695e-01 -7.455748134237962788e-01 2.548786837717331721e-01 5.759099464529136014e-01 -1.379728243440654367e-01
-4.194879547892704785e-01 5.830395442355691404e-01 2.395061356672605335e-01 -4.308222592770298842e-01 4.702223241850420621e-01 1.585920610626769811e-01 1.343469880823739970e-01 -1.200422739303925734e-01
-4.104069526247111632e-02 6.305179302007604125e-01 4.318822936109136812e-01 3.001375100201111312e-01 1.055991223469181506e-01 1.183106660178112612e-01 5.795630866401400016e-01 -6.744238688977024498e-01
-2.466898082357475985e-01 -9.023655930490228627e-01 9.597868665101474406e-01 2.622487201670200552e-01 9.722993153587000670e-02 6.571024389721864534e-01 -9.114184282701054407e-02 7.019409561048777224e-01
4.269101684500002936e-01 9.981482954828357901e-01 -5.306461282582493055e-01 9.143121313823545648e-01 -5.930214290368878149e-01 8.794055494295172082e-02 7.413273726625433380e-01 -4.872770357657296714e-01
-3.563986325771011376e-01 -9.153701188638940778e-01 -5.372385259991234729e-01 -9.855018332325595765e-01 -6.381765995377861600e-01 5.598197089780474478e-01 5.367980668130669653e-01 -7.322376532552588024e-01
1.007020261017298246e+00 1.169036879908208482e+00 6.974774451005727460e-01 1.437747476987655482e+00 9.036771580303327722e-01 1.095067647462764526e+00 1.145127330860109094e+00 1.390662429427563573e+00
