-8.656185011520958206e-01 -8.760552252133417817e-01 -9.502625925787064887e-01 -2.617323724482036873e-01 -8.673883884943391909e-01 -6.257290004736402178e-01 2.375207410025530486e-01 1.663713796819035196e-01
-1.055190600741535700e-01 -7.139161225855528148e-01 1.215457406486102343e-01 -1.832461696114453531e-01 -5.564423229824466688e-01 -5.167240565723585366e-01 -9.821194085719950895e-01 8.942059694670700942e-02
-6.859343800649635448e-01 3.196648825858772192e-02 -3.569444224002811250e-01 -6.410505119247040806e-01 -5.638130321484933205e-01 -4.683902597878915053e-01 6.349352493788922303e-01 5.886044206083342889e-01
8.414479584620127017e-01 4.634370217561054606e-01 9.525634904366890865e-01 -3.627499845275050649e-01 4.701499080089746041e-01 -9.750071422447086356e-01 -3.652528556827367989e-01 3.641090883168294212e-01
-4.595675756125563449e-01 1.864323709522313077e-01 -8.171317837299627573e-01 8.020040453709307293e-01 -6.225787940846252422e-01 -9.899161608197788453e-01 2.838383588896424836e-01 4.033841708567078577e-01
-1.598421374576488585e-01 5.685141981360564145e-01 6.692613180652153826e-01 -3.462675100707257592e-02 9.338221261406387530e-01 -2.063216114311166027e-01 -5.776074495296656952e-01 -7.693208674370104472e-01
-1.466373716895432722e-01 -5.621360481185924129e-01 -8.060764132386433189e-02 2.133580429843802140e-01 -2.348131022747890206e-02 -1.129367487469759013e-01 2.111756909692088513e-01 1.691306096724196628e-01
6.787972847406265053e-02 -1.686058843355004999e-01 6.539980727233185576e-02 9.549065563365157772e-01 -7.024567921768185563e-01 -9.248578327600374127e-01 -8.755821606983265060e-01 4.650079650956202570e-01
-5.051550040124554997e-01 -2.249146252878881924e-01 2.048150087951172704e-01 1.989298552753464566e-01 -3.218481295123110097e-01 4.775578868730590010e-01 1.495746768272987470e-01 8.478159497790864751e-01
1.292642353128726551e+00 1.203142060839982541e+00 9.466975729158876307e-01 7.013522408983990930e-01 1.303091687875037596e+00 8.172506909208642201e-01 1.026413160891920473e+00 1.484683741054071415e+00
