9.065012872444135894e-01 9.658641580825402251e-01 8.099731523879540873e-01 1.986171933752818308e-01 2.339414384120819257e-01 5.923062278755764076e-01 -6.070997285760539874e-01 5.080240103851263456e-02
5.016564965799228393e-01 -3.298140098632247330e-01 -4.834444894523513003e-01 -6.629724337829030478e-01 6.004609307038970556e-01 -5.289239679692885332e-01 9.137897202097184923e-01 -5.195063775697450481e-02
-6.466780833207652623e-01 5.479526367419977895e-01 6.324994457712944662e-01 4.054521301292968172e-01 -4.996954956278529814e-01 9.906043928206436089e-01 -7.797930793735541322e-01 4.231857039053272818e-01
6.513237621488210394e-02 -9.591433585837356723e-01 7.230979737440086375e-01 3.464323804108042637e-01 6.507271515992865130e-01 3.826665874512962251e-01 3.579052846669414922e-01 -4.387226719609069736e-01
-1.116026577290771815e-01 5.745888649192332220e-01 3.352653699013761202e-01 2.581819979839423684e-01 -6.488986269857832667e-02 -9.970466808406164283e-02 -3.788597084677298721e-01 8.988018694148243171e-01
1.928037863856484346e-01 -5.117756693968136261e-01 -6.192242057145544987e-01 -5.471981757509503108e-01 4.985916138854686874e-01 2.951785087546210384e-02 -7.912296064981139132e-01 -6.964301698852199962e-01
1.184085188683097201e-01 -3.828166017251264375e-01 -3.109342299866462156e-01 -3.384784987580449211e-01 -7.704969346675294428e-01 3.408079533068080202e-01 8.966689078229097554e-01 7.713304776521960893e-01
-9.989835175181704940e-01 4.313124468120133059e-02 -9.114467318726138245e-01 -5.919942092039092163e-01 5.840407931744215908e-01 2.258098492895150855e-01 7.285547072105313937e-01 -7.907898944150681952e-01
9.325393033796891551e-02 5.743996808778266683e-01 -8.548474718889762514e-01 3.740869278075367177e-01 8.484927764539573758e-03 3.769498400616335676e-01 -5.501733059058935282e-01 4.419624637421526447e-01
7.462548766128835886e-01 1.308321949696704678e+00 1.104805570081566657e+00 7.508391865849340929e-01 6.083836867956977645e-01 8.663160315304186954e-01 7.189511333049836139e-01 9.639344328094693326e-01
