4.729082269618931633e-01 5.139246602357181448e-01 1.656137180925523200e-01 -4.081924328410970748e-01 7.520357596082050122e-03 8.968793044364558043e-01 -6.027406048364363222e-01 6.281337142681504560e-01
-8.569488365605448799e-01 5.999989820782229977e-01 -9.198351670939615143e-01 6.006585673186881635e-02 5.920030790039554347e-01 3.133449622300255033e-01 1.593845860426346128e-01 -6.972328313334250627e-01
-5.604038633460262098e-02 2.339765859497977551e-02 1.321802185089195891e-01 -2.449610408149647256e-01 -8.328860299945863854e-01 5.892229798819226261e-02 -9.188201345117443797e-01 -1.837184859700593531e-01
-3.979493223709564820e-01 -3.641823826933707764e-01 5.775002745813948568e-01 4.910778277919458645e-01 -6.384701355109088095e-01 5.962645909788395482e-01 4.994095647963485707e-01 7.075900888050301596e-01
-3.861988784768519700e-01 -5.713706564011944433e-01 5.413819160457631341e-01 -4.002565431585392020e-02 9.828817791314568009e-01 3.536009680419363033e-01 -9.560121692743088762e-01 -8.256907362659391403e-01
-1.521246230547168565e-02 7.414409962424313161e-01 3.472043027384152936e-02 -7.152617077113407884e-01 -3.972690371736262716e-01 -7.355176197359880597e-01 -4.996107563555580722e-01 8.643770768436749297e-01
-7.939581671075237601e-01 -9.381271007524381034e-01 -5.433746561405341513e-01 7.315946718369850110e-01 3.897772891977222542e-01 7.524798723988765925e-01 2.276058977387256377e-01 2.825883012786674087e-01
-3.861935242716991734e-01 -4.493397626790118782e-01 -1.544529728386487832e-01 -4.745686300108507005e-01 1.668279243619645857e-01 3.802723401262970704e-01 -9.852757211794287429e-01 -8.385885731492748185e-01
-9.159773890729250301e-01 7.140219672802607942e-01 -9.489521330764461027e-02 -7.583325934083107178e-02 -4.373561168897557305e-01 1.075762545175673601e-02 -1.313207120035941866e-01 -2.773245890106879052e-02
7.657250695975615917e-01 1.154700338638178669e+00 7.672069264192639126e-01 5.228596500177000728e-01 5.872602168362284214e-01 7.148761106069296822e-01 1.268153535015804634e+00 1.079190210047903609e+00
