-2.412485826559116475e-01 -9.492497421163768045e-01 -4.789995768434021084e-01 -1.002083556293855704e-01 2.773170298027105574e-02 -1.462113720805848782e-01 -8.680424206323043013e-01 9.968735896413223330e-01
-6.878171338634506693e-01 -3.645322171800677857e-01 3.549611840734703261e-01 8.885412580602276567e-01 5.883420239875547519e-01 6.567554300317517413e-01 -2.139434091866450061e-01 3.557887779032899989e-01
4.006828137569571346e-01 6.763601903357709944e-01 4.098798006813697548e-01 8.186734788509715255e-01 4.975118262295956661e-01 -4.314148165587685657e-01 6.311157292397007179e-01 -8.475580461220604267e-01
-9.243779704085297588e-02 -6.302697251001103673e-01 -4.780288810112143238e-02 -7.879142065514173066e-01 -3.187570406092719022e-01 6.295401853668809444e-01 8.997238363020909624e-02 7.931420807557671981e-01
9.173604282394425269e-01 -5.565635632278465028e-01 -8.063634101001955212e-01 -4.545031456208201703e-01 2.826770918083965078e-02 -2.411536031693066739e-01 3.856266183492447208e-01 -7.309414389089361475e-01
6.439778489967915576e-01 2.206610630909286996e-01 -5.431301302560314070e-01 -8.467424577897335602e-01 4.923166983139919406e-01 -5.255995900764052209e-01 -5.353540930328792857e-01 6.111200250136634704e-01
-4.435051865642982705e-01 -8.748942722933916727e-03 2.189210291159253696e-01 9.227664244843485353e-01 -6.416569499579909408e-01 9.700592015485165476e-02 -3.650018507478607344e-01 5.635737155189319836e-01
-4.208910388801423430e-01 2.829765521289711039e-01 -5.961425340862218647e-01 9.752730808561669296e-01 6.629447202690594843e-01 -5.035748449689236850e-02 6.789376254498309393e-01 7.379725649955370947e-02
-6.510616132980651116e-03 -7.669642836981844791e-01 3.781680624237997446e-01 3.352691041556901119e-01 -3.403574622514116133e-01 2.383255683666181124e-01 2.135647546426486798e-01 3.613091100257161958e-01
9.766924818244432371e-01 8.431501696981513749e-01 1.230334342833615757e+00 1.132513594798519652e+00 7.952445550125606388e-01 1.451602569217151029e+00 1.164607931919640293e+00 7.303869416471225895e-01
