1.346922222198267960e-01 8.924478929310584174e-01 5.757938245534215405e-01 5.928210375201086180e-01 5.185172082082645240e-01 -6.521072128399227896e-01 7.871560565951907229e-02 -8.405678776521936513e-01
-6.802503080947921443e-01 -1.479065686255964795e-01 -1.419984159020151182e-01 5.931419265903916660e-01 3.362383190597355576e-01 5.494120209025723511e-01 5.042256025935643038e-01 -1.534459808624921706e-01
5.478229110362897725e-01 8.461812593421220718e-01 2.910484855389119385e-01 -1.047333679249125016e-01 -3.787089731967019368e-02 -2.884507077893927462e-01 -3.042720576485802297e-02 -7.518569822121410340e-01
2.293588286704661972e-01 -2.260811167558085533e-01 -2.924977794020231503e-01 6.393785671718759112e-01 -5.540618971524102765e-01 2.185208266659377507e-02 3.307540336914738255e-01 -3.642950238791484718e-01
9.297489388838153790e-01 -5.407420020599289501e-01 4.742429697909957831e-01 7.798887596893877561e-01 -4.742930858017673224e-01 4.109072065277745711e-01 4.378806244073674137e-02 4.596579159225344657e-01
7.299655547010213130e-01 4.599969444288574127e-01 -2.598423317570142110e-02 -3.118570753691569664e-01 -7.048980621761298249e-01 5.598660086658586721e-01 -4.958421012536982087e-01 1.895150576946196264e-01
2.650675516070637450e-01 -2.110418892375098832e-01 -6.453522084105536294e-01 2.127372875105917327e-01 -3.745643579626412034e-02 7.346228409107893320e-01 8.642007127267823385e-01 -9.369932629037922567e-01
6.129290321666225339e-02 -1.234214289360366923e-01 1.826591713039777964e-01 -1.534796830938760515e-01 -5.636467480342235437e-01 6.088418952539766948e-01 -4.171963039917085947e-01 -7.228954251422023969e-01
-9.170553333036128851e-01 8.102081011105946029e-01 -7.137784985226234280e-01 9.453318677226245637e-01 -9.008716760167483351e-01 -6.415059294501910259e-01 2.844303437941300139e-01 -4.328114363634076867e-01
6.024369430816168824e-01 7.373955172770844113e-01 1.303868124484374613e+00 1.041249721252755389e+00 1.230020799745554339e+00 8.230139950809800542e-01 5.529809327599107815e-01 1.392155634513505102e+00
