-5.520766332541635624e-01 4.497378042594544212e-01 1.770415468710135887e-01 -1.419158836679501601e-01 8.601032363852163520e-01 -2.918706230624819042e-01 -4.451687454791581899e-01 5.112597366811255650e-01
7.394310445169121060e-01 2.892056315579907277e-01 6.633038409644975708e-01 -1.016996009528070566e-02 3.891458787552237730e-01 -5.409454120784304987e-01 7.389618077823318920e-01 1.248169766737814435e-01
9.600147459934746941e-01 9.994785128389560569e-02 6.775378748314018207e-01 -6.615154763948762895e-01 4.429223530789936358e-01 -5.854463970959677965e-03 -8.432594195104923251e-01 1.613225264479409837e-01
-7.964729021152012756e-01 -7.876742409434414061e-01 -5.916221639659544618e-01 4.914583537465553320e-01 8.491249870681820688e-01 7.473357237091320382e-01 -1.545489904022530059e-01 1.134860487287812081e-01
-7.109623365178647791e-01 9.378553740459731891e-01 9.089360152129881687e-01 -7.892714485723253404e-01 -1.838869179187687664e-01 3.561654248155443625e-02 9.839879907751016841e-01 -2.952273591918372908e-01
8.673673795991492241e-01 1.868656439431748417e-01 4.520025734678962959e-01 2.594417397352082322e-01 -9.697438012158956511e-01 -5.802644296802104140e-01 3.320383297207982753e-01 2.031482597390072975e-01
-4.441736472806165903e-01 -8.522245004437789540e-01 9.108480143545594210e-02 -8.247924548293481539e-01 -1.426705995841832664e-01 -1.676814335445830917e-01 -9.607232006886461395e-01 -9.129366867127024499e-01
-7.350032348204305066e-03 2.048130632552680463e-01 -3.636907652630878562e-01 2.753314865153893010e-01 9.461553619640326040e-01 -4.326980951848824475e-01 9.630400857747409837e-01 9.932481486053157393e-01
-5.485464051680286612e-01 2.014552662388724436e-01 8.896734748382808533e-01 9.196646501813132701e-01 -3.747489989672394550e-01 -9.276608632334353288e-01 5.506220870285236657e-01 1.059512231831871709e-02
9.917093950479010100e-01 9.062530259129305543e-01 1.166355617629553976e+00 5.999567212490783952e-01 1.320407332664697231e+00 9.185308261138124264e-01 5.692142786074874117e-01 1.037441205379033393e+00
