-4.699236157321782237e-01 -7.402905479590882187e-01 -5.146920127401577449e-01 7.691562193358434385e-01 -9.931253126499450801e-02 -6.148384835064895082e-01 9.801948204081554206e-01 -9.181143243160856393e-01
-1.503780372836069912e-01 6.862957534844551510e-01 -1.617423714687078462e-01 8.456955837564861245e-01 5.585395333543288210e-01 1.408413663242624736e-02 8.745586310374346972e-01 -5.083434910350834723e-01
7.853659105990724587e-01 9.345503129620489347e-01 2.959602161080576721e-02 -1.540960796310839598e-01 -4.668020823603815650e-01 -3.528719353395175506e-01 1.525470816029530496e-01 1.928811933922753852e-01
-6.215993591196646850e-01 8.116413741699091133e-01 -1.399138210636343693e-01 -6.530756329489029177e-02 3.830852869993637277e-01 7.970113663755604705e-01 -9.401223627871002630e-01 -7.164757164418933399e-02
5.153786128157302748e-01 -2.787256250140046632e-02 -7.655748645644424588e-01 -6.030413610420677362e-01 2.503982671676314720e-01 8.615329140841654354e-01 -7.102717961255671231e-01 -8.723873316508559128e-01
-3.380780006305668106e-01 8.423395932957733478e-01 -5.892847563130809707e-01 4.686437687919378092e-01 -8.616328438553484403e-01 -3.019750835777095244e-01 8.195076273103589770e-01 -8.553410856086793856e-01
-6.007282255896988499e-01 5.834495338304730438e-01 -8.255897771202334035e-01 -4.224766761882017274e-01 -4.461918358195622325e-01 -7.765963448217598764e-01 -3.542868619741144087e-01 7.237376819870866562e-01
9.547801884202569145e-01 4.970793466153557993e-01 2.047423080802728279e-01 9.600940318525192918e-01 -7.790207797236685661e-01 7.909956890353078141e-01 -3.889101098791192257e-02 -2.903933584567699455e-01
-4.202984846686061982e-01 9.707055184925761360e-02 -3.768455043126173187e-01 -9.642123335625227831e-01 -7.452053854815354761e-01 7.722458786586448021e-01 2.754473326622570717e-01 -7.586565269278038315e-01
5.458041822973683788e-01 1.270984417199310990e+00 9.679596552766084328e-01 1.182683601259484796e+00 8.310696458928278352e-01 8.359142451324275136e-01 1.449900927728063671e+00 1.075731329493203159e+00
