1.072258626599826847e-01 -5.916011064985264856e-01 9.378820667044762693e-01 -4.350925477392566521e-01 -5.713852181858036783e-01 8.749694714433555731e-01 -4.151924103509327946e-01 1.094710852301994386e-01
-7.876766754147004335e-01 -7.420598388360282183e-01 7.607136110308563293e-01 3.299218371017942353e-02 1.654271211029112454e-01 -3.740464115200734518e-01 1.229325401888068381e-01 5.117126312588702319e-01
8.928178136479631988e-01 -9.093063482857808300e-01 -5.894253923050793986e-01 -2.474649215658455415e-01 4.524560562002208908e-01 -8.435334003296981464e-01 7.967926066527131201e-01 -3.204465569970782468e-02
-3.654031543465174892e-01 1.547091931832234035e-01 -5.233594831455918861e-01 4.615434489564163023e-01 8.166544656208407638e-01 -1.329303536013362042e-01 -9.738284391492473269e-01 3.790302896764452534e-01
-6.865427872634091155e-01 9.296931407344313225e-01 -5.649077219010256723e-01 9.456794203730432002e-01 -7.498258578560224041e-01 3.294837972751796240e-01 8.153252989705372933e-01 -3.386572367710893872e-02
7.636780549251851458e-01 2.116558082078938696e-01 -2.510787517097234911e-02 -7.892898671324874993e-01 -9.212204253894842321e-01 8.493871105582371239e-01 2.914513353118248773e-01 6.273965321276109286e-02
-5.849200778783492094e-01 -3.901982529332190808e-01 -9.704308762377669151e-01 7.496571947247923084e-01 9.496748876537004502e-01 -5.166764141574184954e-01 3.148973365532459212e-02 9.210130475460889254e-01
-8.416978721862133916e-02 1.508716620077046322e-01 1.993190703088261184e-01 -9.147426317629081538e-01 4.317257314386921951e-01 -9.014909935452484202e-01 8.645916298231375308e-01 -7.455108694797021318e-01
-1.895197120988645345e-01 2.400055680065615871e-01 4.211921856849321077e-01 3.706510244609098059e-01 4.312626668961951903e-01 -4.582459225119646096e-01 -5.165185164313235155e-02 3.234889125753188654e-01
5.866894094391446046e-01 1.385606892456254791e+00 6.640682626442561132e-01 8.796352917020495710e-01 1.494635150184466355e+00 1.040493264574195997e+00 9.502938396122823095e-01 1.151260345816318420e+00
