6.948864053646424122e-01 7.596210540745604867e-01 -1.120757190135375225e-01 -8.157731190333743498e-01 -3.556792653197766718e-01 -3.538133321514780327e-01 5.965620847188446429e-01 9.453613406372820549e-01
-9.193645951293274443e-01 1.327110870754637517e-01 -1.281819545769451452e-01 -1.163336264965482147e-01 5.827909839497593669e-01 6.709049433437648258e-01 8.326493283574680770e-01 -7.444656388558603677e-01
5.847834924306838378e-01 6.682415908178949149e-01 4.996304631506653937e-01 3.708121518422631269e-01 -2.471249986464030268e-01 -1.530519846796847272e-01 -7.758369198916592602e-01 1.013494521098110557e-01
2.139969782529902442e-01 5.525207693742792969e-01 1.387675692191869814e-02 5.837140864366414661e-01 -5.433561173217915652e-02 6.231532127810450739e-01 -3.640402143249341638e-01 2.842930417822309153e-01
-7.846047228759074343e-01 9.035617073480417538e-02 -4.043291616519109066e-01 7.396315286480057427e-01 -6.421402898093535594e-01 -1.662415653474362820e-01 -7.334300351993421341e-01 -4.397158838546955106e-01
1.252547357822675345e-02 7.727558228689681563e-01 6.770741050787694171e-01 3.232355812671323658e-01 -2.915687402180564547e-01 3.844989377835139610e-01 -2.335272801528875952e-02 -1.177040153116644117e-01
-3.944558944940668166e-01 -5.256818815353847540e-02 -8.246984209024432744e-02 -3.385456025690107840e-01 -1.728314092451153083e-01 8.282673077790081440e-01 -9.418660699489429522e-01 7.916968755891748977e-01
-5.915595905495132367e-01 3.381983152377405766e-01 -1.465712844958220185e-01 -2.912212545910675132e-01 5.798271075214773695e-01 -9.356509261042631476e-01 -9.520092218456630562e-01 -1.636677417323915140e-01
-9.548834917794981614e-01 -6.764853454041965808e-01 -9.736635539252431748e-01 4.272979573900017591e-01 6.049706346850174388e-01 2.804830639015001292e-01 -5.667679900211566313e-01 7.406981439557660529e-01
7.105141310670362031e-01 8.353966682730793458e-01 9.509422769180136958e-01 7.352469510065717806e-01 5.351376764833566391e-01 9.222862116799027676e-01 7.121082148305667436e-01 1.122443552065010008e+00
