-1.015973962082337145e-01 6.491222885640302032e-01 5.607341477667422414e-01 -7.775664845075525022e-01 9.755895345864584733e-02 -9.354722485054669523e-01 4.325343542167354727e-01 -7.512417574576046864e-01
-8.343193414600600377e-01 -5.429678660667414114e-01 -4.495731680494388094e-01 4.103597118286119727e-01 5.183117263741374714e-01 -2.104894623171364998e-01 -1.877723173701388859e-01 4.065383912099183039e-01
-4.544614822589796432e-01 1.306962869406738115e-01 -1.193392878605343821e-01 1.146966534882059019e-01 -1.217496420594534889e-01 7.390516463254688251e-01 -3.017019150192634669e-01 -9.329547251327006130e-01
8.016662238923744077e-01 -1.129216967812349814e-01 -2.720385559840066136e-01 6.086617966063139207e-01 -3.504917542106624762e-01 5.161186957566525901e-01 2.129348281004306287e-02 -1.745563918229477984e-01
-2.916557964269024250e-01 -4.871669299271825793e-01 1.115298295254638639e-01 -4.959888800086604821e-01 7.328590607037075433e-01 -4.771064466484038480e-01 3.376156623027675163e-01 1.893678245327181653e-01
-9.449527374631900845e-01 -6.702159659450122042e-01 -4.510307819336318857e-01 3.961022956041051479e-01 -9.797671481753964517e-01 -3.266437393823202751e-01 -9.573315672459103975e-01 -3.200695921682190637e-01
-3.390731202369554609e-01 4.776354502911965838e-01 -1.013572413521381943e-01 6.255016852500103752e-01 -9.537177249531099132e-01 9.577949727388150869e-01 -8.221725796562846522e-01 -4.422266585598135791e-01
8.180425459189271109e-01 3.867336444205988766e-01 8.699087643349436849e-01 2.175890367190356223e-01 8.841762176991396771e-02 -6.385192091744484877e-02 -5.137490085956808450e-01 -2.703713834516507930e-01
3.127659069990542662e-01 4.987792226887428626e-01 6.700104466740386400e-01 -1.225307876088483905e-01 -8.262320130292393205e-01 5.175562081691229555e-01 1.279600147143902245e-01 5.519619292570898672e-02
8.917101112698540000e-01 5.298790689727100878e-01 6.083775057215106141e-01 8.616874645521496179e-01 1.178680564371250128e+00 1.300672255599296001e+00 1.131127991927610044e+00 1.374678054264753202e+00
