-2.553175175619237791e-01 -6.017325804103024200e-01 -9.933015739434098990e-01 5.829547814522491045e-01 -3.270650861952728583e-02 -6.969300992190357036e-01 -7.294377186271836511e-01 8.226843046463054865e-01
-6.629243093190000380e-01 3.985385912362067184e-01 8.116993493298785278e-01 6.966980774300381984e-01 -6.910629288321081809e-01 1.459801094050876547e-01 -9.046183143000008364e-01 -3.240794727985836232e-01
4.737419526954282922e-01 -5.999824777203615067e-01 7.155874536701598565e-01 -8.692591819915767015e-01 -5.626515211164655472e-01 -1.497403986659666675e-01 -9.839105551809435024e-01 -3.126498469440361916e-01
-1.456689514016733522e-01 7.078790539800992043e-01 -6.634123467076631364e-01 -8.229643536986968044e-01 4.848268084066844619e-01 2.478108136912948734e-01 -4.313339804922817766e-01 3.995086547230313201e-01
9.217420497913964006e-01 -8.090029468201136442e-01 -9.213882182155055389e-01 8.668843787666544731e-01 3.517812538194293737e-01 9.230771485457514025e-01 -7.999588966271697910e-01 2.202022088830801749e-04
5.870572857939420075e-01 6.967950068709520828e-01 -2.370755805086000034e-01 5.530322471238462434e-01 7.807267201243048849e-01 -8.391638964394212419e-01 1.703348953710306368e-01 4.499240638060979514e-01
8.127874178005896066e-01 9.683860017721828140e-01 3.618046040704954169e-01 6.359866357819705662e-01 3.744632777230341159e-01 -2.947642145257389767e-01 8.116920738582311667e-01 2.445572553234567348e-01
4.112479160690130087e-01 -1.868945153107239854e-01 9.126982874174438543e-02 -2.842665576412830575e-01 9.406363959321051293e-01 -2.787568395463360105e-01 9.593472858462046560e-01 -8.752937548000099266e-01
5.550651723377659774e-01 9.249200107941604188e-01 3.722705928333456260e-01 -9.680724327201095658e-01 5.937746738644062994e-01 -9.677549390098223459e-01 -2.444725917233205870e-01 -9.992110588561264883e-01
7.850370654153079331e-01 8.753519609927432610e-01 1.052949965284967870e+00 5.941718794970939355e-01 8.453589925672312377e-01 1.146287815455082626e+00 6.663766045833627860e-01 1.356775805210929775e+00
