9.137416816579004841e-01 -1.471082801730565492e-01 -4.183646954399400375e-01 -3.554975724830788941e-01 7.362557475744142543e-01 -2.096564712341870695e-01 9.967463728152003988e-02 4.043329233536445688e-01
7.790887975271070243e-01 -6.397326898125152983e-01 7.002121272284369535e-01 -3.314317445530492456e-01 -8.392434215924990948e-01 -6.603549247751709927e-01 8.203753605222294798e-01 5.872388047372725239e-01
1.845814197583133254e-01 -9.044164213834866572e-01 -1.699857151640848940e-01 7.793345958429820364e-02 2.842861624527330822e-01 -9.587254065062202901e-01 9.926994171170744341e-01 4.408610868993423360e-01
9.687578143711386147e-01 -9.284390890402580698e-01 6.383473121224276792e-01 7.945996784520643619e-01 -4.609566927814050530e-01 -5.212742221469013337e-01 -2.823133121414578284e-01 9.817781519671266999e-01
-8.115193977345542820e-01 1.069916851188172924e-01 -2.429623515034127212e-01 -1.927148698552001438e-01 9.701296363573876924e-01 9.721278581279950703e-01 -3.213663100472248235e-01 -6.305096154281291110e-01
-7.830866440756316660e-01 7.445249582830466561e-01 3.938553184604269841e-01 -6.336110410921376168e-01 3.041153432375520715e-01 4.443106895262289857e-01 4.335722903407150941e-01 4.772953863051321299e-01
2.427212525937199050e-01 1.580249327840852480e-01 5.124300805260071368e-01 9.873321112810153899e-01 -3.574214606658212556e-01 -4.611439567840389664e-01 -8.204338258499130898e-01 -1.114057098220631037e-01
2.052199543046355767e-01 1.124004153228788105e-01 7.863334911436290486e-01 8.544977730649343517e-01 4.263135192014602115e-01 -7.798921640831923963e-01 -6.929055222877551490e-01 2.617589532950193032e-02
-1.434515025875338079e-01 -8.380769035669357603e-01 7.603058021159652125e-01 -5.240462456789873880e-01 -9.618930165430448209e-01 -2.432173183357886348e-01 -6.867480156426621907e-01 -1.939437508056733872e-01
1.066324253817405809e+00 1.192237405897442093e+00 1.409101912165023895e+00 1.222906853123521653e+00 6.066149934998530391e-01 9.746425976852839401e-01 9.883683912227224644e-01 1.472235218066570095e+00
