-8.714117468655615539e-01 -9.443698490179932570e-01 5.729865540686491787e-01 3.157022424440087960e-01 1.091666943131983647e-01 -5.170433006177659330e-01 -3.782733803694249275e-02 7.631496101142842825e-02
-7.793841051318319835e-01 -7.212896614410124752e-01 6.642520707745920294e-01 -3.066294669896016956e-01 -9.100587488873013164e-01 -3.718749666141163424e-01 6.074155332889870085e-01 -4.932819219228006258e-01
-1.965122036959661145e-01 -6.222325891465971814e-01 -5.614146177352670186e-01 -1.004316760583192636e-01 -5.380439598096671272e-01 3.498861720742725279e-01 -6.444718391583081907e-01 9.861873190692402869e-01
2.724773791816237356e-01 -9.373200757760906665e-01 4.117132974827284464e-01 -6.157638848130380094e-01 -9.791410435859579930e-01 -7.178438340046358057e-01 4.815538189053576446e-01 6.077878938117857732e-01
2.578778314106620062e-01 -7.519285533246258257e-01 -6.454783029553778917e-02 -7.897891346018848235e-01 4.822142989866005092e-01 6.761286597458062708e-01 -8.588325535940171118e-01 8.189719382722666641e-01
-6.026711230295864752e-01 6.834748722067236493e-01 1.033588495752231218e-01 8.768286201177533101e-01 1.540579073334513716e-02 -4.609533021567764344e-01 5.475183124316205241e-01 2.699716591987648684e-01
4.846487887164590003e-01 -1.988157309688154406e-01 -9.767035662152445674e-02 -9.788118105953884651e-01 -3.190021022562958830e-01 7.476045271981250906e-01 -9.753375521954747995e-01 4.184595632445382574e-01
8.891048325159724985e-01 -7.363567609319476848e-01 3.644630702437512415e-01 -4.628605975323012434e-01 6.753654338256724898e-01 1.122673218276237783e-02 -7.640744485855361923e-01 4.912776552635089722e-01
1.194794489293848905e-02 3.960135925738306195e-01 7.014369816484029574e-01 -6.060131596392912545e-01 3.590898236807007482e-01 -2.513109613949060517e-02 -3.429596116458253352e-01 4.287770851206620382e-01
6.590875746828014359e-01 5.434014364825907606e-01 7.198236624454606991e-01 1.277537063001065398e+00 1.132558316732989123e+00 1.275385001221145398e+00 8.397256683167177993e-01 8.536262303087212011e-01
