3.977101699030229920e-01 -5.603470375322996411e-01 4.098763884787652856e-01 5.946653993647617042e-01 9.060506595104156347e-01 8.172180917624465302e-01 2.756348857814503450e-01 -6.250252176516177816e-01
6.665072223464334478e-01 -5.378699057000706496e-01 -5.419826520016068905e-01 -1.573155026198460593e-01 4.481199092129668493e-01 -9.334120195844848311e-01 -5.792092998142666094e-01 -7.807055979048997951e-01
7.527786704523242722e-01 -4.903801337972599761e-01 -3.344608627068910156e-01 -9.326204363611105830e-01 -9.579002405969978540e-01 -5.650891947764928869e-01 -4.537132753899542070e-01 4.312699160508499663e-01
-4.742967533010093995e-01 1.126516811244175909e-01 2.714040120007821244e-01 -8.464618608595808613e-01 -7.994296121165982427e-01 1.105059293537713483e-01 -4.068462410203210755e-01 -2.913133519087693912e-01
6.846881651459237883e-01 -9.330955325496383956e-01 -5.784529960948325833e-01 7.132741971339833231e-01 4.043954464573746854e-01 5.608947296363859802e-01 -9.108685284708204488e-01 9.881202168473859349e-01
2.812122834386401315e-01 1.934897560926733817e-01 1.967987242287916327e-01 6.783803145531679402e-01 7.984473204659332524e-01 4.349237579948574961e-01 1.538717960984705702e-01 -6.664354237323750763e-01
-2.430974470254609887e-01 -7.638582220283509638e-01 9.499590084319418093e-01 -1.805652637929198168e-01 9.842837584406882723e-01 2.282837492148654945e-01 2.517545127173106412e-01 1.277383466048715999e-01
2.219539597960173971e-02 -4.242550454460867204e-01 8.803427752504644488e-02 -2.920253862406470002e-01 -8.880795949352380259e-01 2.961399189646019003e-01 -7.671571736651250362e-01 -1.673211895069730559e-01
8.035946736574850480e-01 -4.397532664954444392e-01 8.827167480282078760e-01 7.594460192514587149e-01 8.213229800332653152e-01 8.418267036191993125e-01 9.067302349935992822e-01 2.929114872285274451e-01
1.472917407005509993e+00 7.321375353672157082e-01 9.076055006125978153e-01 1.288010367202625739e+00 8.078407579555895168e-01 8.736161004649303230e-01 8.664644367963577620e-01 9.843380897617211023e-01
