5.672061913872445960e-01 -3.957127766777954747e-01 -1.905216669892166870e-01 -4.769391906608224652e-01 -9.535206539864069519e-01 -1.874955394171038403e-01 -3.441072078016162994e-01 9.016519044173134656e-01
9.482141724329307131e-01 6.463923860826874535e-01 -9.442182669179817189e-01 5.544146746048963514e-01 8.159131603244220710e-01 -4.650460715456712357e-01 -4.647684140384851226e-01 -5.981345466275433953e-01
4.326921693295386895e-01 8.858689920935378659e-01 4.700285202288594366e-01 -6.344859893682186502e-01 6.640707498798867903e-01 8.546044385709747893e-01 6.312593925499765390e-03 -3.308065196997995727e-01
-1.367917043194881721e-01 4.094650319496218049e-01 -9.678997164536933262e-01 -7.576269922343932262e-01 -4.414269353299080656e-01 5.274300686591826270e-02 4.777153448204387587e-01 2.348179734902908766e-01
-2.677431370342762129e-01 -1.961364975902639696e-01 6.667001787530897339e-01 7.095099858093913969e-01 -8.081079870272718235e-01 5.942330325647908751e-01 5.700880110223922603e-01 -3.027409612148830309e-01
8.292429535131651264e-01 -5.700389627990998243e-01 4.718429530877197298e-01 -1.689906965091869662e-01 -1.033605234976755494e-01 -1.441311397642197623e-01 -7.212619692309034658e-01 6.739545372672899326e-01
-2.073650534245734534e-01 -1.587776561627416427e-01 4.784644557503281437e-01 -4.262676011291985922e-01 -7.941861805981906830e-01 -7.114974517458052539e-01 -6.159851353860728018e-01 -8.315973492366222075e-01
2.753717073453445519e-01 1.126879695039884055e-01 -9.683048748153941787e-01 -2.895105522347505289e-01 -6.414993188802551316e-01 -5.940807110241337341e-01 9.525401877892634150e-01 3.076360850714727757e-01
-2.881103666943922725e-01 5.195657302240697106e-01 -2.892811579210736728e-01 6.764180102244394810e-01 -6.827803832874197454e-01 1.915897613599180094e-01 4.726129693248912744e-01 -4.752526675734971562e-01
7.347132667358857727e-01 1.326222419146266152e+00 1.318560125674677952e+00 7.936664989279645921e-01 1.370832000774138804e+00 1.498668285499812569e+00 1.054649274849554397e+00 1.260594563718653527e+00
