-6.797001786001166668e-01 -4.374771997695388048e-01 3.396052050582829551e-01 -2.999299816524074735e-01 -4.984243546074571540e-01 -2.089570908568649799e-01 2.707291272409728666e-01 -4.805373268601464964e-02
5.293089057639388528e-01 -7.763786473298641688e-01 5.572549084364022409e-01 4.476714333626568010e-01 1.671003056078310678e-01 -6.010076118634299913e-01 -9.666360743077333506e-01 7.676446642943597354e-01
7.524751133416729409e-01 6.799774296745597635e-01 -5.471989381070938574e-01 3.133665084554990710e-01 -3.422775970150269131e-01 -8.739506053163759169e-01 7.211476813925048468e-01 -2.593936556953622130e-01
6.269609905712052456e-01 3.064825385352529796e-01 -2.697930850229248723e-01 9.475912932080534645e-01 -4.787312009438300375e-01 -8.253299836286018820e-01 -9.729212528115387393e-01 -8.410544435465059365e-01
-4.459287790858623701e-02 1.774626359312583279e-01 5.558580479400403451e-01 7.235609795541662059e-01 -2.193676352557385467e-01 -7.050748393971633110e-01 -7.568985798287224398e-01 -6.808843084282858449e-01
1.266955230258972609e-01 -6.788836456140379116e-01 8.857771297588288295e-01 5.476776588137155510e-01 -2.543364051054526342e-01 7.193104528356613070e-01 -7.642925657786789895e-01 7.645891227610364105e-01
-9.199905128687448919e-01 -1.489853017214248787e-02 9.388581321538318480e-01 -6.723300061609800427e-01 -3.064656729107939626e-01 4.231211790731477240e-01 1.134487040073781650e-01 8.021078937133105935e-01
1.927971443751006486e-01 -9.609394189437849843e-01 -2.369060126448112591e-01 3.285264936006626613e-01 -8.253630399852138755e-01 -5.546004134329491908e-01 6.832820310434160049e-01 -6.651686707314212743e-01
-3.129374554465202962e-01 -2.691834664891676887e-01 4.245775954038080169e-01 -8.802533435255470717e-01 6.701066817192267155e-01 -2.545236352103283917e-01 3.939858419082942209e-01 7.613160618021865833e-01
7.953891372109738178e-01 1.441581509133065042e+00 1.151596683900962148e+00 1.151598960715810804e+00 7.835792640762359040e-01 1.034170243587934968e+00 9.491525674116103595e-01 1.401243159075774791e+00
