3.367654860850304299e-01 -3.270791204631695592e-02 -4.216374466786783071e-01 2.931892970742322468e-02 3.719778679226961593e-01 9.192584836592461173e-01 2.845411519220122365e-01 6.346572654262185864e-01
-1.397291412329042526e-01 -9.662453035472351459e-01 3.605278176720800865e-01 1.565187933827987266e-01 -6.128420904052787055e-01 3.908841003218124222e-01 -4.204474205600661207e-03 -6.833234712942402034e-01
-9.267361499337758435e-01 -2.908516518634602921e-01 -8.813594315108517208e-01 -2.073183441501851298e-01 -7.147447605567589513e-01 -6.036036576005252563e-01 -8.802741666654740893e-01 5.333322882104463147e-01
-4.509397861510167083e-01 -1.801427095713061810e-01 -3.050260043609713811e-01 -3.094510921154958183e-02 -4.186350860956324915e-01 9.679762751709339863e-01 -2.738834665684433123e-01 -1.373945430989993444e-01
5.398967580684042034e-01 3.871909027958670979e-01 -6.671064806604238839e-01 8.333069488223552312e-01 3.900445135771284377e-01 -6.922535933645690420e-01 -3.405460143444383192e-01 1.352663540130640829e-01
-3.019582244448182351e-01 4.077734064326410390e-02 6.098212425691551530e-02 -8.042095538472882055e-02 -5.156232628480992286e-01 7.353384125540121108e-01 -9.883158704952843543e-02 -1.398387009333172948e-01
4.724756540768668689e-01 -5.846844955207983752e-01 -1.556701615792721594e-01 5.740073263532383674e-01 4.233185971767452482e-01 -5.565030983134433562e-02 9.617703286728758183e-01 -8.247541507340456768e-01
8.510531248029125084e-01 6.461191420625200799e-02 -9.598996041703757864e-01 -8.646138984292961460e-02 6.169553618211820467e-01 -7.103832603584743222e-01 6.549158568275121883e-01 8.962356634210713047e-01
6.268383780084680890e-01 -8.093405935820878749e-01 6.522239764735204837e-02 5.232221752038357376e-01 7.359336504366618126e-01 -9.630087782805136776e-01 -1.086706854599321925e-01 -6.893315304950742295e-01
1.129019708026299140e+00 1.236097190377433819e+00 1.145173588778580775e+00 1.107191376559670370e+00 5.579914861693299200e-01 9.842801464673169853e-01 1.083306184993073407e+00 7.101614073136885974e-01
