-9.517518594929126330e-01 -6.553279111037855209e-01 -7.884766078270228906e-01 3.008360361682118622e-01 -2.204568374415765142e-01 7.241680466245847825e-03 9.939857043037942930e-01 -9.695050513179763740e-01
2.119572947902512716e-01 7.049380519837866732e-01 7.173913087389567345e-01 2.044356224043630821e-01 -6.212441615968915531e-01 -5.836712751099926155e-01 7.832211442264209733e-01 -1.435095855938595122e-03
2.815890325401009253e-01 -7.816330902941861503e-01 -1.250242666632863653e-01 4.884897338313134441e-01 9.099085261468591312e-01 -3.915675496672181843e-01 3.272622094771329149e-01 1.259135261904260616e-01
5.202571017311361512e-01 -9.431903982992486668e-01 -2.459973901188268197e-01 8.939501650811576550e-01 9.991787548153310272e-01 3.154457935721803885e-01 2.613107395685316803e-01 -2.613355885566035486e-01
-8.731883974059657660e-01 8.546127332782600394e-01 -7.513300357003966923e-01 4.896330359694633927e-02 -8.318284273473808277e-02 4.545577115457872797e-01 9.295904307638096498e-01 -4.152809138276074563e-01
7.417522936844089809e-01 6.006187995917329214e-01 8.850232561457376246e-01 -6.967070139940698681e-01 -1.627318212913639872e-01 4.968091941822831981e-01 5.554897903624749222e-01 5.429697492252754110e-01
-8.332808227365784415e-01 -6.363499203707503327e-01 3.975468474331718127e-01 8.824450771350322853e-02 -5.373952811616020675e-01 -4.460713246430993983e-01 7.724165164710883325e-02 -7.561657627269300352e-01
6.956822107049975834e-01 8.396449293851904194e-02 -8.058614031120727716e-01 4.462817924537720859e-01 9.445498929236630925e-01 6.309412139194887637e-01 5.694706546487677823e-01 -2.318350464371057296e-01
-4.461470760400911839e-01 2.315583837995254246e-01 5.235032128241785543e-01 3.194149283728140443e-01 -3.139743810317032757e-01 1.181672018653980860e-01 -3.151824198554320500e-01 4.092462532610303683e-01
8.552868217401109474e-01 9.100795092956555088e-01 1.472655386811280387e+00 7.700413194260150584e-01 7.812305249099928961e-01 6.642901458864369779e-01 5.816324534811577740e-01 7.871659577246468142e-01
