6.202362065844977401e-01 3.353099617463246584e-01 1.827991900714107665e-01 -6.998280570245190013e-01 -3.032783738496385162e-01 -5.640510366167492684e-01 -6.650764543909344351e-01 -1.472018433255126713e-01
3.925195932413088062e-01 -5.207454200440024827e-01 7.306963856503958521e-01 -4.588131772777581663e-01 2.163879664404517733e-01 2.370566760267478479e-02 -1.004614829594208114e-01 -8.054339594576278571e-01
-9.516354890745493122e-02 -3.477751486694922178e-01 -2.165297824397154347e-01 -5.169509512330119350e-01 -6.497813934133240821e-01 3.068786047235474435e-01 5.025512197776604850e-01 2.160373173945040470e-01
-8.596699061956776244e-01 -9.941651477839446027e-01 4.586633497312808672e-03 -1.723370024876924589e-01 3.666591002561121471e-01 8.649435257596547189e-01 -9.074696332683971356e-01 4.601789297048757277e-01
-9.330748732911511301e-01 7.154196291617729297e-01 -7.759699694532962155e-02 -6.201283921416069767e-01 -4.257554937931982142e-01 -3.133858962874982446e-01 -4.226277232556809871e-01 8.414067472199258102e-01
-6.154905977930456018e-01 -1.196839645531633245e-02 -3.454532263550347260e-01 7.870930304777661313e-01 6.691647953020907202e-02 -7.388125974865431544e-01 5.555145259954699100e-01 9.937541240211118510e-01
-5.033596711701380233e-01 -1.290229766101946840e-01 5.247564258007204607e-01 5.650641391525330626e-01 -9.706864616111263722e-01 -1.432734407198639204e-01 2.383504266556712992e-01 -6.457380774586485295e-01
-4.495610273882801877e-01 -3.677694578508861056e-03 -1.747043267265324662e-01 7.221135550473691822e-01 -3.569604917804474198e-01 9.425053816973316678e-01 -1.210813326617135033e-01 1.858946561653505025e-01
-1.357207761184981987e-01 -1.993630197561511164e-01 9.312846105719236878e-01 -7.491289651915207237e-01 6.336836433701376059e-02 5.092370088494346803e-02 2.170443574028009248e-01 6.184977918868403979e-01
1.465243988138444475e+00 1.149114495048058959e+00 1.341551720029326544e+00 1.380306325612617790e+00 1.075974781691506621e+00 1.079749009990114139e+00 1.012697520583002220e+00 5.897414830769540650e-01
