-3.202026401714406223e-01 -4.608138039020137633e-02 -8.482770539936912435e-01 -2.136332898330020047e-01 4.410774895439033561e-01 4.654404235915430288e-01 -5.360956229570494891e-01 -7.025358711209024332e-01
9.204091266216938294e-01 -8.367855206095307086e-01 -7.285776363159743862e-01 -5.301741937591777365e-01 8.309015206384979813e-01 -8.052034132027958702e-01 1.496067947204164916e-01 6.719109944959722469e-01
1.115313305989154014e-01 -1.775754866235750296e-01 -8.375310629058729806e-01 2.137825834199382768e-01 -4.410284781204252269e-01 4.452101861583386277e-01 8.421191277218742499e-03 2.654706656048197999e-01
-7.843373552855266162e-01 8.241642778913020884e-01 5.575150317359618413e-01 3.314704285805261108e-01 -1.404270998199186327e-01 -5.300921021368221187e-01 2.118127213782381446e-01 -3.107277991774726189e-01
-9.356960320986476010e-01 -1.427816791903389060e-01 -6.649200089250340007e-01 5.922025711666556447e-02 7.590161577295684303e-02 4.838504052314891446e-01 7.665307523314623950e-01 1.729504453596848457e-01
-3.842471245637089083e-01 -2.737013248619661887e-01 -9.753927977596752452e-01 6.524922960788721582e-01 1.122456492323511412e-01 4.096526505581781219e-01 -8.597818615989039071e-01 -2.898626489767062164e-01
7.899698053407409049e-01 5.263646610054646402e-01 -5.159658389595762618e-01 1.596813382924611169e-02 5.893118147760958436e-01 7.637619507957642551e-01 -2.441488639440121400e-01 -4.454431237953611067e-01
-9.858273908783887762e-01 6.725417953064867227e-01 5.438961348900539505e-03 -3.119117649942440007e-01 8.366276874022249288e-02 7.478379126701355517e-01 -6.612689175010488807e-01 -9.747000416764284303e-01
-3.572259345956478871e-01 -7.761315786694567009e-02 5.191718663480784368e-01 2.690721260876327570e-02 -7.599974696856415246e-01 4.684428706280916455e-01 -2.271018607655752586e-01 -5.798337978990921737e-01
5.429213600395426109e-01 1.484199369526397749e+00 1.028396473525713173e+00 1.037816366741401541e+00 8.447971608231226170e-01 1.255064794817355001e+00 6.017727418101823655e-01 1.357592917107331765e+00
