3.559626756659222124e-01 9.435559126459915902e-01 -5.495790839969147967e-01 -1.590555134096236500e-01 3.920800043451615480e-01 -6.094141255951799341e-01 7.319385462954364208e-02 7.982931856003205873e-01
-2.969339886761985792e-01 -8.085358223416314605e-01 7.037880422854179141e-01 -7.437774806782395665e-01 -9.205681055598571305e-01 -7.775042964479068619e-01 -2.439839391521552159e-01 2.067526414509761601e-01
-8.155534144149427789e-01 5.605218277183006137e-01 -9.538680593897619353e-01 -4.675638524203757918e-01 2.643910524646142512e-02 8.041665841217682242e-02 4.106688051166580422e-01 7.392818750326917154e-01
5.130708792927209938e-01 4.388343177643785342e-01 -1.906578556128324387e-02 9.735838173252047145e-01 7.678803266394234051e-01 9.536950367533334472e-01 3.612485294361877930e-01 -4.154469834968894659e-01
7.584123956045951687e-02 -4.552313664004274951e-01 3.289738162810988964e-01 -9.051039263750522146e-01 -5.955868951232023978e-01 -1.608497736854184179e-01 -3.494813286621734072e-01 -9.609948602837967702e-01
-3.849435181544236251e-02 -7.884505508709556132e-01 -5.782156200924113421e-01 -2.901014016510865545e-01 -8.127986752178779639e-01 -6.403781960235432891e-01 7.993191636722967175e-01 8.978697327950317941e-01
-9.871100068911284886e-01 9.365285266294436362e-01 -8.997022589428507189e-01 4.134138837352505647e-01 4.094576598590424776e-01 -5.963038897716457232e-01 -1.365452562361371136e-01 -1.545198750802909693e-01
5.994435575435119734e-01 -1.146503961361897694e-01 8.887467616560509320e-01 -8.994093320067633179e-01 -8.836594499672996150e-01 -4.876496444217632842e-01 -3.889409044000999849e-01 1.091428790176478536e-01
-8.789084090891765566e-01 -5.092773081129435830e-01 -7.619439123431226424e-01 5.003724817404389125e-01 2.576043165691890291e-01 8.874029635891365064e-01 -4.646226441598726442e-01 -6.019699211746385448e-01
5.000746960790334317e-01 1.476865355364007648e+00 1.480400331869133668e+00 6.674739789447040605e-01 8.155847542237585346e-01 8.913788212809956590e-01 1.172325719411362765e+00 1.237919823552884324e+00
