-8.153601563182300005e-02 2.020181756473959922e-02 3.570581637379799389e-02 -6.868144502163098242e-01 7.832664459339622187e-01 -7.048318573183629532e-01 -9.109073645468432900e-01 -5.305159353772253006e-01
6.207630576811511425e-01 3.334622665857442936e-01 -8.330968331335841803e-02 -1.754753846736540890e-01 -5.368485048616198352e-01 -1.879209653846269923e-02 2.433355877307796789e-02 9.562704168707669705e-01
-8.324403442521142171e-01 4.814239545776666240e-02 5.986310596881530000e-01 2.434156128743434344e-01 7.823897905573862221e-01 4.684075913205556496e-01 4.894161176182052486e-01 -4.210132398043198165e-01
-7.826729296089229848e-01 -4.794991187860815351e-01 -5.929252148339614337e-03 5.814603371688515931e-01 -3.140472196884487310e-01 -7.167834096631997554e-01 9.183295618083369138e-01 4.676505216640998164e-01
-4.857587959645390807e-01 -4.217812100005422504e-01 9.053356151673321861e-01 -2.650464551184366080e-01 -3.186119287118962529e-01 8.646700137727127977e-01 -7.862866806975110645e-01 7.838547373045801070e-01
5.423061585556330222e-01 -5.863528699608320238e-01 -4.480249803273617104e-01 5.605859270579378606e-01 -4.072584952986835205e-02 -8.393727302511855282e-01 -3.517958701311649783e-01 8.029611945304748755e-01
9.942283129294160471e-01 -4.608899924720866181e-01 -5.823519066990061610e-01 -6.976131957545501638e-01 -1.751361940758640046e-01 -5.067522471522372118e-01 -6.613424056068097912e-01 -4.617176273635685835e-01
6.744087749371960872e-01 -4.384737751533429595e-01 -5.966027341918176408e-01 2.652589534673985838e-01 8.871523584667966311e-01 -4.189601502631279395e-02 8.542911862898308062e-01 1.896956736817929645e-01
-5.974260291887083518e-01 4.944431299160909621e-01 -6.500152023375789234e-01 3.059266674486726956e-02 4.341333458862119965e-01 -4.205046362997608700e-01 4.743317421682475832e-01 9.717551083509525789e-01
1.099569201676000141e+00 1.223673054962122642e+00 6.379511863536408978e-01 1.381687695245602310e+00 1.181552812196457580e+00 7.245059132932186730e-01 1.406768366850880803e+00 1.443231071677947286e+00
