-7.565228067999019146e-01 -5.631089169773777492e-01 -5.685501695857952953e-01 -1.070637866798860305e-01 1.516982853924755403e-01 -1.543401192037234804e-01 -7.885674541154406025e-01 3.721444958107897882e-01
8.407675302273700524e-01 2.711211987864197148e-01 1.096094549537838247e-01 6.927522608295628714e-01 9.780212765870668346e-01 -2.480403923610667860e-01 1.482794202155677254e-01 -4.609575217676007419e-01
5.208425707124666459e-01 1.191621779334040010e-01 6.759217468620020153e-01 -1.221938958793500341e-02 -9.496694390090085758e-01 4.360042336580005617e-01 5.457026160528077874e-01 -2.640540450331014810e-01
-8.044743406831960097e-01 9.373606049780449645e-01 1.226403726159011054e-01 -9.125958596330521200e-01 -4.721652879678983616e-02 1.388141236535187506e-01 4.543391553588054244e-01 -1.545813432411140553e-01
2.745107486914224459e-01 9.331150362280749011e-01 -3.714406867689357128e-02 6.718206633807313199e-01 -9.642351854881372475e-01 -5.929389373416207309e-01 -3.913158054326879576e-01 -9.247172439420496826e-01
1.061761052028669106e-01 3.455670670014883150e-01 6.341434812402979571e-01 4.878796856853109265e-01 7.488312570771498144e-01 4.453519426977841089e-01 9.102407695776320029e-01 5.986403338421064646e-02
9.109424859751105163e-01 1.015762810665490345e-01 -7.424218683808285757e-01 -8.794250669951964028e-01 -7.782651217892155859e-01 9.978561921222444120e-01 -3.861277647141079239e-01 -5.467692650116793285e-01
-4.964909613346781825e-01 5.905975234564331267e-01 4.153000002048743422e-01 9.569590619522223562e-01 -9.953877676126297036e-01 -4.043889353892762273e-01 -3.374780710609377454e-01 -9.491094913393054444e-01
-7.493472264032958741e-01 3.086057744743901932e-01 -9.467507595610085147e-01 -7.539111261190152291e-01 -2.793552685590974249e-01 9.193489386619391190e-02 7.150770000325932241e-01 2.164029586579736542e-01
8.454514490892969247e-01 1.129693158766099881e+00 1.139006497232250226e+00 5.259153900539333959e-01 1.028518584769912536e+00 1.215405038800510429e+00 6.427343871292284794e-01 5.904307417648336775e-01
