5.875606877138574990e-01 2.538427476183706677e-01 3.291900874585607095e-01 6.955607003550541290e-01 4.493395629006453618e-01 -9.341101732944188107e-01 7.548700940258616932e-01 4.567788048558223402e-01
-5.865233721866403016e-02 8.323910155951079748e-01 -5.679283005102531146e-01 -7.633578850088151846e-02 8.839678359251672557e-01 4.932639519022405938e-01 -3.525057105128290846e-01 -1.200101616900948187e-01
2.305966859681363168e-01 -3.733822385874652205e-01 -7.372450762703020022e-01 -7.071829349078322391e-01 -7.802409770150002810e-01 -4.324704589106711516e-01 7.422590449696049308e-01 8.030675209628967970e-02
6.017013242430324649e-01 -3.202377341801154742e-02 -1.300044324131504059e-01 -9.954516102376469444e-01 2.584191664395614207e-01 1.508672437295706104e-01 7.639390485497041805e-01 9.065400047454836852e-01
-1.288812880524559112e-01 -2.022146085837199792e-01 -8.366615876836147603e-01 -3.153738936277055149e-01 6.641292212370011327e-01 -6.157816292265239078e-01 -4.134026318117369758e-01 -9.807540057605002026e-01
-1.326976572067399829e-01 -1.900552835649826910e-02 -9.244821915363183873e-01 -5.031395770504543119e-01 9.429073947035937486e-02 7.890449453650580924e-01 -5.569158311211137580e-01 8.233570048477756309e-02
-6.962948444405216986e-01 -2.812877925768157983e-01 2.765204919665587013e-03 9.308306977394638082e-01 2.144062859375732710e-01 6.988695012996484213e-01 -1.177100300502349484e-01 3.875889404297894192e-01
-3.959129197474993145e-01 -3.691387980538383129e-01 2.340419469161660881e-01 5.227882692737189085e-01 9.543702665721927048e-01 -3.725866589023731912e-01 4.844166482756318004e-03 -4.911378102053531869e-01
3.532095773892773849e-01 1.986016671563404223e-01 8.466288173179647991e-02 1.913797945486905849e-01 3.829582458350500040e-02 -5.512804158152730949e-01 -9.624497229511594920e-01 6.212379823835996184e-01
9.979902141846348496e-01 1.132048944004361957e+00 9.933811008330628578e-01 8.316212157137374827e-01 1.060589514370897213e+00 6.340019297429088097e-01 7.835995262377947190e-01 8.505105819564459102e-01
