6.534083554737888377e-01 -9.175914053838765128e-01 9.688225186505217135e-01 4.556283563437801831e-01 4.134436629730344759e-01 4.873002742598433468e-01 6.130055734126480527e-01 -7.681573811633291005e-01
8.692177797232818470e-01 2.250671280231801852e-01 -7.164286885185022768e-01 -8.757665297811927374e-01 5.995362453859482965e-01 -2.516912376319391242e-01 -3.608597077330846226e-01 -1.095720274290650220e-01
2.389437650647974198e-01 8.006659139282539250e-01 -4.411915497322207447e-01 5.550495262168568811e-01 3.180419934522504821e-01 -4.381970169407403137e-01 -5.809214298444060898e-01 7.627540988957424162e-01
9.574249380190320569e-01 -3.659558185106035477e-01 -2.458637836698782664e-01 7.020597010064739685e-01 2.151970284542503720e-01 3.179192882663417485e-02 9.612647178683455529e-01 -5.313806058957777356e-01
6.458938967481708815e-01 9.212130449085975670e-01 -7.393195679204283000e-01 -2.531540009608224118e-02 -8.602640930672424968e-01 -3.218141688415239177e-01 4.839984444987961432e-01 -5.794470569954952577e-01
1.640199304892859811e-01 6.904442974546636247e-01 8.969466134894972242e-01 -6.212444056539003778e-01 7.466444868399668700e-02 -1.573582265306545658e-01 4.081142395149295332e-02 -8.765550142572773318e-01
5.617763559772379622e-01 1.446771817268310834e-02 3.023842421164146810e-01 -9.249132905852230913e-01 -7.327711787785937680e-01 6.088706808729522635e-01 -2.696508076152293043e-01 -9.364222223946079282e-01
3.008425519054775954e-01 9.419534111477430027e-01 -1.811992035857223904e-02 1.030640128147373158e-01 -3.216850140472875541e-01 -1.296742975846592039e-01 -1.254093968281373428e-01 8.961616536082168682e-01
3.557904278990231539e-01 1.418016389996719084e-01 -2.114100487279213514e-01 -6.944196607711028424e-01 -1.044780101085671653e-01 -9.890066454623618331e-01 -4.903426172070413092e-01 2.712285288009836925e-01
1.451102119332594587e+00 1.472877472783215680e+00 5.639723538013043935e-01 1.173081189183031503e+00 1.104075454589694694e+00 9.921397408632904868e-01 5.766797357126050017e-01 1.440393358310470884e+00
