6.531442910732960794e-01 2.856299031600391114e-01 -5.450022446370406115e-02 1.408851293758939249e-02 8.835735565295665950e-02 9.397384058388646988e-01 1.097728533854978039e-01 9.998907564122756497e-01
4.984760053254151391e-01 -5.372875444308788939e-01 -4.379964008538308473e-01 6.507623542350664536e-01 -9.456005220917793608e-01 7.908993933441867963e-01 6.322041518253835868e-01 -7.469504381982385866e-01
-8.877155295984182626e-01 -6.209887452258122664e-02 -5.739938248478626548e-02 7.566747878526143278e-01 -6.395677261707284345e-01 -2.757019999943157718e-01 9.089768044686141746e-01 -6.095464699475501291e-01
-4.372725017595850971e-01 -9.237230745803570731e-01 -1.513766122525210811e-01 5.641424568487771740e-01 -1.343079964555049521e-02 6.053961581643705347e-01 -3.294245438937644099e-01 1.063431493044213472e-01
-4.208584442484986088e-01 -1.456713463583152457e-01 -1.565272278302909381e-01 5.131164565040426950e-01 -1.481668698207669888e-01 -1.495167428322126124e-01 -3.410300808406336870e-01 7.998256989813530282e-01
-1.856482908347278915e-01 9.512026667798543222e-01 2.513183429181222728e-01 -2.868290617451809688e-01 -7.070702388835896635e-01 4.796553679831039307e-01 8.582909734506194432e-01 -5.637002176771277462e-01
6.626174003970572990e-01 -3.822179149821236521e-01 -3.671485547331405641e-01 5.517712658207665211e-01 -2.923558555930763081e-01 -4.104945638065442548e-01 5.572139560232061140e-01 5.636612249825212473e-01
7.283190012469031860e-01 -4.953808991178250132e-01 -3.110013783503480234e-01 -8.446539008713040975e-01 9.232030295309814338e-01 -8.614054057591951086e-01 2.124688269660861550e-01 1.418667709917553754e-01
-2.892925862964186301e-01 9.871762002995760898e-01 6.210591745910420958e-01 9.656962598113787433e-01 7.922282617665619142e-01 4.445614318605677351e-01 8.393854533256044359e-01 7.535578578030357466e-01
5.202166796756908518e-01 1.318919383269361534e+00 1.439538952074414624e+00 6.540964022364706976e-01 1.066267612411949450e+00 1.016896114670776452e+00 8.496218839323224081e-01 9.416019941718704045e-01
