-4.015243525648788392e-01 -2.261222293612934475e-01 3.115906371006627040e-02 -9.343289222833925933e-01 2.836498254092374438e-01 1.384549749163517252e-01 -3.628164490608905002e-01 3.756268662512864953e-01
5.713362623489643966e-01 -8.220779175558581287e-01 -1.549817328229061708e-01 -4.328062673460619791e-02 -6.821260047061938891e-02 -6.588989578433310790e-01 -4.615808222958073248e-01 8.331376629755693486e-02
-8.337589842962178643e-02 2.260589742713337014e-01 6.895057408680047573e-01 5.438991378187127967e-01 -3.526076315252979487e-01 -6.393148720690622344e-01 -4.932590479324352462e-01 9.185498714828530531e-01
-2.576918539816634990e-01 -8.720008990434200413e-01 -1.883280346395110882e-02 -8.947901449300676990e-01 3.655269383416470674e-01 4.706572520695913031e-01 4.480206043121786053e-01 -4.188866644388458127e-01
7.717671279121813832e-01 -3.702690455410189152e-01 -3.994401462542445103e-01 2.251879845026887317e-01 -1.764862749093569771e-01 1.053604571607857920e-02 6.371728556397311394e-01 -9.517102363410845367e-01
3.834687110268439891e-01 -3.862004180028706379e-01 -9.708534660676220174e-01 -5.327688637055749687e-02 3.570053680649056815e-01 2.015526281394373065e-01 -4.365829073164213536e-01 -9.549265992933215763e-01
8.007188557145761276e-01 5.354083836549941022e-01 -2.473065616584588788e-01 -5.505235667609214012e-01 4.484552753973360950e-01 4.402730939431906965e-01 -9.022594278291993231e-01 -5.377525603292281353e-01
8.581080521542716610e-01 -5.048877548185608521e-01 -3.732389290337143617e-01 -5.170587396156789417e-01 -7.551162560400797030e-01 9.309064372749351612e-01 6.378944194702427239e-01 7.738763958187431236e-01
1.965889401966707251e-01 -8.253331133299213196e-01 1.853869138684698381e-01 3.138615425927473446e-01 8.765023515830119294e-01 -3.577966720266727574e-01 -2.581312221075451330e-01 -9.836600091008274038e-01
7.535617056613147513e-01 9.835196214447732288e-01 8.749732161505160422e-01 5.049633702950140357e-01 5.080557369538868384e-01 1.343737252316809183e+00 7.549140398648150896e-01 8.940055100703269142e-01
