7.428876617029867013e-02 -2.901911108864034805e-01 -3.926597270287317532e-01 2.265387637148572608e-01 -5.393043057984820976e-01 6.347108731453863228e-01 8.595965180862927824e-01 1.524317101484073955e-01
-7.421639462596696379e-01 -6.199393904514043374e-01 2.575646528524444534e-02 8.012578752011538796e-01 6.636440972299684216e-01 7.681285785552884882e-01 -5.485207955321707018e-01 -9.119046745301573331e-01
-7.919858825253434098e-02 8.606195231473610097e-01 -8.365926207644842627e-01 6.186483197798511302e-01 -7.978904894835658901e-01 6.336650673241623899e-01 -3.100050492101580346e-01 -9.614744028071144921e-01
5.766074082538277246e-01 -9.172822670679130486e-01 7.788329730234038184e-01 -5.134344320023582764e-01 -5.416718416528447655e-01 -2.082014797735274314e-01 -6.757733506972383175e-01 -6.595014361067637054e-01
-7.779623643640773967e-01 -3.798918185186956897e-01 9.980269812616848757e-01 9.722628461764100116e-01 -2.641841253074983520e-01 3.593389413158241119e-01 -1.036685367229039922e-01 9.556722823884391538e-01
2.099204275157589006e-01 1.588906805664951349e-01 6.569379772186576538e-01 9.934752056146720633e-01 -3.070980998420009822e-01 5.482902991739329046e-01 -6.755596401225958392e-01 -3.188688569553461694e-01
-6.156482219039567383e-01 4.345969844837516138e-01 1.709222625455217859e-01 9.095103227841254689e-01 5.887367128019078688e-01 -5.060191313052984086e-01 -4.755478204009246923e-01 -6.020824027121156607e-01
-9.248694737202023397e-02 8.074690698260811317e-02 -9.366816172586482914e-01 6.609137816159593726e-01 -7.344603309901511778e-01 -5.818293663333329313e-01 -7.764863089212137304e-02 2.423842560788844747e-01
9.843233411654903620e-01 9.941180081864835483e-01 -1.442264882735895259e-01 4.040262780160954748e-01 -7.170780692468152751e-01 -5.142248411438377076e-02 2.623063663110254407e-01 -9.533945574767652698e-01
1.230653396359646434e+00 7.330985840294842459e-01 6.595109888529614439e-01 1.289487902044533119e+00 1.457349731710520402e+00 1.331058741504427934e+00 6.497930534688471926e-01 5.085228532710472926e-01
