-7.035074851064833101e-01 -1.974768756326694685e-02 -3.709733035490145880e-01 5.467875662275356596e-02 -7.156920680030720572e-01 8.999126353494770747e-01 8.746234479679670937e-01 -5.514838566298123634e-01
-7.216103555528607938e-01 9.584538095942625180e-01 6.995154072306086768e-02 -7.787217024915285002e-01 -9.562183452112873461e-01 4.059526584813855088e-01 -6.926607761420222609e-02 8.820218334121465720e-01
2.272428858026704912e-01 6.320860110135655408e-01 -3.324094420834267094e-01 6.210928683118386306e-01 -2.239920710689371486e-01 7.658537223834176455e-01 -6.516956263740805166e-01 4.988263492592239778e-01
8.125358525259378517e-01 -7.313121446580752583e-01 -7.953458024928687919e-01 -2.664425212033887380e-01 -4.548953006055711512e-01 -4.269276528826329020e-01 5.045387772009746197e-01 7.341104652362051564e-01
3.754429466909978697e-01 -8.806149781007659438e-01 -4.006499429686232183e-01 -6.128926666267573431e-01 -4.348374197504336625e-01 4.992970083091923250e-01 8.954258107155068647e-01 1.075687733443826399e-01
5.344958419441798725e-01 3.545633749648589017e-01 -8.163503488756707061e-01 7.887883887642963554e-01 -4.675636843288217825e-01 4.027309248945687425e-01 8.536662657158291534e-01 -1.127459640993626611e-01
8.226521075580135456e-01 5.648586129189843152e-01 7.002423351143280961e-01 5.626695973982109855e-02 -7.317904621685329403e-01 -2.738807415687001257e-01 3.256661941476135524e-01 6.825699011564152485e-01
2.438945742917770776e-01 8.400628702354140387e-02 9.646507921914457828e-01 -4.049266118407788273e-01 7.050799959286622176e-01 -8.468112376886656190e-01 1.549357740233123781e-01 3.002837221144221136e-01
-5.526906817349255263e-01 -9.708229041472271614e-01 4.765937660549917076e-01 1.091645172731277036e-01 -3.417705056821234155e-01 2.347425715413675729e-01 1.545264734614610891e-01 1.626712349864991580e-01
1.183505441879204367e+00 5.650020921284728548e-01 1.333901006911394127e+00 1.394416608767322874e+00 8.672509555859158059e-01 1.334842916774470867e+00 6.004899742399432139e-01 9.144561213279301937e-01
