7.787425943972505760e-01 -8.574764194377304527e-01 3.494214016328089922e-01 -7.149226157699322126e-01 2.129195977655415906e-01 4.228430760914068109e-01 -4.327484341643847987e-01 -3.389936942717921564e-01
-8.020324902975735082e-01 7.805355729067131598e-01 3.465383923440299441e-01 1.106789261806979674e-01 7.788475478363239279e-01 1.335941391601871420e-01 6.713573527348151160e-01 2.641180844923756155e-01
-7.905519197042834012e-01 9.777621340330837629e-01 -9.753766735583953018e-01 7.217870658393257255e-01 8.958678582690562386e-01 5.566412362956030258e-01 8.361760616673665769e-01 4.891253530499821700e-01
-1.492425111158071083e-01 8.877052662816005135e-01 -5.703262622784988078e-01 8.969926780235035757e-01 7.560497822202809637e-01 7.245057216226027386e-01 -7.798912966487334675e-01 3.259160741154978336e-01
-8.626194271151943482e-01 -9.218641489887053897e-01 -9.710194915211558531e-01 -9.613727973887369327e-01 3.116330392283108708e-01 -7.783971915985588019e-01 -4.893258273310916451e-01 2.386584328568099878e-01
3.008014089623789467e-02 -6.736319480256036663e-02 8.523343518869479496e-01 5.031810233063982452e-01 8.002783928738699259e-02 2.914501992800817565e-01 6.084584068403671164e-01 -2.751051113818578919e-01
4.244729131829183544e-02 3.920262752782972537e-01 -6.664075025169795552e-01 2.677394795059828692e-01 -8.918940040710285899e-01 -9.356551228757983285e-01 5.155050734839692339e-01 9.360631790623201720e-01
1.849609878776981020e-02 -4.039232445560987372e-01 -2.538350050617270703e-01 5.446111906547823622e-01 7.996948938149253117e-01 6.109335460945932716e-01 -7.025003716611599724e-01 -2.563278791333800655e-02
5.174626208993198251e-01 4.265071246458007614e-02 7.406183998161748328e-01 9.147666919364680904e-01 -5.502742497159383017e-01 -8.471909599907410104e-01 7.931954834133061460e-01 9.379773973976632817e-01
5.336815827744957330e-01 5.438199267301462303e-01 5.758323163988383619e-01 1.009285951647067137e+00 5.185161368838885343e-01 1.480357188787672751e+00 6.777408320358943028e-01 6.821730881080583231e-01
