8.271712879489463432e-01 7.681423745577131701e-01 4.419659020320487741e-03 -6.983478165871317422e-01 1.288789686958951020e-01 8.098490001104643454e-01 9.725273204333997334e-01 6.781241345765898210e-01
-2.782807496915196133e-01 -6.623091873410684727e-01 -8.356269208829048001e-01 -6.618269445155156028e-01 -9.696013292638194780e-01 -4.414903583803042597e-01 -5.709646522159708137e-01 9.676868075189237750e-02
5.670465376836564264e-01 -5.203194159830606402e-01 -2.217138084734200376e-01 3.979749210476368759e-01 -8.090209022957615126e-01 1.960878848788236706e-01 8.854098617473056265e-01 -8.501508244973674522e-01
8.785255528520130586e-01 2.881113519644613596e-01 1.028196664407625693e-01 1.024049759343230726e-01 6.996070920723405084e-01 8.293647487754016723e-01 -7.595129014788497557e-01 -4.991935614671649812e-01
3.595697744175383459e-01 7.716830548242694654e-01 8.490597298733251197e-01 -3.377465447617900018e-01 -5.474321993521833463e-01 -1.290924033669396120e-01 4.992799205231643889e-01 -9.400713562597584616e-01
-3.766269527425070152e-02 -8.568438318831295142e-01 -1.180338625983075040e-01 5.550848838838189359e-01 -9.853909298229768243e-01 8.462302403829222719e-01 -9.093708141153684643e-01 -7.245603647968772432e-01
5.627763129099214723e-01 -8.370964225324535324e-01 -7.742459367617537946e-01 6.609959996159984197e-01 7.990430741057079622e-01 2.860985007324876594e-01 5.345735456610591907e-01 9.926301675085595910e-01
-6.295048604762998323e-02 5.203534008951651302e-01 -6.707828470954031452e-01 -2.676209989698286051e-01 -5.122191681492958004e-01 -1.889021351494448719e-01 8.203267390506367995e-01 -6.892811011890433992e-01
9.792446807132495490e-01 -5.045853404399496256e-01 -6.091463547466626771e-01 6.510247928524977024e-01 6.013933460333393821e-01 8.659963923533420260e-01 -8.174994313101602295e-01 -1.306316482097562570e-01
1.123529841060410650e+00 8.034855811337060505e-01 6.901129627336981542e-01 1.108232808450073659e+00 1.260169904515223482e+00 7.438883146595797191e-01 8.902082910350794798e-01 9.021568408990666699e-01
