1.412723612062396494e-01 -8.571560635343962176e-01 -7.302550971619385933e-01 -7.495136711130940821e-01 6.768753617557425883e-01 5.009971607170937702e-02 6.754762150619209038e-01 -8.247593260682795080e-01
8.070227010811945600e-01 -8.042160410888967714e-01 -2.786411971409874511e-02 -3.607268781918351319e-01 7.572342777519485146e-01 6.105068910643360880e-01 -1.049007294802670742e-01 6.626001189047190376e-01
5.123235193909350116e-01 -4.384748194769005902e-01 -4.799982615180826695e-01 1.594328051761009224e-01 2.452206795099947101e-01 1.362532766699275921e-01 3.195562054438876309e-01 -8.764039614420957580e-01
-9.514491484670484223e-01 4.722161594892113623e-01 -2.366165366484589416e-01 -6.426748295187640903e-01 -3.300497044297929783e-01 5.882157821157567579e-01 -1.594612820267715669e-01 5.098307054354447310e-01
-5.075556249974011447e-01 5.589807871441074827e-01 -9.645610141509877167e-01 -8.798362112076876240e-01 -4.321221327779156685e-01 2.331798592788163482e-01 -9.020474277872312374e-01 -9.307315529591719816e-01
-1.959888773771090165e-02 -6.302782790289171988e-01 -7.350369783626797826e-01 -6.698220767932656639e-01 1.415916439283517736e-01 1.079859566933789594e-01 -1.595631001625226197e-01 -9.366759464845468841e-01
-7.276506403803271184e-01 -6.365139129531849349e-01 5.778398616106850127e-03 7.333759422656072058e-01 -7.802741512814792557e-03 8.468366958136082090e-01 4.363392822755240985e-01 -3.228531836046433234e-02
-2.140363460123069217e-01 -5.848822096543191407e-01 -5.334498466098500646e-01 -3.066994376993985583e-01 3.947514684510593508e-01 2.048397855838257620e-01 -1.522090471374593079e-02 -4.783893192991570675e-01
8.747818970939513772e-01 -9.331136028123303561e-01 9.274453759302532241e-01 -2.536826380101027123e-01 -2.084964337122967581e-01 -5.317349126262611581e-01 3.281807555136813104e-01 -8.003082982219109631e-01
1.189105281228721056e+00 7.427549740308758697e-01 5.024336378066435183e-01 1.373696574475179455e+00 1.362077563172884531e+00 1.024742718752163828e+00 1.192090850254240664e+00 6.196068244053152263e-01
