-1.035726260600566828e-01 -1.506663850070084631e-01 -4.544544586617009774e-01 2.075984983151535346e-02 -6.823578054813936866e-01 -7.750166794702859629e-01 8.778216603305872834e-01 4.346238760761917952e-01
7.073853455802237011e-01 -1.697872280685814861e-01 -2.144558137192189573e-01 -6.701785038366376845e-01 -1.339003867486345811e-01 -8.774034248562305738e-01 -6.401212739313684175e-01 3.751156815514240517e-01
4.576366125747979297e-01 9.659267850858517246e-01 3.001224505328523584e-01 4.464152045347884457e-01 1.836231582020777520e-01 -7.087510343923626444e-01 5.721759756108095729e-01 5.766725980924045647e-01
-3.587523640190959373e-01 1.824286824102174798e-01 -8.496958969610237666e-01 -2.601477164893755134e-01 5.171222600498344146e-01 -7.846843245304320202e-01 4.074087725823458683e-01 5.884837358742387448e-01
-5.611816494327492855e-01 -3.616016212112589390e-01 6.080533227562743281e-01 -4.481540176291152200e-01 -6.257698168498893043e-01 -7.597610549553879267e-01 -6.404678265766288181e-01 3.879587915040105806e-02
3.816266563549903790e-01 8.890298584395894821e-02 3.996867847416458730e-01 1.082625312023033359e-01 -1.965084561621772696e-01 7.106895999539386555e-01 6.129945990475564876e-01 8.187881720343415104e-01
7.073903141548096851e-01 -6.989024628394220340e-01 -4.197994584050404043e-01 -6.219563539430241761e-01 3.166773777176610238e-01 -7.222977776284305040e-01 -2.810972519270937831e-01 -6.911842402170427224e-01
4.184628597216806245e-01 7.514156610191233820e-01 -5.783855520347038759e-01 -2.060890007936637680e-01 2.225078001794278393e-01 7.422623298528816527e-01 -4.319987606879736042e-01 9.546791178001796663e-01
5.770553275331251619e-01 -1.753474206895175858e-01 2.340327880324000187e-01 9.118346461296180649e-01 -9.835708409300181199e-01 9.313683024438905722e-01 6.208007653577607421e-02 -1.906391519122621059e-01
8.773866768130955673e-01 1.383700950038171174e+00 5.480781128126245294e-01 1.167905813332002829e+00 1.492532490768220033e+00 1.136101662730780060e+00 7.107614933513011213e-01 8.630962437367333262e-01
