-4.057270713972442877e-01 8.835743738364110200e-02 5.171612915525616305e-01 1.717391270061985331e-02 5.278263830785843158e-01 -1.931670228370581111e-01 2.950579313001513437e-01 -9.074216780012389627e-01
7.816975541959436669e-01 6.342618643391171318e-01 3.440102482328708522e-01 5.257405545054127938e-01 -5.196860704652213059e-01 7.539865040462434553e-01 7.334801651454325722e-01 -5.049015543551711449e-01
-5.499966831716414095e-01 -4.342419512483626232e-01 -5.348329361478720845e-01 6.496216200561677478e-01 1.678784246120823553e-02 7.265894168240847328e-01 -3.774312081208310854e-01 9.495770641146152879e-01
8.545590944990282267e-01 -2.134205920458320804e-02 -7.779501960663577353e-01 -4.392756593321922587e-02 2.025675807397668837e-01 -6.432219361947599801e-02 6.731636419872333299e-02 4.636955478896134242e-01
-1.550201126102015436e-01 -1.093844895735529565e-01 6.457128684005850605e-01 4.560009664397701723e-01 -8.988501398160611000e-01 6.879207206652571127e-01 -1.273864710359196017e-02 3.450341267949670332e-01
2.133958797206481073e-01 -9.733458161236807626e-01 8.870342488662874558e-01 8.984964447603360771e-01 -3.552019444941751924e-01 -3.531046640730473030e-02 -7.809799680655165055e-01 -7.400396320675581840e-01
-7.467229365342915592e-01 2.699729719303822773e-01 -8.897862634946913651e-01 -3.794667897416197366e-01 -8.962999961012181327e-01 8.329168802130579863e-01 9.449156974100858530e-01 -4.253552502357855758e-01
1.655265700318184763e-01 -7.444129226419820000e-01 2.321111557251698265e-02 -9.054389055753784277e-01 1.050327666076087407e-01 -6.422204242585813905e-01 -3.295080620173718167e-02 -2.122005194106262316e-01
8.929828377319168897e-01 -2.779592540468454054e-01 -7.048632105504670786e-01 -3.252622990435076744e-01 7.149555515907888292e-01 5.082514484797504561e-01 2.162282992994046804e-01 3.386071892282149776e-02
6.235416128311155326e-01 7.466727881816170864e-01 1.116179011512799857e+00 1.005495333236814837e+00 7.118471820281071505e-01 1.073123835762770373e+00 6.352711752435213910e-01 1.486826774775829030e+00
