-4.543071741660487106e-01 -8.342977926400241273e-01 2.725157893906020590e-01 1.443167471735475882e-01 1.734030176715319893e-01 -5.947503135883036585e-01 -2.637136958573964574e-01 -9.836562141018263539e-01
-6.206836073503496642e-02 -8.292262465598732035e-02 -9.848712303976447924e-01 -7.426763434976990652e-01 6.208848870289940258e-01 -2.256768048224544465e-02 9.711466901485914516e-01 -3.345884505149918642e-01
3.092735580190029143e-01 -9.737565849334914869e-01 1.822235377579835003e-01 -9.226908287605284364e-01 8.222085449509330957e-01 -6.492848306270124770e-01 -2.006000341053288949e-01 -3.919827399245572330e-01
-6.634903391024578045e-01 1.946350061295107903e-01 8.813811346460971308e-01 1.871034022840680766e-01 2.124898808382906790e-01 -3.355308901514195696e-01 -9.024085545795399455e-01 5.916727721378922666e-01
-7.589107155520329329e-01 7.336104014500448578e-01 -6.842747378154259152e-01 2.817722486641565105e-01 2.575659888457413338e-01 -5.340716099449780430e-01 -7.666227437004982104e-01 -4.681258903462288679e-01
8.980441258373066393e-01 7.370207856960311332e-01 3.725000710268813187e-01 9.558426169949951756e-02 9.659234921743291569e-01 5.554892595957352519e-01 1.268336463360011379e-01 4.657975379469880828e-02
6.150824778464829556e-01 -3.549923995869197491e-01 3.443672057715927437e-01 -9.098010222728314389e-02 -1.688922255659592864e-01 7.624096987468576003e-01 -9.822667932290904957e-01 -2.847623483895977969e-01
4.424612777892533710e-01 -3.166155115415636434e-01 -1.554368244899257956e-01 -7.040146744276292168e-01 1.480641130477333700e-01 -7.756139849326491031e-01 -4.700197555006571104e-01 1.827148088121783864e-01
-1.928762524019747016e-01 6.002412167467625626e-01 2.578338723287252332e-01 2.765827518363304094e-01 -8.884576653551186087e-01 -2.858899809440291762e-01 7.558680484215252182e-01 -9.297606011399743853e-01
6.154269908074181394e-01 1.052163979964142015e+00 8.705440368717703992e-01 8.236854968913649433e-01 9.117070757496805733e-01 7.657378489663915211e-01 1.006230887847111122e+00 5.553858696854350185e-01
