5.130017308757339745e-01 7.047372774958413633e-01 -3.633277791588371830e-01 6.729108792212310508e-01 -2.041104829012603261e-01 3.758221588314036854e-01 4.002398076965136831e-01 8.661937624348339249e-01
-9.041903249672691434e-01 8.268115612111375246e-01 -3.434786668570879442e-01 4.509393894137234682e-01 2.477596507322625818e-01 2.211393615399348533e-03 -1.194102332892306162e-01 -7.436442214805709661e-01
-7.639101025935757239e-01 -1.349227732578426320e-01 -6.086277557326491561e-03 -9.983236312193999318e-01 -4.879068143324172269e-04 -4.168084454585452292e-02 -1.041198472803894770e-01 3.573768234229899310e-01
1.123197027540849824e-01 1.195109868226886807e-01 -8.818233962229917733e-01 8.797536600572575249e-01 3.010485193580194618e-01 8.694755267107840968e-01 -8.655760042573246160e-02 4.722754803639730437e-01
9.840604631618226072e-01 -3.696371540562164437e-01 2.693316570387145337e-01 1.801688684096600657e-01 -4.290008359314942954e-01 -6.457114364100020598e-01 3.672353337008409380e-01 9.778140495311631319e-01
6.463587873178706644e-01 -9.204132350611735625e-01 5.008333558529771690e-01 1.389402220013598033e-01 4.633706602384946027e-01 4.484076446873017652e-01 -1.447863836782921076e-01 -2.690843624557037739e-01
8.011444363024731175e-01 4.191692559936162077e-01 -2.472866014679824254e-01 -6.066552147013750673e-01 -6.991759774899612978e-01 -3.433910544077471982e-01 7.479241759868959782e-02 5.987870226873222013e-01
-8.092855539084866656e-01 4.194209781859936648e-02 6.044970358207064631e-01 5.107156693365273448e-01 -1.619481151759880611e-01 -4.155316454896840206e-01 -6.103930775918353646e-02 5.987408263409266240e-02
8.396803324793420398e-01 -4.514417583662533318e-02 -3.781367042413050772e-01 -3.339777897655422656e-01 -5.738769459198729272e-01 -2.945733761293585218e-01 3.993280999805062237e-01 -9.148914924476065913e-01
1.444055180042385977e+00 1.270382049083200293e+00 5.387302264374815852e-01 6.506525113103640567e-01 8.720257017003146816e-01 6.616993904097963064e-01 5.940084244922804180e-01 1.128408331634346951e+00
