-2.163292882046428112e-01 7.358939860132918120e-02 -7.923767488063149234e-01 -5.571154324621008236e-01 9.704458273782285982e-01 -3.307351706702885696e-01 -5.481702499142591112e-01 -5.416366366329383730e-01
-1.731841657694299652e-01 8.686651171959745010e-01 2.631851357282990467e-01 -2.331663297022155135e-01 6.332042357338287797e-01 2.545676919038619701e-02 5.019875355865712763e-01 -5.414714465372791885e-01
-2.620076819543444291e-01 4.135978327624865170e-01 -9.367296975992263075e-01 4.563012866073177243e-01 7.002961312065767441e-01 3.533206484376409939e-01 -9.972221918183916678e-01 -5.136220108882822988e-01
-6.745069583638954036e-01 2.873009682241622897e-02 2.864405484913778999e-02 4.147584122927259198e-01 -9.646911763601095924e-01 -2.823209266950819085e-01 6.513690621736571984e-01 2.450207524059555553e-03
4.240976821857043166e-01 -3.111900654825965340e-01 5.702831520232520823e-01 5.028652538119593451e-01 -9.095613825349266879e-01 5.941565931630170549e-01 -6.979638176303282204e-01 -3.212759879225972615e-01
-3.928584638441232624e-01 2.412607330796552318e-01 -9.689474052820923333e-01 -5.148337778738998338e-01 -3.634657568014996176e-01 -5.570096899786705080e-01 7.896568542978099625e-01 7.576507203346398711e-01
3.208135075811748838e-01 2.068879886531491685e-01 6.021666225731332478e-01 9.406073730779680453e-01 4.229736852592089758e-01 -8.072223781219824978e-01 -7.050956449907688217e-01 -9.378920369006715774e-01
-2.582137057849838158e-01 -7.996037016829360411e-01 -8.282268617239054720e-01 -7.942735794459174770e-01 6.467932339348678727e-01 2.165751594720342066e-01 -8.093340815158209800e-01 -1.354239572245516943e-01
-3.236374577918899043e-01 -3.486704976335419648e-01 -5.492907336066661372e-01 -1.754387112527380221e-01 -7.144618186472910804e-01 2.837682247445127981e-01 -8.260297234175226766e-01 7.702162668602623441e-01
1.004822971696068823e+00 1.438592569108897212e+00 8.371462403268764563e-01 5.832288287624242118e-01 1.162750664302287795e+00 1.125553182762749405e+00 1.026409165515315580e+00 1.426860160058775140e+00
