5.742427104185898745e-01 4.235502249028977317e-02 3.601497206626436132e-01 3.431497220168391316e-01 6.778294547545391513e-01 1.097221959658001289e-02 5.448955454413220156e-01 -3.027467055572852228e-01
-9.063044809486264786e-01 9.747776736251845264e-01 -1.112937031583960401e-01 7.846889261660541237e-01 4.177455975953381362e-01 4.048806164547236186e-02 -2.301607957853883946e-01 1.573196984483120620e-01
-8.005502959691992437e-01 9.620636011995353787e-01 1.258855643726393136e-01 7.705406364652331863e-01 -8.959858157957745206e-01 -5.037460819744097318e-01 -4.879076480741992849e-01 -9.573756799577983756e-01
-8.550626900130646746e-01 2.186655198600728767e-03 -7.548051574481935422e-01 -3.268160299324651685e-01 2.264346420168104057e-01 -7.735838598323894200e-01 7.461865761539328012e-01 6.275836222217217042e-01
-4.751171118461108289e-01 -4.429429732425598232e-01 1.730530807438275254e-01 2.881967924158514993e-01 -3.138275490187698580e-01 -7.495534182780161370e-01 -7.649948153268688600e-01 -1.993971876303968216e-02
-5.023457622148637114e-01 -4.012799303815230978e-01 8.553598141527818388e-01 -9.747899301397968674e-01 3.633876223041041520e-01 7.450955456403676180e-01 -5.210153810210838010e-01 8.237550282611179053e-01
-3.104797218202810516e-01 -4.195597776626369679e-02 -5.849619700169272907e-01 5.410029969953993323e-01 4.090934842820970196e-01 3.005123079751785831e-01 -4.585052281761494708e-01 -5.065759948911900956e-01
-4.022345672101774738e-01 2.028742731804205057e-01 -8.901744953691113071e-01 8.981123266616231060e-01 -4.774865318617753651e-01 -7.481089657469548460e-01 -1.689066550074023176e-01 4.618917143417180515e-01
3.777302236108117661e-01 4.858368404344304281e-02 2.918049942791685059e-01 9.902736145672184076e-01 -7.511126144856319353e-01 5.068603801170552536e-01 9.949122917109054498e-01 -5.527173559325593288e-02
1.064687469965098998e+00 1.044315571097916617e+00 6.843622394700441536e-01 1.348470214140685908e+00 5.642301859006727538e-01 6.426636608795897043e-01 8.014249896963074882e-01 1.049411631110182874e+00
