5.528205117629776399e-01 8.857180463359535239e-01 -1.079108844618470453e-01 4.408844090710568597e-01 -6.937619631131128894e-01 -7.801945203578288801e-01 -4.597281596461622044e-02 4.222409676994178795e-01
6.419124832193421337e-01 -5.158631264896684776e-01 8.305286606949526806e-01 8.166719770361621222e-01 -9.412809717775072471e-01 3.723091358898105163e-01 -9.064939948493098143e-01 -2.987392656929417356e-01
-8.442549456614885095e-01 5.324948915832006247e-01 2.256513954352445950e-01 -8.051396394609788842e-02 -7.341977476411953862e-01 7.853637509960420537e-01 -2.633029832705264806e-01 -1.337873290048841035e-01
3.238246141191081229e-02 -6.581697380041873213e-01 -5.541169373646086527e-01 4.535713785769688311e-01 -3.634576751006639572e-01 -7.977349435456140281e-01 1.522562321081588621e-02 -2.436374877222695634e-01
-9.276981508799453380e-02 -7.052974062680705813e-02 7.229088941850780881e-01 -6.525425981016774735e-01 -4.342779182936222782e-01 -8.453811474504568935e-01 -1.976799182796851184e-01 -9.360880433205798212e-02
5.621959214359721901e-01 4.889239252410624292e-01 9.952146285839253981e-01 3.026658788224536600e-01 -1.364879540949810455e-01 -3.811771309451259526e-01 7.577926348758057262e-01 -3.159862842664471483e-01
-8.383904651474827219e-02 -9.348609932847344872e-01 4.813225476772322597e-01 3.943775116858401208e-01 -6.146668839135995821e-01 2.082926605746444615e-01 1.182816350674198436e-01 -2.780011710766649990e-01
-8.722247903498139276e-01 -7.938892481478305729e-01 5.378269770089885160e-01 -9.838797571101425277e-01 -9.730636297474331009e-01 3.727082377968509164e-01 4.533509198794323236e-01 9.400217218741564462e-01
3.541802989607891750e-01 -1.359416951844412136e-01 3.756414368057596764e-01 9.620734111067448247e-01 2.122527152207687173e-01 -6.559677568917456902e-01 5.947528182137229447e-01 -9.797969921546623162e-01
7.931031010443276852e-01 1.407760622612090451e+00 1.473514710191355714e+00 5.815737572801977784e-01 1.077468710635354210e+00 1.326352555599596084e+00 1.200258798693830897e+00 1.032274929205439618e+00
