-9.444606514260855956e-01 -9.602330644775285418e-01 9.284757628466735468e-01 5.757003262123612242e-01 -5.363992465435651891e-01 2.696622673006392468e-01 2.889517580260905216e-01 -3.272374962725723702e-01
2.643543575077409447e-01 8.141663890390604674e-01 3.184343075096365272e-01 -8.106805834315711223e-02 4.460161221713332402e-02 -3.672269340495584178e-01 3.519318122919727898e-01 -1.235297365990173368e-02
-1.025579321381961950e-01 2.114419379146295075e-01 -6.653062554827913200e-01 4.263994880106882768e-01 8.972168875161476986e-01 -5.379421733893003932e-01 4.335238803524490425e-01 2.380243230723255721e-01
-5.672549973681295654e-02 -1.558557281564163510e-01 3.219981075408786531e-01 -9.185464850503475276e-01 9.313330554144436668e-01 3.461326904894439505e-01 -1.482260028305029120e-01 -8.802013370724268704e-01
9.106633076934800286e-02 -9.806120215551932251e-01 1.845143841386240879e-01 5.270540882871124211e-01 -3.068202775193975551e-01 -5.835970403118222460e-01 6.264203488215058790e-02 8.643252426100356267e-02
-5.734094438536503358e-01 9.941679679210890797e-02 -9.366902063716244786e-01 -2.621783677587623540e-01 8.204945872389521888e-01 6.123423458498733485e-01 8.101820433124236054e-01 -8.735467086312318497e-01
5.568825970149671178e-02 7.407440215714364840e-01 -2.766522724619677742e-01 5.441499568047623026e-01 -2.799616073069908229e-01 8.575249847113868285e-01 -8.316994821431578089e-01 -4.648189577281065521e-01
5.565713357890977875e-01 3.472294656647849642e-01 3.257882031365431086e-01 -9.009892339161422736e-01 2.797210717632543364e-01 -3.217195861268367096e-01 6.285535005897142646e-01 -7.080171608740486455e-01
4.822464243716526600e-01 -9.438549260110384864e-01 -2.780617266359457496e-01 -1.612905546538612178e-02 -3.480510191259629238e-01 3.850212186407844239e-01 -5.327514715835290904e-01 -3.172300421996536723e-01
1.218466093686134899e+00 8.046263151548695980e-01 7.660487885210160997e-01 8.720400319154061330e-01 1.196112179601733772e+00 1.363642779394362403e+00 5.097621547862234426e-01 6.284790752800708535e-01
