6.459111453136268111e-03 -4.531318184976216301e-01 -7.625989699377724307e-01 3.956609431771636043e-01 3.153376734710473528e-01 -8.871300385126328347e-01 -8.866818117364501095e-01 8.343186895166332384e-02
9.407236169481492105e-01 -5.922639625908441285e-01 -4.729910106248949031e-01 8.791651371521675973e-01 5.760200569449778207e-01 6.710535148841179076e-01 -6.673784743140147580e-01 -2.376462804798573636e-01
8.803705949415185916e-01 1.750766964596741637e-01 -7.783549234995241761e-01 -8.950343689231115007e-01 -5.970154144736086188e-01 -5.832328327883800068e-01 -9.398075221682904434e-01 2.324559148964047139e-01
-8.920723233294063359e-01 -6.405720972624950882e-01 -2.619439807314118962e-01 1.627139621891127153e-01 -1.663753149298321521e-01 3.406418302981846224e-01 -2.943842296834746630e-01 7.777477406519563985e-01
3.874877670477834268e-01 7.714792495930991034e-01 1.483154278148468563e-01 -4.950504750389717046e-03 -9.802592826826865835e-01 5.903726596062484067e-01 8.557143464437195757e-01 2.364686839312435396e-01
-2.886616398890091695e-01 -7.411371597501688058e-01 8.797329866102008289e-01 6.859998797740871623e-01 8.346259056854481440e-01 -6.628429133630748815e-01 7.471166848570987007e-02 -5.896607117954837385e-01
-7.705071318771057332e-01 8.425705647625794104e-01 1.922526043114469729e-02 7.119122049613266778e-01 -1.876895930613819985e-02 9.826961144401498149e-01 7.180647934127950549e-01 -9.045462921157705338e-01
-7.201062996463347687e-01 6.498629860244542478e-01 7.240362844757708416e-01 9.643430221408340053e-01 4.175528329228914703e-01 4.416441368520795940e-02 -9.825607474375552819e-01 7.392079704949447994e-01
-8.019672799076573710e-01 4.176796443327115416e-01 -5.501775378257094395e-01 8.591979327785828069e-01 4.102440565017964058e-01 5.762010392687997307e-01 -1.430239257561141120e-01 -5.973461688621317656e-01
6.370666934933605363e-01 5.674984863248841993e-01 8.623338960300390710e-01 9.448680288179179820e-01 7.804353906363538096e-01 6.318676345648213122e-01 5.910921984500041582e-01 6.219865711122580798e-01
