3.931777292190448136e-01 2.632476424471994481e-01 9.837713378578858414e-01 -1.319904174023656118e-02 4.002881194299503509e-01 -8.277487807233852024e-01 -8.902514192814512395e-01 4.849635294873981817e-01
7.602733656925528827e-01 -1.561865696083408750e-02 -9.359259875923855443e-01 9.252027263465967266e-03 -5.884967622628376471e-01 -7.893592017178481246e-01 -5.794306114493337212e-01 9.502003438343322728e-01
-6.371059963682363936e-01 -5.890370193739038474e-01 6.448543044955301617e-02 9.832769548790036840e-01 8.038875277345582937e-01 -4.557335356626117662e-01 -7.370704310709896845e-01 -9.268831414017693060e-01
-2.695511507132468676e-01 -5.842434686582593795e-01 5.414089199260505580e-01 -9.467708539372208243e-01 9.176629161919962474e-01 6.760430898659779420e-01 8.035311114560070855e-01 5.862916108842395335e-01
2.518459070836089886e-01 -4.212989799276392056e-01 4.202007392347706372e-02 5.023010605941715667e-01 -9.670876967899628696e-01 -2.385249036505650011e-01 -7.386856094852218835e-01 -2.647017513157288171e-01
-1.826868534108281317e-01 -9.202905647337289441e-01 9.741689877113641760e-01 6.379452442907482812e-01 6.150792395719439920e-01 2.414337987589787460e-02 8.229774234741722427e-01 7.303679817505661642e-01
9.954012471811128915e-01 8.014762888427964249e-01 5.040225171705599028e-01 -9.082514815358200266e-01 -7.125301598795366065e-01 -3.530924430209263498e-01 -1.389030849977286319e-01 9.098822520649414436e-01
6.492609636948372120e-01 6.775527632041726811e-01 -6.356687109708549777e-01 -4.927648063100866782e-01 2.398337044884635283e-02 -6.363278106058301020e-03 2.099070850781390440e-01 5.958914285200849204e-01
-1.285182806901594699e-01 -4.607823816656315685e-01 6.369967083461935964e-01 4.524118008802437974e-01 -6.044127131981245071e-01 4.249370206373161984e-01 2.150648931467176173e-01 -7.987484704138065883e-01
1.394606974777629294e+00 5.391322699737128854e-01 1.147404580231528470e+00 9.968689688871471555e-01 6.543053876839687311e-01 8.448670317839493960e-01 1.077094168144435260e+00 1.367027473447700814e+00
