9.837594129095135198e-01 -2.608651948006313059e-01 -6.194950659720088737e-03 -5.842853310133233613e-01 -7.384420725521316786e-01 -1.745243965171630052e-01 6.870829394840762827e-01 -3.586801151840606217e-01
-1.479386746827107135e-01 8.938289752346237904e-01 4.317472310838665894e-01 -1.247464659116268582e-01 -3.205440702498951744e-01 7.758594459693493040e-01 -6.835562530399930115e-01 -1.138020829576733561e-01
3.559512861525679916e-01 -5.786710895784734632e-01 -8.901989162802577127e-01 2.300391971732247409e-01 -9.430166986557755315e-01 3.408198297813935795e-02 3.227452393477603376e-01 -7.558953611209662249e-02
6.319097805885658392e-01 3.577595487549878328e-03 -4.070330530210863884e-02 -9.231550339376304315e-02 -6.253881379899035586e-01 -3.556116505103943393e-01 4.431387994261237750e-02 -3.196748128839455028e-02
-3.954118368951542450e-03 7.320859229506544441e-01 -5.604320182720134991e-01 3.625727422804780886e-02 4.455185741136937772e-01 -4.898017819326221378e-01 -5.990588921340223028e-01 -6.151969698810977327e-01
8.245180396771203402e-01 -2.851238279850045743e-01 -8.919945875488342057e-01 -8.476318595745320206e-01 -2.786447660583979413e-02 5.987816195096757887e-01 1.708258564967231052e-01 -3.028788968765279144e-01
-8.080136796312613612e-01 -6.119561125033858850e-01 -1.010720894041530205e-01 8.462976779323683196e-01 7.292156085865129089e-01 -1.229783303620657353e-01 -3.236231942583316368e-01 -3.403590538826875012e-01
-6.689056411110265721e-01 -9.466345411165213442e-01 5.352120391789843001e-01 4.306422398953011488e-01 6.879019647657402814e-02 7.849238455262463887e-02 5.151494247237160540e-01 -3.851047854357283473e-01
1.819448144873943018e-01 -2.589350774191627735e-01 4.758173921237229820e-03 -8.979038700541042139e-01 6.773549314030036239e-01 -4.998039281544943702e-01 9.684018455094458577e-01 8.397092479996812742e-01
5.949852571220378694e-01 1.226904522617987325e+00 1.011640682872707364e+00 6.196583331469962541e-01 1.130688399289447643e+00 9.666957667880409222e-01 7.876427567477836122e-01 9.527717277557747888e-01
