-8.383630529535244236e-01 9.192465612450166912e-01 -2.670009843022729257e-01 -2.018869448305022907e-01 -2.860843259726872922e-01 9.129150850629430547e-01 6.070868609155499751e-01 7.942879288991613329e-01
-2.035426690405790495e-01 -5.492334540800181131e-01 -2.491643863214501042e-01 -4.000548233349818794e-01 -8.190947399619064040e-01 -1.104759261472709753e-01 -2.257214727895033857e-01 -3.319962280819555023e-01
1.161576103236323654e-01 8.080236149327022499e-01 -8.410309996060449933e-01 -9.642915948571852969e-01 -7.371730216628631371e-01 -4.507424903638230784e-01 3.235788018127470078e-01 -8.390014141930295377e-01
4.833719633309148112e-01 1.983588940379210630e-01 -6.914358855073083898e-01 -5.986840402242323833e-01 -9.006584355637552441e-01 -1.286822889612477816e-01 6.165831089484490324e-01 -6.793937437182373529e-01
3.265795278346828034e-02 6.363173288529575533e-01 8.951683621385160272e-01 2.392404643969867628e-01 -1.245944458539256505e-01 -7.932904561972629054e-01 5.344208154520273535e-01 5.499446773154421653e-01
5.617140090076027104e-01 1.148668850607057479e-01 1.516051619217173574e-02 8.170851139460055812e-02 7.909556336248162456e-01 9.066438100734357519e-01 8.245221609320485534e-01 -5.445503203101120793e-01
7.250693878161003081e-01 2.837808204799656675e-01 9.635600538551878369e-01 3.247167672233868263e-01 6.633491006773577503e-01 -1.548782707831279915e-01 -8.432198069644454286e-01 6.877484264796216440e-01
-2.302644638373145813e-01 5.381420961592984220e-01 -5.789993265640949183e-01 -5.491451147038253211e-01 -9.436266389559002654e-01 -3.257205675718970461e-01 -3.054645545909266957e-01 -5.809875804581583481e-01
-3.244127153662215157e-01 -3.040015482381375200e-02 -2.077144071365133460e-01 3.289318143167982988e-01 -5.543436147256537438e-01 -4.359881854023537340e-01 -4.022112963075257230e-01 7.261813789416551312e-01
1.420717700018975904e+00 1.230264024716007043e+00 9.989303355603659229e-01 1.208288459281043448e+00 1.088124258089177676e+00 6.653407670038808952e-01 1.120760045251318893e+00 9.176072133960970767e-01
