-3.382993503014541936e-02 -5.871222210273507880e-01 3.612562794568958680e-01 -7.981161613708260827e-01 -9.739155325027692989e-02 7.149483626440145123e-01 -7.332334268064344407e-02 -1.176132735330597257e-01
-3.574819564336932931e-01 7.353614532947894133e-01 1.015453323091022320e-01 9.870120701907685312e-01 7.128756578669004362e-01 9.460246715022531117e-01 3.371183396387007480e-01 7.290961049750843692e-01
-9.388468816183754839e-01 -6.012565448052098471e-01 3.672689458882434366e-01 8.868282148880599625e-01 -1.007865133342358277e-01 8.520974851229907721e-01 -1.103064936133344442e-01 8.635250876629694261e-01
-8.543297833842578015e-01 -5.175531513823730112e-01 9.826364718986893010e-01 -5.000905435560887291e-02 -4.127987450104928513e-01 -6.619358640303676378e-01 -6.089681745683470648e-01 -9.515591044877960147e-01
5.084045503131553456e-01 9.982709413209369664e-01 5.242973529894077167e-01 -3.704086450949839460e-02 2.256494193541320747e-01 -5.032488628453697377e-01 2.375850831945336417e-01 -9.153805961402523561e-01
1.712737255425269556e-01 6.955543425882473318e-01 -6.952722645253643918e-01 -5.366697110548974692e-01 3.471111230613799226e-01 3.571774366586457639e-01 8.943215781174209678e-01 -6.118720220167335189e-01
8.504381271642793561e-01 6.957616579292011938e-01 1.285035211076794859e-01 -9.276017630172823658e-01 6.822583570880005333e-01 -5.674790241927873957e-02 -8.422899149925175966e-01 6.579622954681352276e-01
-9.445577984322950371e-02 -6.373046994688347233e-01 -5.443000743737447245e-02 -8.312331089276403517e-01 9.812179430963472448e-01 -1.084977469176469089e-01 -3.599288323556411040e-01 -3.914877668719292103e-01
1.283554428586277663e-01 4.651907479877892548e-02 7.170688857053435505e-01 -7.769642007889363544e-01 -1.077352385691316972e-01 -4.660245240692728608e-01 8.980857463655271822e-01 -1.496889495281439331e-01
5.546535457303082284e-01 1.349014352080389223e+00 1.006370417792905148e+00 6.408494635038385345e-01 9.834571213154055247e-01 9.504556704614977036e-01 9.155025396447993291e-01 1.229948416961816005e+00
