-9.187410354720038086e-03 -6.564501950737584579e-01 -9.635936365599859776e-01 7.664930897008481736e-02 6.013530645584501677e-01 -6.893279238956695476e-01 -8.220676887229163565e-01 -1.618943610823591062e-01
-2.140377102827686340e-01 -2.459975385071551113e-01 4.505304418099997932e-02 4.625975478630477422e-01 3.358685899739140002e-01 -6.118364941751455177e-01 -5.239549398904828070e-01 9.521186687542586569e-01
2.201976775223528637e-01 5.158774836166668543e-02 4.161267701743724956e-01 1.704069678396766818e-01 -6.155426001586066231e-01 8.170899666970727893e-01 8.958582157204146856e-01 -8.230400739055010462e-01
4.212371597582431626e-01 3.555107163094342049e-01 -2.062638117061055265e-01 -2.992689970030317781e-01 9.967771156603930649e-01 -9.973626432096320826e-01 7.103962145402209494e-01 3.590846973467902714e-01
6.800564686978642914e-01 -1.807727312269795661e-01 -5.333759685531120898e-01 4.414832542388227310e-01 6.988588381293532326e-01 -1.859556534936481764e-01 -4.477182123372487332e-01 2.757553198860269728e-01
-2.101221968818094421e-01 2.199738662634436182e-01 -3.851795626392611194e-01 1.845948862042576799e-01 1.266733423064285713e-01 -6.494743352145431192e-01 -1.475841367846209007e-01 -3.340041339689752142e-01
3.439710197773455658e-01 9.648219915684541625e-02 1.816487677551159585e-02 7.109224121760397974e-01 4.708587254935967525e-01 -9.886977274625179390e-01 -5.413758216371029608e-01 4.545040692129622695e-01
4.624981044539695496e-01 -9.391083550448100503e-01 -9.909614526342207519e-01 -2.103778233455375624e-01 -1.118120748135398301e-01 -7.714796238207637380e-01 4.883562002874384245e-01 5.943925147584407931e-01
2.004620543273210043e-01 3.044374249992116699e-01 -5.752646416676761021e-01 -1.813549936483154212e-01 2.435301460696090992e-01 -9.705953871927182064e-01 3.106929590875862068e-01 -4.859582238539088550e-01
8.838465016555360210e-01 1.241171628156422901e+00 5.613088685573475178e-01 1.114967197541052446e+00 1.222131863165145660e+00 1.453538232949191489e+00 9.725710847358907118e-01 1.108510359424060843e+00
