-1.735125803869987937e-01 9.280643857764032667e-01 9.778261803915500039e-01 -9.917090084168529440e-01 1.398624310023495187e-01 9.286260562019676978e-01 -3.553500678666674517e-01 3.713545787893610672e-01
7.335579092870414541e-02 -9.287169204071628048e-01 7.183769211460853121e-01 5.816689525453633269e-01 -1.229251716941748285e-02 -8.902823828964521180e-01 5.757804849833803029e-01 -5.652420046834349954e-01
-3.251133839936286574e-01 6.054687609183388997e-01 6.816555524649710041e-01 5.425299897596429499e-01 -4.235805840751107887e-01 -4.145610295626322994e-03 -8.507736375901846504e-01 -9.025907450200147952e-01
9.921585478090744203e-03 -9.003539712881032386e-01 3.192415962081629477e-01 9.278593510752086715e-01 8.926164055109677697e-01 9.058937613499353780e-01 4.851616310338682236e-01 1.933751587600740507e-02
-5.939051338128820134e-01 7.595643351407943555e-04 -3.040245303964854706e-01 -2.077056440050000230e-01 -8.470267254363328391e-02 9.247600180409891735e-01 -9.771093263266816820e-02 7.552990206330616463e-01
8.404291378384216582e-01 -1.638832526594267147e-01 -8.231537173608263203e-01 -2.800356156764958193e-01 -8.303908055738546956e-01 1.351970453227107072e-01 -2.563321217356930859e-01 7.280404167098835089e-01
2.024747100701587144e-01 6.671648979807640600e-01 5.312842873186645054e-01 6.694072363390064506e-01 6.506727902448357082e-01 -5.144482761690083450e-02 -1.704437482537286552e-01 8.166278353133591406e-01
-8.462550327212290391e-01 -1.089725285261211596e-01 -7.953700124897002954e-01 -3.713873936912048812e-02 5.727613945730403167e-01 -8.771878767175667058e-02 9.720170334295861192e-01 -7.413488427220926713e-01
-2.536732227817690699e-01 2.227403858115295510e-01 -8.394978047107781727e-01 5.037228380715326193e-01 1.020004819941799923e-01 6.069130877073489749e-01 8.100707790259427110e-01 -8.498003842375332351e-01
7.839358035067407471e-01 5.242937797571680658e-01 1.468058871054226611e+00 7.409989948468130860e-01 1.183843280870793269e+00 6.803171798776928014e-01 1.307614073461626614e+00 9.178776814934060946e-01
