1.921051626652174882e-01 -9.614958161012450155e-01 -4.056290416141121735e-01 -6.392374335256520990e-01 6.204956199356204127e-01 -1.360041665127331711e-01 5.771457013923835255e-01 5.339818275875980458e-01
-4.102891663110275200e-01 -8.436139629031749188e-01 -1.987817533411118109e-01 -8.561801220921529954e-01 7.416770579969793609e-01 4.158810787686468835e-01 -1.867582754868000183e-01 -5.431530433698883442e-01
-3.112131669477644635e-01 -3.447091808582063432e-01 2.942302761219761642e-01 -1.033455359757282643e-01 -5.104220660845522062e-01 -3.931890307712191390e-01 2.583658959640207087e-01 7.535233187940530986e-01
1.815441090350460307e-01 -1.263273258380417374e-01 1.881874675016796949e-01 -6.981112429377196449e-01 -3.693688287262375525e-01 9.215511625227517101e-01 -8.398188146254139674e-01 5.855704529435239447e-01
-7.010109326648383821e-01 -9.023256675829969264e-01 -8.712251665328192285e-01 3.003478036718949529e-01 7.085090662279958096e-01 -6.926047667695607313e-01 2.616829555300492771e-02 -8.149924199459310792e-01
1.059492072332712809e-01 1.253254688849798626e-01 5.475288803182933872e-01 -6.827530270241930488e-01 8.508998263732658884e-02 -9.011955458168290356e-01 9.161175899781752729e-01 6.971488083362640253e-01
8.312501875083018188e-01 8.815220694927750067e-01 7.700942416963432180e-01 -8.873727749137121368e-01 -2.294159623206930565e-01 -8.618988943046390627e-01 -6.253177824219402492e-01 -6.048070420439102257e-01
3.012579883254089541e-01 -3.088831973759966765e-01 4.612013900645060005e-01 -3.632593307793834381e-01 9.294035293770537276e-01 3.360026908314839300e-01 -7.935713466077181089e-01 8.478450872162044405e-01
-9.395185378053132474e-01 6.975011503365002863e-01 -8.392164172901095398e-01 6.516647221908189458e-01 -3.521716310282485551e-02 -4.839173536443761581e-01 -5.659682697904964144e-01 6.537077492992084959e-01
1.047288176249651759e+00 8.762874226745367423e-01 6.025994222665689293e-01 8.874968957171326389e-01 1.470455687967145986e+00 1.018960810111342319e+00 1.384284753246992183e+00 1.265681385470848852e+00
