6.341967936706378595e-01 -9.003446806456802953e-01 5.970926707627368657e-01 4.753149284612629977e-01 -5.180985862991258628e-01 8.547234085084667310e-01 -7.711938677733576331e-01 -3.162649426649264406e-01
-6.482249397803634405e-01 -3.325234956364939709e-01 9.452163222651421837e-01 -6.136690468276617683e-01 5.607753371378358942e-01 2.057701704964545186e-01 -6.523698929183465722e-01 -3.948271449618265816e-01
4.383187441200386836e-02 1.482100052986923266e-01 -9.582838790293364273e-01 9.110608859285642680e-01 -1.019292375748042101e-01 -9.801473767133046522e-01 -4.764927279970534446e-01 -2.032305596715398011e-01
7.274781319741048247e-01 2.326057632684976895e-01 6.849960436346207437e-01 1.380246099053905606e-01 2.440173797469356032e-01 -4.554411178702373331e-01 8.620977334134580783e-01 -5.369160709468610015e-01
6.560401149915993102e-01 7.292503862119892322e-01 -5.233943971882724089e-01 -8.013371828443927036e-01 2.846161733208640854e-01 3.148032140671181978e-01 -8.315756482898237767e-01 5.952897261885015112e-01
-4.045009818462781404e-01 8.461900564353719290e-01 4.290191232853364234e-01 6.238684965810326055e-02 -5.973224901093958650e-01 -9.832396482341445587e-01 -7.779091660951453768e-02 7.226883302926156993e-01
-3.206812020215508152e-01 7.575912990189404006e-01 8.342829912361426903e-01 -9.965722023164866883e-01 -1.461332957695449242e-01 -7.451616615265688193e-01 8.203054699984402287e-01 -2.004634174413939540e-01
2.916430753563954426e-01 -9.096131138771101909e-02 6.721684726927337206e-01 -3.198161558268441951e-01 -6.166912232725592080e-01 4.000967191263340439e-01 -2.524471475913838692e-01 -4.213844786273974741e-01
3.864698628615110820e-01 6.351893985592647063e-01 4.479421681644921716e-01 -6.760603302108334489e-01 6.002886734890122700e-01 -4.333280277581736950e-01 -5.042855529278444937e-01 9.953490753004334834e-03
1.191407627446545714e+00 9.291124514757685970e-01 1.423958156405104702e+00 6.457604930954549127e-01 8.489631261196932677e-01 5.760294206806704231e-01 1.073925849561219170e+00 1.180557492430675204e+00
