4.734153539737393501e-01 1.217817469024073951e-01 5.308187613159178753e-01 -4.484894284429388200e-01 2.068963488610537915e-01 7.976541197541604511e-01 9.162403695851952801e-01 7.302393378427878279e-01
4.116631176181684282e-02 9.219674044120786949e-01 8.640139039769145768e-01 1.025977409711185118e-01 -8.505931885991084851e-01 -4.701070587523008548e-01 -2.053722112569900116e-01 -6.681248000906021556e-01
-7.584203720577611385e-01 4.299234594173553248e-01 7.705942047242306803e-01 9.785486034893362550e-01 3.515562046224292025e-01 -1.015204926761237303e-02 -6.515099685265972607e-01 7.040029120359061476e-01
-2.125868864556497151e-01 3.537737890037242483e-01 -5.733608306672983712e-01 -9.598388028776416725e-02 -5.704135435712043289e-02 -2.898939155186390781e-01 7.096068197885181394e-01 2.503822682902865360e-01
2.794761585891594180e-01 -6.284344398618684213e-01 -2.495402341126071732e-01 -6.157263884524570852e-01 -5.975052132973845964e-01 1.802857648124085443e-01 1.536153571678540164e-01 -8.294729494381147816e-02
6.418083801530238830e-01 -2.300028358530692429e-02 -5.884715779512301737e-01 2.267582309307121236e-01 2.933938681989713970e-01 6.644258878161122261e-01 -9.385251554193985157e-01 -7.498263184042046614e-01
9.800258948975650863e-01 2.831643011011897304e-01 -5.406680124760625539e-01 -4.627255109870755945e-01 4.248852798804880759e-01 -4.099517779751933322e-01 -8.474089207996027273e-01 -8.297556445255835911e-01
7.110203217964956579e-01 -8.288428125952140846e-02 9.383043176171008692e-01 2.817760256079226977e-01 4.918615115635596169e-01 -7.818586953157733443e-01 1.906321574331446556e-01 -3.895633581398358913e-01
9.705181949731334079e-02 4.739950066568592302e-01 -3.240860258545896766e-01 3.509593996907933722e-01 -5.160682921485104657e-01 -5.829377299973377280e-01 -7.695290726619496979e-02 -8.403772309215828962e-02
1.097600981646071006e+00 5.069222187705554328e-01 1.376506724075217347e+00 1.156426418166160541e+00 7.024332985370069782e-01 1.015975654312671672e+00 1.022569643844498888e+00 1.038419935668565053e+00
