-6.802289611340632813e-01 6.562229190005683943e-01 7.522412226964125814e-01 1.766808907891315172e-01 -6.459922204059886930e-01 -1.344095778951861497e-01 -7.969591569836520506e-01 -8.457077013859892745e-03
5.044491915506024160e-01 -7.456290932506277613e-01 -7.903464180883832402e-01 -4.317114026967885376e-01 6.114834039836356538e-01 8.546424258398166440e-01 -4.389816781333277795e-01 -1.484085089265696489e-02
3.108919486222354589e-01 3.033052439019618962e-01 -4.881168411322838185e-01 6.871279146996833731e-02 -6.077202315370755503e-01 -3.989904092206300046e-01 -4.382502831897472362e-02 -5.037592022323880148e-01
9.357519108465308655e-01 -5.091519938119748456e-01 -1.800623570581330046e-01 -6.914633403071783757e-01 9.437314109155940933e-01 4.983829370241625867e-01 3.071559432543566892e-01 -1.257377388019964570e-02
8.860522866372302353e-01 5.593908253085291271e-01 -8.754130165530740193e-01 -6.035262420107996295e-01 -1.753625068802517895e-01 -3.755063250606642811e-01 1.537799962152612832e-01 -5.358600485703957084e-01
-8.403547769575685500e-01 8.386645844659699200e-01 9.020158618338742773e-01 8.709728104569305351e-01 9.073378301231320719e-01 -3.478465791190665790e-02 7.483762852312045855e-01 2.384422598396536142e-01
-5.420433939429258885e-02 -6.723306526785866044e-01 -8.589268503421967349e-01 1.573806916610620554e-01 5.922540280763504139e-01 1.900501287639899672e-01 2.988862993893850462e-01 5.559344450479253297e-02
9.181490416001945043e-01 -5.942194384543237895e-01 4.590144406514997666e-01 -8.837377767123875127e-01 -2.144428294184337336e-01 -9.508028205123868482e-01 4.063259696223422424e-01 -8.874549602520311886e-01
6.450760206357972759e-01 -4.474441692170227913e-01 4.460884843678143419e-01 4.748931258728046334e-01 3.912887918085836692e-01 6.719612021584826511e-01 -5.306466579814532736e-01 -7.316323438145633240e-02
9.079905005332545853e-01 1.375828073918537786e+00 1.061140307757976409e+00 5.595917304905311251e-01 1.056351907537959711e+00 1.194459345398893868e+00 1.406099335799252836e+00 8.346566918075748465e-01
