4.538201027999397841e-01 -6.389031272848708642e-01 7.233885794504726352e-01 8.064473612495108856e-01 6.882080783299011628e-01 -1.293597903533716398e-01 3.501030939857783242e-01 9.619666995649227559e-01
-3.404193049235340052e-01 2.362025583667759498e-02 -6.628815329193475936e-01 -4.425046665787037981e-01 7.527377134011814519e-02 3.659941560814350403e-01 9.956924532756847857e-01 -7.891106258511682015e-02
5.072751400099702046e-01 7.205789922618459631e-01 7.941408024511473762e-01 -3.003034439386280674e-01 -5.819407096213091712e-02 -3.636466506276863075e-01 -9.413711372515007891e-01 3.472173725124232391e-01
-5.795412288313284144e-02 2.216069735776990957e-01 6.866726945814380922e-01 -5.045494175608458143e-01 -1.840042773880514737e-01 -3.105171413449612228e-01 -9.721402017099431969e-01 -6.547468757945931195e-01
-6.712087632938770199e-01 3.377307010179007030e-01 -3.847009433196109107e-01 1.828723028320939914e-01 3.287490692773089584e-01 4.132760926596756867e-01 9.658783009189979563e-01 9.594717766692104632e-01
7.941345000115958008e-01 -5.566797656026627461e-01 -2.209743452200330083e-02 -9.187407728929719575e-01 1.421177153982222663e-02 -2.567480336659753171e-01 6.778448351238257619e-01 3.367765925127363946e-01
-7.792150551641199296e-01 -5.695699689656330555e-02 -4.301253177402952765e-01 5.849930654564023946e-01 -9.870810059099757172e-01 -2.267687071525714693e-01 -2.309409787402332270e-01 4.446342625496566558e-01
8.241964011872320306e-01 8.544042366146178402e-01 -7.339820322756307469e-01 -2.970707500897384890e-01 -9.159555546591742203e-01 -6.275780335888894168e-01 3.726654129474296084e-01 -9.825648378938445227e-02
1.774433552102725464e-01 6.977515555001641001e-01 6.093406807574937023e-01 7.042845081607573832e-03 -1.219053201560811317e-01 5.675900596391758590e-02 -5.183706625764463727e-01 -2.674828147949415147e-01
1.176751594609537932e+00 1.179407924740920155e+00 6.323442926333294745e-01 1.222699534412154065e+00 5.548837610975351220e-01 1.287481798827498025e+00 1.146120967003482205e+00 5.468395661450821121e-01
