-3.814498635544993910e-02 -5.681817648600724358e-01 -7.700516734745699310e-02 -7.651476211970646979e-01 -3.891500932328337825e-01 2.122330544884249992e-01 -7.068894066095248174e-01 -2.581933544479719789e-01
-8.039158231360485907e-01 -2.156074991131700092e-01 4.595390824054030876e-01 6.871270283119734756e-02 -6.832518256431832082e-01 -1.874001323387755047e-01 3.606545323502656775e-01 -7.347254332093140494e-01
8.833200906280429532e-01 -7.282950121975071411e-01 8.673408667620885470e-01 2.421717954669226902e-01 6.381116774142834291e-01 -4.415739521765831288e-01 9.300857631234205058e-02 -6.221843175474710552e-01
4.236236466323473060e-01 -2.690238990564186583e-01 8.379936313429903194e-02 3.682867435023871039e-01 -9.045290335068398857e-01 7.139911002839636200e-01 9.045096311462805794e-01 -9.075705595861527364e-01
-4.908906476137520070e-01 9.919823637066389477e-01 -1.472784772697333100e-01 -6.148063355895834192e-01 -9.622850802848941232e-01 4.674275625027630721e-01 4.335495399695732388e-01 -8.311385819578831491e-01
-7.474530482151473532e-01 -1.778233027695854673e-01 -4.089193133776924949e-01 5.448206244786641950e-01 -7.810675304536840446e-01 -8.838175395485283747e-01 6.845803104205061551e-02 -6.488723586789024722e-02
6.402331097270539395e-01 -6.916735572465613213e-01 5.269238004600291791e-01 -1.052238685921145223e-01 8.964034232100337451e-01 5.631438595019504501e-01 -5.808890318763793026e-01 3.244328770842834775e-01
-5.668550666234870583e-01 -5.281835366060303461e-01 -9.497400481754532109e-01 -8.648782040120583936e-02 -3.846815205897913259e-03 -2.211860530293709992e-01 8.616797079603943921e-02 8.205724575565047640e-01
9.158880976221011050e-01 -1.924285591612491242e-01 -4.488962130309752663e-01 -7.739583827764375812e-01 6.949558199227359179e-01 -7.840411980077106602e-01 -4.542683691510862598e-01 -2.320606705885031040e-02
9.146053975396640778e-01 1.112587857692405535e+00 9.742302835470771916e-01 8.056438022798176890e-01 1.274688258368808835e+00 1.048736216347522898e+00 5.403543543643641867e-01 1.184454639306638413e+00
