7.605832937411505235e-02 8.195044898137489042e-01 8.128375188263818885e-01 3.049359993949420922e-01 8.808873533202439265e-01 -1.702173088861380634e-02 1.922448970265722146e-02 -1.958897409215440977e-01
5.821037361388392561e-02 3.664426365189847878e-01 -2.935261329045197876e-01 5.382812079879837341e-01 -4.666644127456573976e-01 6.410337571095379161e-01 -7.288496107595263673e-01 6.433997829850557348e-01
6.592253255936886269e-01 8.300018494168226457e-01 -2.325563623921129697e-01 3.113821039701925031e-04 -3.637615664721247644e-01 -6.012169182259776701e-01 -2.758679357006239563e-01 4.935023116900940643e-01
4.922019352306672424e-02 -8.517208792682209317e-01 -1.823194673998067561e-01 -7.698933517262074311e-01 -1.271123796644846315e-02 -3.001882478775013130e-01 -6.681034745984368861e-01 5.098809834730648749e-01
8.371937385675223275e-01 6.914263344749085327e-01 -6.103031213315228687e-01 -1.810729570271523148e-01 4.478683901036000226e-01 1.604976723841924358e-01 9.107282842937274303e-01 6.339960911577400271e-01
-2.923687636737533069e-01 2.233047186756991209e-01 2.251851983205250818e-01 -2.894141959498155448e-01 2.987132061489146118e-01 6.237624492163307277e-01 -1.260682809608850707e-01 5.387116446297168793e-02
1.088671808710810485e-01 -3.991928928197545634e-01 -8.687933852908560350e-01 6.142404207204261724e-01 8.325635461628313472e-01 -2.444571401705530889e-01 -4.257195566004268183e-01 -7.670910393030450081e-02
-9.226776733313095669e-01 -5.012152583532440975e-01 7.109065181793607913e-01 2.733877755981199975e-01 7.484687764492201634e-01 -7.664974896686436168e-01 1.496747138261895760e-01 -3.522100910729322187e-01
2.329062141332125524e-01 9.235457773222159883e-01 -3.563290176200346604e-01 -7.869970757529987093e-01 -5.479106780085529760e-01 -8.340887692619336491e-01 6.257379837252579069e-01 -4.874271634532902908e-01
5.727090623329872399e-01 1.113193761947551153e+00 1.353170633146100865e+00 1.483338123052236668e+00 5.898502550064802508e-01 9.133619341824219529e-01 5.857938124964956472e-01 9.014641151824169807e-01
