1.286511955061140355e-01 5.753586123235181482e-01 1.726111800540823804e-01 -7.764330954885849678e-01 -7.302910699964988428e-01 5.503738904429802403e-01 -5.186995701952739068e-01 -7.148785358500824305e-01
7.442709355054708542e-01 -6.054730825269016847e-02 -7.984511276168311245e-01 -4.017544503205463524e-01 8.578779486435634816e-01 6.063875214849239192e-01 -2.419626009883810713e-01 7.625214576023513491e-01
-8.154694007809351053e-01 4.034793763150223977e-01 -5.767378227418777925e-01 2.467212078048373058e-01 -8.219199500829605931e-01 5.914502540045136758e-01 -9.305860134820225227e-01 5.921519911468673403e-01
2.447496005350593418e-01 5.730339536003952183e-01 -5.729063478526759123e-01 7.192450368090526069e-01 2.850120027590039573e-01 -2.553838767575751234e-01 1.895346567270361771e-01 7.719025883667058885e-01
-8.127436422992575515e-01 2.202359708708692132e-01 -7.543609789884599959e-01 -1.100630196411889195e-02 5.073026530415407631e-01 -8.221698282225482490e-01 -2.115495325184972852e-01 8.204552922420336181e-01
-2.661711914811690782e-01 -8.595108405268669927e-03 3.608631723243251876e-01 2.107414807462353323e-01 -8.762687744887447394e-01 8.651574380253430618e-01 2.868230444371808741e-01 4.201672109096779018e-01
8.767964131697132402e-01 -1.027727095224191256e-01 1.251203035408052777e-01 4.690989119418171871e-01 -2.965075468030415884e-01 -1.963299496473811523e-01 -5.667910822861081943e-01 3.072461094064142806e-01
4.366917341543470332e-01 5.263455010043969207e-01 -6.765900241567339712e-01 4.323930844571852727e-01 -5.016664104805159674e-01 -8.301260229603626417e-01 -3.314176841690545938e-01 8.120672911292079466e-01
-8.235174992629854529e-01 4.412511079003842429e-01 3.814251329331936891e-01 -8.149252983118191462e-01 -6.248047421912068522e-01 -5.684705603630602067e-01 4.715526480355740624e-01 -1.325816245643269831e-01
6.145710398371703187e-01 1.152139529109962091e+00 8.023226404213155138e-01 1.462846084019114201e+00 7.955217305558404117e-01 1.327449645706018533e+00 5.631867594985523473e-01 1.066956313597088091e+00
