-3.472511083978164770e-01 4.065719506684772888e-02 6.773193242558985805e-01 7.848982120697909348e-01 1.689139013736271622e-01 4.923080638642307605e-01 2.719954337276615508e-01 -6.108102605596337220e-01
-9.105274173825335104e-01 9.604459732738452882e-01 9.690007020505975177e-01 -4.007824040022955892e-02 8.653287418288271304e-01 -8.415958658260591640e-01 -1.319010018379667137e-01 5.094340253592812839e-01
4.943909250329028282e-01 -3.119624564639402742e-01 8.725969238591735344e-01 -3.823952060087700833e-01 -7.199948179631805445e-01 -3.543698916068775961e-01 -7.641800727988878883e-01 2.858796348594592196e-01
4.145275580443816832e-01 -6.600001710649316955e-02 -8.221175889772993628e-01 -2.588955143081705934e-02 8.422378696096142203e-01 -8.878581930680033985e-01 -5.551585962801952601e-01 3.529611200091484768e-01
-3.612319649433208824e-01 5.443877320512062745e-01 -3.911508853205953873e-01 5.458830017724691785e-01 5.848338221188928987e-01 -3.185801066187212705e-01 1.349045351964428541e-02 -4.409665920942118511e-02
8.570573462705310952e-02 9.674651735752519688e-01 -4.705468739046430038e-01 9.037644077736823878e-01 2.253072528194060009e-01 -9.397431547055483669e-01 8.865573405080739988e-02 -9.419525987367667330e-01
-6.026740136251631519e-01 3.594347763029930309e-01 -9.868970272815438260e-01 1.295296183944749657e-03 6.029500200012227751e-02 2.074751966212255994e-01 1.091427713574939506e-01 1.501157406407493955e-01
-2.220444863970258975e-01 -2.518430413772363430e-01 -3.543230919962674363e-01 -5.321251203550612097e-01 7.615601649877017376e-01 8.985896962016706180e-01 -4.175094979666986728e-01 -2.411245729366289225e-01
3.649621740618136378e-02 3.484191920057539971e-01 -7.083376901397688830e-01 -1.844792799593393262e-01 -7.637041303495089029e-01 5.857174109371898751e-02 -5.704079422357799523e-01 -1.544837131187630774e-01
7.047416961122545676e-01 1.203944679692912301e+00 8.383601808409120171e-01 8.721644248638554808e-01 8.977580235591635649e-01 1.132271972760543921e+00 7.916453648475093585e-01 9.298885372167943197e-01
