8.273425169944115254e-02 3.528370421371365140e-01 3.505265346433337204e-01 4.102984378630896156e-01 3.492101138691776629e-01 4.091936886583509292e-01 -4.360869551146009382e-01 -6.521057589383205677e-01
9.563882506964502817e-01 -3.255013534612263282e-01 4.209346889521121682e-01 -1.994010290351437842e-01 -8.028590925398624289e-01 -2.640033808975832397e-01 -5.958605513496995076e-01 -4.670091283217876477e-01
-1.243616614856732916e-01 9.997571885022369376e-01 5.141509387294622702e-01 -7.562961468510944751e-01 1.720424081990059584e-01 -1.007772397920883023e-01 9.386654684849717878e-01 -9.481867326751141078e-01
8.704251855267799431e-01 5.549357376773593753e-01 -5.673711064812980709e-02 -7.066802057381280644e-01 -4.618804001070082599e-01 4.420598978591847583e-01 1.591526176764856970e-02 -1.551695844544291880e-01
-2.582265766090907633e-02 -2.096656437364949888e-01 7.249434987906258065e-01 6.184465538546368713e-01 2.594543631504340198e-01 -3.489914583018405292e-01 3.607666708970849179e-01 -9.650662204804230093e-01
-1.160512448623109982e-01 3.037498093917498920e-01 6.269231635359937549e-01 -6.045308708881509396e-01 4.480622412520423037e-01 -5.177962104849596070e-01 2.805627626178779366e-01 4.812540023206193229e-01
4.104010833711146944e-01 2.234783005468286010e-01 -3.577820535382825184e-01 7.350261573445717733e-01 -7.428579963853161328e-01 1.891730162597353715e-01 -4.255840236317132153e-01 8.233014180988087460e-01
5.012856823831044473e-01 -8.466140067391592083e-02 -8.796259571931932530e-01 -7.291800906134242588e-01 -8.035754045324505768e-01 1.750088406838947730e-01 4.378787580055290007e-01 -5.433486583175968221e-01
6.433188799542963743e-01 -1.025254318307577961e-03 6.726545435736761558e-01 -7.395211752507724334e-01 -9.808094904162678596e-01 -7.377990361416053577e-01 4.215865345008542597e-01 6.812195529940310301e-01
1.437462933402058107e+00 1.242241392767005070e+00 1.330861501649220457e+00 8.287138247052597828e-01 8.524840618402101944e-01 1.473192457265021460e+00 8.958192646666749415e-01 6.326100391880055129e-01
