6.775775521459763695e-01 -1.709214811977266546e-01 -8.741513509295779638e-01 6.589380944720462097e-01 4.083573761279910563e-01 1.600359784587761514e-01 3.500848157813818418e-01 -7.167133998834698261e-01
1.628229055738401598e-01 7.970367057046248149e-01 -6.074319333708009250e-01 9.575307558680663522e-01 -8.027114743447625322e-01 -6.168680614437762610e-01 -3.412524986564480223e-01 3.411487457876798413e-01
-5.405660146743178629e-01 1.546848474665747375e-01 9.895838223740938133e-02 7.812683425541442350e-01 3.677475653947173129e-01 -2.605751851312532175e-01 -7.691945589147144435e-01 9.209420548749045476e-01
-6.107037044187029196e-01 -9.348519778039556805e-01 1.118949742748562848e-01 7.730220592144156910e-01 -8.163212570690276948e-01 -5.261807037594679048e-01 -2.321408619424181197e-01 -7.538035191039529348e-01
-8.878924583924059366e-01 3.650411352394413722e-01 -8.143483757462415262e-01 6.445663567706931829e-01 8.855489083192780164e-02 -9.053593355546050159e-01 3.217370082546477938e-01 -2.956735926483944343e-01
-9.525793906667809896e-01 -4.717591768743871761e-01 -4.201100926769616439e-01 5.447407579227530050e-01 -8.417191358171818294e-01 6.705332784497257670e-01 -5.401341596039732629e-02 -4.607090522567756086e-01
7.560784596286083126e-01 -6.776893378345212327e-01 4.742923983028326518e-01 -8.294747891802818351e-01 -3.546906823184292623e-01 8.031008421879157755e-01 -6.026909530656794356e-01 -2.812194758343933287e-02
-7.340139590677048353e-01 5.761719170873045304e-01 7.494726730502692114e-01 -9.273564435042414011e-02 -5.751905997206518961e-01 -3.234363144921870159e-02 -2.254557535309917871e-01 -9.757105006788682200e-01
-8.300293637403495239e-01 2.598360881456811544e-01 1.723118226826736432e-01 -8.523394055134003722e-02 3.473104207288173484e-01 3.016866622592233593e-01 5.811233052187332326e-01 6.996189160284687070e-01
1.194381476188708602e+00 9.376045603514406857e-01 1.044203291977582770e+00 6.392047442768133969e-01 1.260324026347915183e+00 1.106881172969191862e+00 5.706535912993930815e-01 1.113717364534272392e+00
