-5.283908467541400533e-01 -3.246474135902133185e-02 -8.564707715199826321e-01 -9.593671201171196650e-01 -5.115619507858251147e-01 -1.037104553486682956e-01 -8.444070588320262694e-01 9.204674902920650936e-01
-6.445192148356000406e-01 6.919619921826947184e-01 -3.417132071736974641e-01 -2.857907292914805275e-01 -9.703259852132333219e-01 6.436186020332532731e-01 2.591471434420620223e-01 -9.770938177973551575e-01
9.674088650761878405e-01 7.351119109802959350e-01 -9.776857624753432230e-01 5.377123841519015901e-01 3.282490407448741543e-01 -1.424447609148635774e-01 -2.265151396717661747e-01 6.796233680561545309e-01
3.791600965660766320e-01 2.060924746360992543e-02 -3.783284622632665517e-02 -7.503803194281115641e-01 5.002837102856627638e-01 3.673482034291644105e-01 -6.783045231640043582e-01 3.832490264093471044e-01
1.056178149538877786e-01 -1.073043561835720361e-01 7.004445416514215594e-01 -5.795216828313682900e-01 -7.630958695918315104e-01 -2.220179383346687629e-01 -2.118907278614805545e-01 -8.907920758759013680e-02
8.090772667058980794e-01 -9.222073301870770123e-01 -9.480551403297083901e-01 9.066445030310135156e-01 -9.486068428534621955e-01 -7.362706965451648600e-02 4.215017298697303350e-01 -6.750030683444818713e-01
-2.792835569068010670e-01 -6.781470380522354180e-01 4.755568657794362331e-02 -5.020592146018965085e-01 4.822054837475657774e-01 4.038394905692770376e-01 -7.840671008116957275e-01 4.481522680912313206e-01
-5.580039894667758738e-01 -3.099829323655831637e-01 -5.891950182736425123e-01 -1.287763724236026253e-01 8.817096019465386902e-01 -1.215521048460121989e-01 8.151928384328606114e-01 2.855902918156620895e-01
-3.346161857688834118e-02 3.280623693424189469e-02 4.453995689682077597e-02 6.029719253125354061e-01 -2.592092441143549753e-01 -9.011071508549566289e-01 -1.569509856973470008e-01 4.186717363531007319e-01
7.637905442053579685e-01 6.972078485460871944e-01 1.116355605813629026e+00 1.382889481999705961e+00 1.087569308723798978e+00 6.100099433039409824e-01 7.167415088407509405e-01 1.239339002984273908e+00
