-4.976027184872597875e-01 2.671243989860876411e-01 -6.369092284317408037e-01 -1.685301653189537063e-01 -2.059377891996900800e-01 2.573548772596743195e-01 3.740939169012202914e-01 -4.181969821535949094e-01
3.740182359603656526e-01 6.805918626558042916e-01 -1.880269653295545407e-01 -1.574854971509951351e-01 -9.729066882464862953e-01 -8.568786943384245625e-01 -5.949108751479539325e-01 -4.327215262825268027e-02
1.119941126946988330e-01 5.824105509187915697e-01 -2.336778621302364467e-01 -1.476895777933346920e-01 2.166590854674728117e-01 8.971903330094919138e-01 8.370537816894230154e-02 6.265992595487186456e-01
-9.839467718776748750e-01 2.020928762458584771e-01 5.920004339169318008e-01 -2.006019836225449993e-01 -5.339497700482502829e-01 2.083773105392980884e-01 -4.961280694880301212e-01 3.795588489915102670e-02
-1.451203428473002432e-01 -2.754320090640578478e-01 -5.157196987131935639e-01 7.606249849193851276e-01 4.219442155971082631e-01 5.052931763563064393e-01 3.034262283461055532e-01 3.404869947387869633e-01
7.396738425455975374e-01 -1.671392089238887824e-01 7.275163863817120102e-01 -2.359279253403641086e-01 -8.516175368591505368e-01 1.694510631819232671e-01 2.679004260519628478e-01 2.985704620826736821e-01
-8.501405996785440511e-01 1.832325128830367689e-01 4.630881902599766065e-01 9.396301019012769373e-01 4.949038387358797308e-01 2.642776102869184296e-01 -2.621312296751969750e-01 1.520762680430831626e-01
-8.774144519552098398e-01 4.882058140817138181e-01 -5.174449788266812789e-01 7.702143318868881483e-01 3.905217739642778962e-01 -4.342033253969119766e-01 -3.058082050112302941e-01 3.185527678536617113e-01
-1.568617325585406341e-01 5.566378582226052529e-01 5.720937078527430497e-01 2.215479656658607688e-01 4.276877468541415706e-01 5.543242011768101385e-01 3.186835567616155274e-01 -8.411619844506368349e-01
1.221139457945989104e+00 1.386145874207611595e+00 9.324086849997440529e-01 5.620053028756653024e-01 1.162862942432270952e+00 1.404208740828336133e+00 7.362796213987772287e-01 1.234985732844359196e+00
