-2.578784552252688655e-02 7.148213406170684792e-01 -5.011504434314264511e-01 -3.780468233429035152e-02 1.418582825013785520e-01 5.079030046951757971e-01 9.264209065531503473e-01 -7.549094839120666922e-01
-1.596427629602608089e-01 -7.152711728987355411e-01 -5.878625865402899997e-01 7.001840896410844728e-01 3.647222703448518288e-01 -3.542860807763847930e-02 5.325226111889673763e-01 7.732376995529601782e-01
-9.529730640197466851e-01 5.503298628831116979e-01 -9.042110440874144839e-01 4.688129348703884425e-02 -3.744936761691584071e-01 -1.239974013445279688e-01 5.404997183886139922e-01 -5.554650227768245241e-01
8.518663303086568828e-01 -5.351569954405701601e-01 3.586237436902295350e-01 -8.843825448255777655e-01 5.883424972421751331e-01 -4.278752518633730517e-01 -9.794068943413731798e-01 -2.544666279631568884e-01
-6.352838887877043650e-01 9.956612683387977558e-01 -9.254762961668494547e-01 -5.417395991300011371e-01 5.327801362304973587e-01 -1.186395066852679037e-01 4.369949588944141983e-01 3.805946524836592015e-01
-2.925993426011745946e-01 -7.382593656210210131e-01 5.799840289125277604e-01 -2.281909992679713728e-01 -1.308350301716616482e-01 -5.810787887427872889e-01 9.938788395662221387e-01 1.685150712196121781e-01
-1.381490628114796504e-01 1.319192174928205397e-01 -2.177704944364633466e-01 5.400213625364491676e-02 5.513293947817041740e-01 -9.750865264372825525e-01 -6.654353036212059536e-01 -4.624010012895569677e-01
-2.314519471450646737e-01 7.671387649710634804e-01 5.425635411363010085e-01 9.414416900643700625e-01 5.037481295706558448e-02 7.221585815445619172e-01 -7.376850865355706333e-01 -8.054680483378198197e-01
-9.235376432226165555e-01 7.152438856248226617e-01 -4.995819639484424535e-01 9.683833184652343995e-01 -3.047294713223580587e-01 5.574665743295896814e-01 4.944220472360609797e-01 -2.256622328573305580e-01
1.377316222965956793e+00 7.333793482452536372e-01 6.297703158704532900e-01 1.205993375367410581e+00 7.018067593775726420e-01 5.291111314208198912e-01 9.362127791948973154e-01 1.008394082425573046e+00
