-8.551815351621474548e-01 -1.442880120919114439e-01 -2.374940421221136688e-01 3.954875225263372318e-01 -8.251368513593571041e-01 4.070328906713691630e-01 8.434126607268548348e-01 6.841713274549916513e-01
2.475639188821556758e-01 3.727984971344229237e-01 5.737140066997838961e-01 3.285329929366809232e-02 5.651179962818078106e-01 9.681306161060083681e-01 6.813395385440228491e-01 -5.942161206614482438e-02
-6.840979387056054239e-01 8.027663909327358294e-01 -5.607806461105189211e-01 2.993763758207086401e-01 -9.031868104376392647e-01 -4.346057625932850943e-01 -9.645964501834081162e-02 6.926651005253630089e-01
-1.595531722605463276e-01 1.386260957498208768e-01 -6.856669949515636908e-02 -4.696408726892449259e-01 -3.065362386125156657e-01 5.910461180725512520e-01 7.511647330119584076e-01 -4.337370614890476705e-01
-7.710443834470932511e-01 -1.781875649701860631e-01 2.435557065529356802e-01 8.516856620938673128e-01 9.815223288716021788e-01 7.104506283744556061e-01 8.211654382074378145e-01 4.397560970537288672e-01
-6.255502004877642186e-01 -6.248112382749155813e-01 1.092163023607743977e-01 -6.909251775313034472e-01 -2.003932810072088788e-01 -6.478192517982666043e-01 5.595357894021815159e-01 8.822151091327166128e-01
-3.234701936289994251e-01 -3.461956301317168361e-01 7.542753199911214068e-01 -7.663732365675797187e-01 8.914524960356140504e-02 -4.545183376378165718e-01 9.820694184093341494e-01 1.882019597302257985e-01
1.160166690837347581e-01 -5.166460421620411303e-01 -4.530893931234516447e-01 4.431711024799502852e-01 -5.300194840941956365e-01 9.756900959379952720e-01 9.640714483577774718e-01 -8.087836875558132022e-01
-3.759211371979234162e-01 -8.801901254566726340e-01 -5.651013924356738105e-01 6.219988444162805052e-01 6.409598524416959542e-02 -5.722716501777040943e-01 -8.519887591574641927e-01 -3.938513508587808687e-01
9.820999069755637079e-01 9.311399371219027943e-01 8.332065799935567396e-01 8.165967254477053405e-01 6.343921209301066622e-01 1.143551385885054561e+00 9.852783048177277125e-01 1.193346332461228121e+00
