4.194977525674279395e-01 -3.572980966493075616e-01 -3.755159613954477393e-01 -4.990285608443321141e-01 6.644212902767043794e-01 -4.050426889263447627e-01 5.946218886190930419e-01 7.539860982121515676e-01
1.849771164063187534e-01 2.862264690647808862e-01 8.605663827933514032e-01 -6.234423251798555388e-01 8.762869537770370254e-01 5.350688742359428485e-01 2.147527701732734329e-01 -1.938653005555079911e-01
-3.523647941953678142e-02 2.949752308543973633e-01 -4.052341253911095897e-01 6.466527953797229777e-01 -8.492499750425697158e-01 -9.492128770900030155e-01 3.908311376156210493e-01 -3.564543460114475426e-01
-6.187734360388832400e-01 -1.629596295202271339e-01 -3.360968163806541398e-01 2.846998290103150975e-01 -1.618921612179222702e-01 4.133811075186470951e-01 8.885077774489991143e-02 -9.457570596070943303e-01
1.233362199983698559e-01 -6.086595689217477734e-02 4.109233548155237781e-01 -2.772011155327853693e-01 8.915396449920176547e-01 -5.402879386594674482e-01 8.247312612480335314e-01 6.442416414223588461e-01
6.131955247094511563e-01 -5.352369674922479170e-01 6.693446496232959841e-01 9.978050764307824227e-01 8.670421520039011121e-01 6.405023233148654516e-01 -8.482955299631882440e-01 -3.698658199118034506e-01
-7.005662941979100555e-01 -4.473299476080367931e-01 6.736300180238830038e-02 4.782914339188810704e-01 -8.958101820544506211e-01 6.800396572306324217e-01 -5.676852643212095817e-01 1.808394389576535310e-01
-8.442531778916588792e-01 -1.529384522149761505e-01 3.600670106435834850e-01 -4.399509492339030992e-01 4.040124675888416839e-01 -6.092166201457516195e-01 -9.403023874622786771e-01 3.838977454515355436e-01
6.027577168607345381e-01 8.575155771747944300e-01 -5.282045193582949327e-01 -1.141846590669131078e-01 2.566126872976559614e-01 5.617875198173265527e-01 -1.134345057798917811e-01 -4.801041958222413975e-01
1.433710757552470572e+00 7.213809352164317623e-01 1.345175746804796457e+00 9.082859259208789782e-01 1.169809890734283986e+00 7.767174375748123749e-01 1.474018915047941025e+00 6.696340222626582239e-01
