-5.018197817371337077e-01 2.119100734185581647e-01 -6.477566915127723757e-01 2.630567179525413746e-01 -5.695842755491975495e-02 1.504836805131606337e-01 9.713211529690664037e-01 -5.018668558679710845e-01
-9.042038865125945346e-01 -2.122129519576301249e-01 -1.934449225079912793e-01 -3.071529863123534376e-01 3.235941519571294833e-03 -8.107422260368273292e-01 6.608671301283237653e-01 4.735894315079127725e-01
-8.436421851759854373e-01 -9.461619521257507159e-01 -7.539597814096183903e-01 -1.643408619776713930e-01 -2.277591203207278703e-01 -4.709245206356698077e-01 -3.032303748569102897e-01 -1.371919027265033897e-02
-5.344633651063512847e-01 -6.544009231107650315e-02 -1.880083096780098550e-01 -6.983524687256703611e-01 7.529405313578787506e-01 9.452744395126000398e-01 3.021568933887734953e-01 2.489883706477533654e-01
6.110937565489380496e-01 -3.351095654893665454e-01 -5.013981506010050104e-01 -7.034074654904112212e-01 1.388214844057160668e-01 6.543050008822488550e-01 -7.985953089282042949e-01 -8.572992763195153021e-01
-1.276726190274153350e-01 1.778088173399621219e-01 2.949067320226061995e-01 -4.972074247595028584e-01 -8.199562381151426216e-01 -8.910764516292051240e-01 -3.895369668218688908e-01 9.101775632246678072e-01
5.981185801729802520e-01 -3.791799931486667941e-01 1.123522744865950163e-01 2.432345296125211220e-01 4.538002771318887518e-01 -6.019171563777505618e-01 -1.382791496950412924e-01 9.911217965454066636e-01
-9.184609680783724084e-01 3.804145868446358048e-01 6.838868666008466324e-01 -6.594973808403647997e-01 -9.905241821722459150e-01 2.639315918888980317e-01 8.484750704734282944e-01 -7.957742774915788075e-03
2.547278025144328328e-01 7.473288197319327697e-01 1.891690628060000989e-01 3.546209931929358294e-01 -6.354557186294240712e-01 1.212945805659819687e-01 -3.509096633381445507e-01 -4.278394718248743622e-01
9.397450969994456393e-01 5.232430355189616744e-01 1.132353190842898982e+00 8.184418479198669605e-01 7.547954111692569690e-01 1.149315528584817336e+00 8.237544093604403095e-01 1.213289481532953129e+00
