6.574749944832103399e-01 3.077691331147547338e-02 -1.367699846302938838e-01 -3.589812034814072739e-01 5.241096235150266569e-01 -6.392634219724584455e-01 4.036810289160221998e-01 -1.087983192219907913e-01
9.251812034309054855e-01 7.727757630214866502e-01 -1.806872757995019452e-01 5.825652573508826038e-01 3.930912748984494165e-01 -7.708459363532786934e-01 -7.183810156827563631e-03 2.427125145728870059e-01
1.732299352073263243e-02 2.984466870309492315e-01 2.154709935895811057e-01 -6.380508797188735315e-01 3.052273454632659089e-02 9.242072164164072401e-01 -7.352627559273663405e-01 1.405150162605135478e-01
3.050710663958373647e-01 4.886861528140653554e-01 1.084263507749714250e-01 -9.533409662234910709e-01 9.298069968599826929e-01 7.810493641267191034e-01 -6.578691326317753774e-01 -3.978723242142421235e-01
6.061527029556113000e-01 -9.439123801707525185e-01 -1.087706703505564310e-01 -8.694070752298408422e-01 5.051015475768214635e-01 3.749437650877083250e-01 1.239552799917551518e-01 -9.845958443439744023e-01
2.432592443609367105e-01 1.873319504311168338e-01 -5.490375450428190973e-01 -4.649827171494969047e-01 3.788186754609039752e-01 3.244670058783274413e-01 7.977737813902190389e-01 -8.554339701156221665e-01
-8.111796713069814313e-01 -8.100925378420253953e-01 -1.957518727761038413e-01 -7.283947608375869187e-01 5.563479622062761365e-01 -4.135231381534543171e-01 2.460365325857953867e-01 -3.358937508242716419e-01
-6.532057334134311333e-04 9.747104190100119858e-02 -5.332571277631072970e-01 7.949666888467057380e-01 3.577239077869951434e-01 -8.862694906499142267e-01 -5.412149332621341014e-01 2.126830126315051306e-01
-9.893673510030205343e-01 6.576642644296553097e-01 8.919861284989800687e-01 3.677796133990542948e-01 -6.703390830969884195e-01 -8.960588065977752592e-01 -5.059775844889520258e-01 5.894198978066038652e-01
8.975689092602289199e-01 1.325924898774150096e+00 1.004346450039719230e+00 1.297335803630833784e+00 5.387332296087974370e-01 1.060449879966595343e+00 1.109517106418970389e+00 1.137237811723347036e+00
