4.450306845388836141e-01 6.114606428043594111e-01 6.609231505688299979e-01 -6.447295061289073370e-01 -2.721105933033838298e-01 2.900247225581777943e-01 -1.901398575976407379e-01 -3.464802788774734577e-01
1.782283002838298547e-01 8.448928815439222806e-01 -8.895586179650871728e-02 -4.819033879510594698e-01 9.335959807023186396e-01 9.032153142392707057e-01 -5.441178552315510952e-01 -7.045211768271533170e-01
2.973188020807151499e-01 -1.551589150640129144e-01 -7.905983376128389306e-01 2.567090545620551723e-01 2.836891967281427451e-01 7.096242668724062064e-01 7.830499436345406128e-01 -7.271787785204062438e-01
-1.749099815001997626e-02 8.619386206689803043e-01 -2.073106912223610099e-01 5.039858020380785231e-01 4.087964519463931357e-01 -8.783870538406453043e-01 -3.440822072333782344e-02 -8.244150931203884092e-01
-7.499629447028099971e-01 -3.582466241053023914e-01 -1.449571113933534328e-01 -8.836515890364875503e-01 2.354937739017479714e-01 6.351169726283270034e-01 9.224381296907318006e-01 -5.922382251621083338e-01
-7.786860439448193283e-01 -1.757386410853438719e-01 4.670667082354693633e-01 6.226116140153592493e-01 -8.617616748880756461e-01 7.769045279184449981e-01 9.300399250766908654e-01 2.610657157219580249e-01
5.660456022152644540e-01 -5.385996597607745073e-01 8.484311163293214442e-01 -4.430846141853694853e-02 9.268593838070218194e-01 -4.357234957484159565e-01 1.379822041590927917e-02 5.646121477268604139e-01
-2.481598315727187032e-01 -3.750314457250569777e-01 -5.950950682684612580e-01 -1.753613394898432265e-01 -2.136877986228851167e-01 5.597759284029442117e-01 3.939602701885021041e-01 -3.142440717375447612e-01
1.029122351586644335e-01 -5.257206341726352594e-01 1.125224715287085342e-01 -6.011762905794444389e-01 -5.469666864557178876e-01 -1.145241471160705071e-01 -9.839765850697053118e-01 3.788604307093514922e-01
7.371802089221143328e-01 1.312036266548337604e+00 1.080778952818783445e+00 5.846603030377625076e-01 7.398905455626650918e-01 1.236123808388997158e+00 8.144798053374583402e-01 9.118480368625478949e-01
