1.353066196017596035e-01 -1.900386243485983062e-01 -7.102620319795360793e-02 -1.645447216838591409e-01 7.505016318196529035e-01 -4.264687425275746069e-01 8.943955138324375387e-01 8.658213931329090673e-01
6.122626292313477769e-01 -5.625280447333345091e-01 -1.368678009033894583e-01 -2.021154389048152034e-02 -5.492492194421680907e-01 -7.970819506575848035e-01 -9.232792885862950438e-01 4.249230974038853414e-01
-6.797491168535698680e-01 6.058587071686072356e-01 -6.066365494324184038e-01 -9.747722137710697066e-01 -9.604650996255448270e-01 7.823424096734519217e-01 -1.689449198435231114e-01 6.330618871609841047e-01
2.997147083653024513e-01 3.482385935485514672e-01 -5.959174819519061916e-01 -5.621374458788366280e-01 2.330423756298793947e-01 2.376058769556894656e-01 -4.070381180391602349e-02 -7.597875950951318291e-01
9.612876658576345879e-01 2.368727539234174451e-01 -6.550482973851605717e-01 -2.046396273413000344e-01 6.381967853009999914e-01 -3.894842754310536836e-01 -8.731151079085399669e-01 -4.925148899913156519e-02
-4.791641898449567893e-01 7.045314779296769636e-01 2.766580551399016041e-01 -3.446443267890786366e-01 -5.955987786197325384e-01 -6.608584943625723795e-01 -9.368513559295690296e-01 -4.572396085468211080e-01
2.709817040033284385e-01 -3.413189256576851793e-01 -1.351875059931375578e-01 2.645725156655902577e-01 4.710475509044373954e-01 -6.938773388178409718e-01 1.092754498098984506e-01 7.181419395574910602e-01
4.789349295643154925e-01 8.776637469788424184e-01 4.444629516692071292e-01 7.107352737106364948e-02 -1.098049030101080348e-01 -2.345186214039964856e-01 -7.135533753377683031e-01 7.561502192211473350e-01
-2.980399950218672878e-01 1.790970105620095509e-01 -5.242557273578585253e-01 -3.733246397877936218e-01 -8.256348000081721317e-01 4.955540831848481709e-02 9.071974616964986193e-01 -9.150826275316492620e-01
1.466765664848557194e+00 7.338710237792697155e-01 1.400272768008163027e+00 6.531745891218466715e-01 7.330456207444299155e-01 5.354972283000918321e-01 9.768101247002377585e-01 6.902718055152397003e-01
