7.824995281601432318e-01 8.291272501948756535e-01 -7.350704627434903049e-01 -9.832149120354380933e-01 -8.097070681461246977e-01 -8.677418204004909708e-01 9.960101129076548432e-01 5.208151562482288277e-01
-7.879871248753267388e-02 5.486630720375103021e-01 -4.607990046873688961e-01 -8.975340735233485745e-01 7.176676003508517532e-01 8.054497117957442054e-01 3.149462286415127821e-01 2.108428448030164049e-02
-8.823196977874105951e-01 -4.774312439614993853e-01 -6.006277924597569484e-01 1.306626114912574632e-01 -1.541141466378646019e-01 -5.988410123693850284e-01 9.250139291245740303e-02 -6.048388157013095956e-01
8.051910500167844820e-01 -5.754962348831047514e-01 3.168037325033021823e-01 1.966178415035630955e-01 -2.143652738771497646e-01 -4.797178363829095460e-01 2.017899784550190034e-01 -1.815981734026910210e-01
7.960014070035059675e-01 -9.011124162796619874e-01 -5.157370295587433429e-01 -8.867325914317867319e-01 4.441002423153499468e-01 3.041742734055343789e-01 5.130977814446249230e-01 7.582570405498370025e-01
4.258675971059615595e-01 3.771680001062427401e-02 9.277721627235306912e-01 -6.571109746035330712e-01 1.861780589457691093e-01 6.011179996277713489e-01 -1.288090734490126010e-01 6.438137671005299545e-01
-1.461525221456569934e-01 7.700583543052601510e-01 -9.956364305920120117e-01 7.590980570233174518e-01 -5.710078731897696436e-01 6.246030588235857994e-01 2.114137405396030456e-01 7.105130871584668384e-01
2.616325343837668793e-01 -7.516985472855448602e-01 -1.251265723216266057e-01 2.165260383892384510e-01 1.745898140610904203e-01 -2.136445210524213767e-01 9.649197132166336122e-01 5.636202150571254510e-01
3.584499198486814642e-01 9.895397691696072862e-02 -4.202745642610137278e-01 -4.945730965296148973e-01 -7.228083299100978021e-01 -2.127692882072975689e-01 9.684706913575642506e-01 6.360217734814983537e-01
9.980866672711340426e-01 6.922975153682323635e-01 6.341178250744112788e-01 1.459460943139225364e+00 1.082157504761234845e+00 1.430493696744468579e+00 1.452080089503190896e+00 1.179283068255952083e+00
