-6.123422827849736017e-01 -2.375624698015215142e-01 -8.932054415940693382e-01 1.482518704143376276e-01 8.520239685986144007e-01 9.705791650525890102e-01 -5.254396912898053884e-01 8.635874155297118548e-01
1.161424353508062612e-01 -5.356185172175476072e-01 -2.460947246540634570e-01 5.068751623076823698e-01 -9.018434960053516303e-01 6.138619437688694891e-01 -9.210237128462919198e-01 7.236907876962019870e-01
-2.659761130932247752e-02 6.070141736361236440e-01 -2.482367520030235308e-01 -6.105994292670740009e-01 8.630945400782483734e-01 6.094751436688365942e-01 -3.632719207799495198e-01 -3.914079893267530252e-03
-4.553668391756067191e-01 -7.991135050527331529e-01 -3.270177631059787426e-01 2.263130698947881658e-01 6.742944098658099072e-02 4.076660291225320254e-01 -6.738769207412342865e-02 5.269622676467777822e-01
-4.112470757103434682e-01 -5.915299736895880400e-01 5.881618319120469618e-01 -9.132815438904287042e-01 -6.595151236548719709e-01 6.414045325904949024e-03 -8.998824197316535045e-01 6.889077215434857848e-02
-7.348675213254953764e-01 -9.628470140026410551e-01 -1.906265687095203276e-01 6.053853346864099816e-01 -7.847918181482467226e-01 6.606715093661228444e-01 -1.705993931174283329e-01 -2.829006201749399985e-01
2.044710881174258699e-01 -7.512388975063788443e-01 -7.994432843990151305e-02 2.505949480010059016e-01 -5.423752202827054614e-01 -3.456165441521115156e-01 5.814853746637804743e-01 -9.185380132757157146e-01
2.390125551547925831e-01 5.641985232885151635e-01 9.392981560945914410e-01 3.903060704375778123e-01 6.971166841048168639e-01 -8.009569477186271325e-01 1.403579434712851626e-01 5.804811621436547497e-01
8.617833132512469074e-01 7.823550243402004334e-01 7.560224710894682953e-01 7.239625040403598888e-01 -5.516117850528277078e-01 -7.196375408859254641e-01 -1.779305499364509657e-01 7.100314482528096161e-01
9.937304452078942196e-01 5.977867298529355722e-01 8.104012407372623850e-01 1.330172849932986345e+00 7.956356804367002988e-01 1.347821369050815399e+00 1.184722524043382741e+00 1.206102913704342861e+00
