-7.123147154904894141e-01 -8.973567019421961888e-01 7.402605401653103989e-01 7.489884191288322945e-01 -1.455669195143904915e-02 4.847595325210796169e-02 8.522566180297204141e-01 -8.030726259373053288e-01
-3.481457675658201634e-01 -1.285360893687428341e-01 -8.087899296200040666e-01 -1.715780387648764282e-01 -5.412946361648842686e-01 -5.039785841506259079e-01 8.241813072870922685e-01 -4.436795831063446993e-01
-6.998559164299493762e-01 1.814577628214437688e-01 -6.404769559945044932e-02 5.535519953236971435e-01 -3.904579695048369103e-01 -3.162529346248637019e-01 3.354133346956493789e-01 7.075127620776744397e-01
7.878160088271239925e-01 -6.611407768201555957e-01 4.768576422215538013e-01 -4.166332316057159701e-01 -9.626855001474348139e-01 1.019438753491428429e-01 2.008191731787405399e-01 1.602196072686694617e-01
-9.998202077750806271e-01 1.396483574963733876e-01 2.965247981030330049e-01 6.739349824637075326e-01 -3.900612002122305633e-02 3.387648710627089166e-01 1.429635122211081466e-01 2.172530135532266815e-01
-8.483293473615065583e-01 -7.026582221605519596e-01 -4.722657630039095444e-01 -9.759438363648347270e-01 8.345666614059754629e-02 -5.513547798651599052e-01 -7.543020805476297053e-01 -7.254876378270618265e-01
2.685514520873746314e-01 5.559109569495988001e-01 -3.399663672752069044e-01 -1.718351759652099187e-01 -4.045865141490723182e-02 3.533616987970160661e-01 -7.862904882044141619e-01 1.529745185479023384e-01
5.524430079004130079e-01 -9.511772947872605410e-01 5.378217659113515570e-01 6.668490361359837859e-01 6.306459571445823808e-01 -9.617377524864112459e-01 -7.298848237657835636e-01 -8.318539219014897679e-01
5.541172881388334304e-01 9.101858610816531137e-01 7.446603117285333084e-01 -9.487852190873742320e-01 9.597798613680426083e-01 5.040024359385071318e-01 -2.402253395896802868e-01 8.934623764383184952e-01
8.457423284399807617e-01 1.416306555713511717e+00 6.714630010181479314e-01 1.158473996987853027e+00 1.049273146162213344e+00 1.433583697469988483e+00 1.317633894595363397e+00 9.557636747424277379e-01
