-5.897355944655999771e-01 2.304851129704865720e-02 9.711418842608270374e-01 -4.601463502557652241e-01 7.238511539358269964e-01 -2.040889941207812974e-01 4.008021875815086510e-01 6.042493893223468415e-01
-6.968825332431307640e-01 9.222127452178066065e-01 6.699931555623006574e-01 3.625438691431588367e-01 9.111333819267473100e-01 5.749294235946771359e-01 -2.500180389150494786e-01 9.466386950605858441e-01
2.341266479549852786e-01 -9.737342770763017796e-01 -7.703638629060025611e-01 8.599953907434965128e-01 4.016750930396697505e-01 7.392675355496123313e-01 4.648898533019978352e-01 9.344577906129363232e-01
1.341686141898701390e-01 5.654531982273096613e-01 3.649966682738738921e-01 3.321191234502145484e-01 -1.513753251072791350e-02 -5.056285246820069190e-01 -7.396892775171810541e-01 -2.152922506343970532e-01
5.533362204804053164e-01 -5.116302981626137392e-01 -1.798806332101594574e-01 9.867004073380485352e-01 5.993005775217845610e-01 3.986385001732282163e-01 -4.130898038248174142e-01 -8.504930007910305179e-03
-6.056693964857562396e-01 -7.991756650516650407e-01 7.652197539043843477e-01 4.664083555613574017e-01 8.799650940037297975e-01 -3.251869219924434784e-01 -1.937213182062125227e-01 8.720514739239191293e-01
1.966313813765414586e-01 3.357549047884778037e-01 -9.755829018784796247e-01 -9.343445155957093018e-01 7.090745618226976799e-01 5.184584736351440792e-01 -8.901654199452075922e-01 -7.516461889481624858e-01
3.474560202540577514e-01 4.761101024349081445e-01 9.510758745281837623e-01 -8.661550250390790406e-01 -8.232919915467880045e-01 -8.194140987812190691e-01 -2.827428734909862573e-01 7.820176661362074899e-01
-5.508147968681407214e-01 -6.877631493828479936e-01 2.244785255812307145e-01 -6.818653033628052640e-02 -6.190564061161585308e-01 -7.363182727706083508e-01 7.477596668342778585e-01 -1.910511464035620222e-01
7.139001728040607064e-01 7.979194158258081648e-01 1.475114724714164050e+00 5.735547627359466327e-01 5.622536927921775174e-01 5.933661547939247383e-01 1.113691493071304217e+00 5.347628543375656518e-01
