-4.117620128471373153e-01 3.776354625110340812e-01 2.009489831027089224e-01 4.322380722869696434e-01 7.050428558689558756e-01 -5.192065193397166212e-01 9.488958032375409690e-01 6.121330430865412620e-01
-1.816408203353570006e-01 -3.101754938606868794e-01 -8.462019367537416681e-01 1.837366669011768483e-01 -4.489835515558573409e-01 -3.205918171757877744e-01 1.749502712710861996e-01 -7.569329729790308381e-01
-6.496805855373135596e-01 -4.781794836053052666e-01 -4.461494976794102563e-01 4.412833298540965732e-01 9.983422569182074380e-01 4.530797691458086085e-01 5.747300242540063220e-01 -2.727012638385373222e-02
-9.774315761588048268e-01 1.040922410190119329e-01 8.819539220283734160e-02 8.611876213662550406e-02 9.604971075921593382e-01 -3.734557023781883700e-01 -3.175279473817393949e-02 1.829890679375512086e-02
1.382018586098077151e-01 -3.163842291074141500e-01 9.747761449611900275e-01 4.231215674432586837e-01 1.184383268812647660e-01 7.377403097833690193e-01 9.772284416207612789e-01 3.440442034432025231e-01
-9.236452127400487377e-01 -9.042501750907250280e-01 -1.716491688847141539e-01 9.214872747203097791e-01 -5.101917562108411186e-01 4.964644395695290147e-01 -5.967280703525170704e-01 -3.036419971808053120e-01
9.788755447694736933e-01 -2.108412801586059260e-01 -5.128503039167451316e-01 6.396069155972996523e-01 -2.251039981227604958e-01 9.849142268241455334e-01 -8.746860859231269103e-01 -7.872275947012092878e-01
-3.653413698221452677e-01 3.423150321390431294e-01 -4.583177142578358509e-01 -2.901712951043229349e-01 5.286919571170320964e-01 -1.775875369265322856e-01 7.802923014491598419e-01 -2.613814723793634887e-01
-9.507044448264672099e-01 7.913082489834351030e-01 -4.912692800964513218e-02 -8.196666950933015894e-01 -4.277705325455283258e-01 -8.477706218972014263e-01 -7.327588616558367018e-01 1.055497724810352533e-01
5.950657119155156050e-01 1.327444541562013303e+00 7.040092816215034466e-01 8.352797753875843556e-01 1.105732282055530646e+00 1.158757864162032636e+00 7.104042672788585255e-01 7.701707175680707618e-01
