5.457420075534706871e-01 2.954346297480572314e-01 -6.905452024250571252e-01 6.496909293497066251e-01 8.916437928397686896e-01 -9.674493867407307768e-01 1.604481969398618979e-01 4.414489697713799288e-01
6.088392142846585919e-01 1.832595753476704559e-01 2.215451923525788569e-01 -1.333838503773663309e-01 5.099914690918614379e-01 -2.776776154916018591e-01 -6.241183672330357091e-01 -9.444303983079507248e-01
6.054629182257971198e-01 3.987445475928494965e-01 8.601798093784980281e-01 2.521718054150330346e-01 3.417803408684856326e-01 9.215156561971267202e-01 8.424228166795730832e-01 6.420416553004115734e-02
8.788363343548979412e-01 -2.769474597831189655e-01 8.212999669835541194e-01 -7.705312052539416978e-01 -9.008084935161186912e-02 1.479869786312828506e-01 -9.330159585995565497e-01 9.861531623040604710e-01
-6.883366002039972287e-01 -8.167846749724652078e-01 -6.860855273686603528e-01 -7.678952597240180644e-01 -4.127971732264923421e-01 1.149968044372033926e-01 -8.361928957493216519e-01 -8.330008967082918048e-01
-5.401660045347802530e-01 7.743166232415710226e-02 2.207636348013035654e-01 -5.251719133725469835e-01 5.956083326478722739e-01 1.204839527870233962e-01 -5.270007239965994739e-01 -3.960855823509503715e-01
6.243510023232756723e-02 -5.687632524288577240e-01 4.359042868140383664e-01 3.573621737094865303e-01 -4.443673831777970040e-01 4.405155761679615534e-01 -2.491923239783053745e-01 6.961612522022815330e-01
-8.725980894502973761e-01 -1.859041907990304221e-01 5.488838597343570491e-01 3.479742251238908679e-01 6.636579213547737499e-01 -3.654595795971484762e-01 -2.869002134118974201e-01 3.025663812988781398e-01
-1.664667858944575141e-01 -9.206049943060470309e-01 -1.204456369185011866e-01 -6.382692717740043875e-01 -8.564330912540769614e-01 6.638453885593074144e-01 5.348721524385413595e-01 3.143626764049016753e-01
9.331580005992103910e-01 5.562551713862131653e-01 1.253133682792475945e+00 1.478980011657820448e+00 1.450916508532597682e+00 1.156703286967294630e+00 1.192037959046721163e+00 8.543655422541239775e-01
