-7.538164630916703857e-01 3.848646439555578613e-01 7.232702098408971825e-01 -8.293999941705547663e-01 2.658541367337037276e-01 -8.712916832526029776e-01 5.244490816571243386e-01 4.702558317841023516e-01
-4.303843992354856596e-01 -6.719229750154083192e-01 8.100441731304415249e-01 -6.045430301179217647e-01 8.703571266587220023e-01 -2.503375569650170274e-01 9.774484440218433878e-01 2.900461854857097066e-01
-2.273898857962637354e-01 8.251034461742621229e-01 -6.801742693954193619e-02 -4.044063150716443733e-01 7.847223563509879707e-01 -8.081073397767277733e-01 -9.260828234734745923e-01 2.602724147997397264e-01
4.162366315295282782e-01 4.001423761730582562e-02 8.056513646332130740e-02 -5.340562818091774133e-01 6.053146502525474926e-01 -3.248058380744862639e-01 -2.977166628549823280e-01 2.333498131115887553e-01
-7.779971219564185692e-01 4.319021797608013635e-01 -1.461878154903613058e-01 -5.195185259969412606e-01 -5.938024573331248668e-01 -1.924042260334035692e-01 4.686005411906692952e-01 -1.331986098279922537e-01
3.777446830542490197e-01 -5.380116336032025881e-01 -7.752005950075315788e-01 8.128397511076079773e-02 -7.170851062980261315e-01 3.419988684639501120e-01 -1.747851192993399305e-01 7.733790412519565560e-01
9.759638366649243668e-01 9.134495598643210812e-01 1.853964447181117858e-01 9.461804411612144694e-01 3.208263382283671472e-01 -3.241460892253127390e-01 -8.122753400063780216e-01 4.511496616770205303e-01
4.040379699013449954e-01 -4.898347261575284328e-01 -6.376567067268164024e-01 5.278909512273524118e-01 -6.197809041314223943e-01 4.962962508087516156e-01 -3.274757257681006895e-01 7.942790396483143667e-01
6.966150950736844649e-01 -3.733652913838942933e-01 -4.223310709285370557e-01 -3.403018540250517532e-01 -7.278930250498389931e-01 9.846526909226716029e-03 -5.821988476126491729e-01 1.266239481680695445e-01
1.012467739268717581e+00 5.550326261594379362e-01 1.377129232413325965e+00 9.155511277615080434e-01 1.110714044836389025e+00 5.461036796711794539e-01 1.325319160666369456e+00 5.594725309135307745e-01
