3.680665280469115341e-01 2.658253727128725430e-01 -6.442088185596213101e-01 -7.639782955532250508e-01 5.712594137284152662e-01 4.773487467033257214e-01 -7.077800322776079955e-01 6.311934505743814761e-01
-6.260882292980092245e-01 -2.137190886169948456e-02 9.180675848092365587e-01 -7.882007801857315865e-01 -7.320871921460803122e-03 1.257723368423788735e-01 1.822249046308412890e-01 7.498649123723453158e-01
3.970907836442008065e-01 6.400837900909652767e-01 7.247614109343096800e-01 -9.067108227069782256e-01 5.383481429033598609e-01 -8.250417325354097997e-01 6.372951514644575877e-01 5.316641724650639222e-01
-4.602476163619455551e-01 -7.590905545388673126e-01 9.622156505284629180e-01 5.177512450750134665e-01 2.827502919101583245e-01 1.878159057461441517e-01 -8.312329842823922288e-01 3.606188638215475084e-01
7.531016286950233951e-01 -4.487268811406024405e-01 6.939298813762595497e-01 7.668231089155397306e-01 -4.522147440800692308e-01 -6.661084672096344583e-01 6.924694216801750013e-01 -4.208298865662487565e-01
9.329985746733027163e-02 -4.981100378909437687e-01 -9.866521199830535771e-02 -2.525579617937390164e-01 8.167853623469718549e-01 2.150758335142071154e-01 -3.246009119581032554e-01 4.590498194959244938e-01
-3.175685731141391077e-01 1.168179632032884108e-02 8.992151605675235970e-03 -7.945080733030127629e-01 1.764192825984653989e-01 -2.743527758055626098e-01 -7.452158182595585156e-01 -1.450738997736933378e-01
1.834749488830282882e-01 6.371938127672849284e-02 7.366890658805507197e-01 -6.074292198244577445e-01 6.110636949133056994e-01 2.757759215364623540e-01 -3.298662814803996479e-01 2.287615575662975687e-01
3.860535069248836049e-01 2.723625965229266033e-01 7.049398161973585708e-01 2.738394460182465018e-01 1.574011007596198830e-01 -6.780430888233865971e-01 7.396538614076499929e-01 5.367471695646102159e-01
5.600131311054689087e-01 9.355459386881080919e-01 1.304191855362153651e+00 1.216097569008580015e+00 8.285330896098879183e-01 7.357656234625524760e-01 7.668625579447703178e-01 9.227056304620562255e-01
