-3.103165900950628497e-01 -4.188749404947356147e-02 -9.053195712146002716e-01 -8.934712949314862485e-01 3.002670691683140269e-01 -8.463784118679451574e-01 7.985280362221545136e-01 5.340554822839831406e-01
4.033029404611674362e-01 7.925857782879124347e-01 5.994054740810035309e-01 -6.510878412365184165e-01 -5.172065497140683199e-01 2.691327028337959781e-01 -3.592064986363097123e-01 -9.398811401492142004e-01
5.060641709028461666e-01 4.460287416250714454e-01 8.020003041432257618e-01 -1.483519202348757560e-01 1.922029255503336920e-01 4.964085158366173811e-01 4.786907104227886567e-01 -7.748516398796714277e-01
-6.868451825208110595e-01 -4.415323854782025048e-01 -6.156426256694818022e-01 -2.965837876059995715e-02 -8.236082579628161149e-01 4.074969769435716760e-01 -1.961992644211483228e-01 -4.905305522436929078e-01
-1.657289383165545527e-01 -9.720623118017064357e-01 -5.992204078097822517e-01 7.753580536509063759e-01 9.332341680161924113e-01 -4.352741461728035777e-01 4.947669687732503263e-02 1.491343517540717478e-01
-7.640412020471005761e-01 -6.015427662190560021e-01 -6.503225797739271563e-01 -3.276960008650342537e-02 4.934300785618690455e-01 -3.836272318262519132e-01 -2.173110290459940863e-01 -2.346933421939740860e-01
7.581557445748585700e-01 -8.939334501304601055e-01 7.640656752879659841e-02 3.484184242834924561e-01 -6.906901834138623464e-02 9.173366774313789218e-01 1.667252598895689886e-01 8.289544584633792290e-01
-7.157941122744275741e-01 7.358747515283292628e-01 -7.821886421627000097e-02 -6.928134520750930392e-01 -5.150442051471906257e-01 -6.507605199012727049e-01 2.820134869948713874e-01 -1.665002962381785245e-01
-5.856446665762600201e-01 4.859360646288610752e-01 -7.469399214780452212e-01 1.478392519517173209e-01 9.789309337175013948e-01 -1.872333029854944542e-02 9.697973207953518582e-01 -8.138909287811630922e-01
7.417902458375311703e-01 8.458531895036769388e-01 5.834578955687602653e-01 8.162149056061005492e-01 1.279177298569353916e+00 5.407964538633868168e-01 5.693687931502336985e-01 1.184931503694278021e+00
