8.786049796000303669e-01 5.573867579162303798e-01 8.336686707293989862e-01 -8.974389934193107710e-01 -9.755914698943657370e-02 5.666963001761349261e-02 -7.855231792614270070e-01 -2.310051347907224883e-01
-3.298779825148168143e-02 4.576424806123629008e-01 -5.548556137113289655e-01 -8.358469702300121984e-01 4.539023804010204888e-01 7.257121958741086232e-01 1.062008228112794050e-01 7.685095791244598296e-01
8.516386405141447291e-01 8.865381612108911291e-01 5.507343812476701572e-01 -5.054197743656012598e-01 -4.126887089337922809e-01 -5.914034942877475221e-01 -3.407487515396394606e-01 5.460278430734881727e-01
-8.328616660170675701e-01 -7.214943564877693838e-01 -6.492395326923872112e-01 5.188481575880350416e-01 -4.401491628908595910e-01 1.204851788131613421e-01 3.451491708850205065e-01 -3.977011548807560803e-01
-2.728264877205701655e-01 -8.483127520542996791e-01 6.399189512566338944e-01 -3.384425156790560330e-02 -9.327494906875726244e-01 9.501784291597179521e-01 -9.632244917517369664e-01 -1.242399506040448021e-01
9.860825002734747713e-01 3.250231029266434923e-01 -7.863039384841230550e-01 5.546447876896039020e-01 4.673041139187705806e-01 -8.878585005343071490e-01 1.863151160199643108e-01 -1.612233451680356033e-02
-4.566851512601257657e-01 8.313752293462763898e-01 2.472770923572404911e-01 5.296670972838657399e-02 8.954892368207725273e-01 3.416758603993153010e-02 6.398375844753958486e-01 -9.316686307390042998e-02
-1.199162197878869129e-01 9.803229492552931745e-01 6.823437565865071441e-01 -6.866056298519143120e-01 -2.545942157676563955e-01 4.977512219288535711e-01 9.929964858252111615e-01 7.775686214252017781e-01
9.442261080155711639e-02 2.378466048695730972e-01 -8.377910485781041583e-01 -4.776517737484053949e-01 -1.877318427297189896e-01 -8.484484875069759902e-01 7.287658605996398808e-01 9.914683739520913086e-02
7.411635460903223116e-01 1.067971689694929616e+00 1.132331533362630260e+00 1.099940034023301205e+00 1.315845497148304455e+00 8.242011013793422158e-01 1.253436391604308753e+00 1.071107720605880553e+00
