-1.365432538881439228e-02 -6.213291720546427754e-01 -1.616805740042719375e-01 1.522543753270884093e-01 -8.409087981153950953e-01 9.120710864880952062e-01 4.461706651383783306e-01 3.507922188013750109e-01
-7.224894629308373784e-01 -6.535024398164634984e-01 4.365935737716502008e-01 -2.964474500944493940e-01 5.658643746650051654e-01 2.429121684687747251e-01 2.034074997110575378e-01 -1.226137204285184801e-01
3.489738321158240009e-01 -7.312334824597248595e-01 1.612333610393208438e-01 2.339389981244077710e-01 8.433580505234856695e-01 5.617929121604812170e-01 -9.039776864290360869e-01 -9.072641253781132953e-01
9.384713484011901752e-01 9.611014667714425919e-01 -1.389757246088207943e-01 -8.311089701030678345e-01 -8.935117534990268950e-01 8.703582082073666459e-01 -4.309042222407681866e-01 -4.054872848933337437e-01
1.636774025403182620e-01 4.645363600289027506e-01 8.384884389432440965e-01 -3.212951475620167141e-01 -8.801512086150142800e-02 6.720847803207898874e-01 -2.079657939701096137e-01 -3.601176588226477904e-01
-4.539536413835416617e-01 6.883692487509225355e-01 4.305288532885731545e-01 3.067025386711539348e-01 -6.732804979619881891e-01 -5.186937492252936543e-01 -5.542427236506233257e-01 1.402290419561362800e-01
-1.782805305720140954e-01 -6.882631322941472618e-01 -6.032129482630470552e-01 -2.305641847321293625e-01 6.578499469700660462e-02 -8.840829477226830324e-01 -2.096718715321495008e-01 7.488817599531001346e-01
7.490440856597446739e-01 -1.584172086261348422e-01 9.012627454390560455e-01 -1.249729690795886583e-02 -6.229652915154590964e-01 5.864971184211369426e-01 6.434239967133321692e-01 -5.601727208668330071e-01
-5.837432780626028439e-02 8.090137653929074801e-02 7.611998099222896386e-01 6.928124073464636545e-01 -2.678023662783934888e-01 -1.616895596787000233e-01 -9.480342986983611997e-01 -5.787031450420379031e-01
1.270960550005087342e+00 9.316501135556877200e-01 6.634580538421659401e-01 9.875108267583647681e-01 7.308720553588580193e-01 7.347557509750860527e-01 1.336974193867122018e+00 1.394835507981926792e+00
