-8.780318630613459518e-03 9.373146939746457296e-01 5.444759099524287826e-01 9.336442029459963710e-01 2.639644832475869229e-01 -3.127797467730701886e-01 -4.788242669036435473e-03 8.830457070914499162e-02
9.122854130296662589e-01 4.241056030648446828e-01 -2.648017816910386291e-01 3.941149706986752932e-01 -2.239482283703257970e-01 7.279376723358712553e-01 -4.339882251019309134e-01 -3.942905169003221300e-01
1.863155684987296556e-01 8.322698161491148827e-01 -2.782881203048748198e-01 -5.284670047008279692e-01 -9.913881137268742982e-01 9.355833203281027632e-01 9.662827992619260620e-01 -4.226567104106662143e-01
2.893800018326249113e-01 8.517676406291945224e-01 5.812081603389012141e-01 6.727638969756499776e-02 4.955189546262825928e-01 -6.736151257788658420e-01 -5.979179618154708553e-01 2.183325524351020785e-01
-5.186996817274365235e-01 -7.943044451529588379e-01 8.316450834846933482e-01 5.538938176080636655e-01 4.359859245221067159e-01 4.225779707240944205e-01 9.898841126142390312e-01 -4.499889684419136060e-01
2.192527254804759185e-01 7.556328796371720724e-01 6.056300191865704452e-01 8.600348727051851938e-01 -3.232464014200595592e-01 -3.455752864563033100e-02 -6.570877044028085034e-01 -9.349613271507253298e-01
3.184052559900538704e-01 -7.349271504792942444e-02 -7.791411457637451576e-01 1.972819800628933251e-02 6.676029377972987344e-01 4.502399073851497402e-01 8.270530316496496059e-01 -7.741843773835921372e-01
2.220223770535760810e-01 1.169119459424208252e-01 5.071946705187142523e-01 4.741317962965811983e-01 4.161910802184149993e-01 5.823743550122526536e-01 7.015361180395234264e-01 -9.074733522754261372e-01
-1.167497472065459618e-02 -7.144526069839685078e-02 1.960450252932917081e-01 -2.957933669022405621e-01 -8.415613587100794213e-01 -7.429811326301762886e-01 -2.585295697011502636e-01 9.815310173762594737e-01
1.130601542862548436e+00 1.366779705659814104e+00 1.128666201991179729e+00 5.743568626261393861e-01 1.128221353846919239e+00 9.106258747101028117e-01 1.439820533768625843e+00 7.291006979320259207e-01
