6.797294440465193599e-01 3.439181653790490678e-01 -8.582334753690645801e-01 5.701212228274445959e-01 1.262025674761417804e-01 7.976629177108127688e-01 2.393087819780113090e-01 4.511703484795481778e-02
3.182669368176775926e-01 6.466319748615110274e-01 6.972239070196522004e-01 3.041533952214630077e-01 4.287406979861025924e-01 9.053042045756911627e-01 -1.052071625173178759e-03 4.937026958232260121e-01
-1.160508171587715243e-01 8.011727121203500168e-01 7.820631644771383062e-01 6.804531512717728603e-01 -8.776753099209355646e-01 -2.397683307377018735e-01 7.525298225182852629e-01 -6.173693213835784732e-01
2.327927754757133094e-01 2.516953296734840695e-01 -2.968461316304904507e-01 -8.058426253780941462e-01 7.943700259400829911e-01 -9.505196039855361434e-01 2.674344029746933415e-02 9.314485574376898391e-01
9.098887115194611575e-01 -7.344124555063769044e-02 -3.834403391220198021e-01 -8.915531702378760581e-01 1.218617083493132025e-01 -4.775520869383060862e-01 3.477941486690159234e-01 -9.828433256308650723e-01
-9.781848428953736629e-01 -1.671268493093001073e-01 3.366901810031119879e-02 -2.078581915789514678e-01 1.707322216889126665e-01 -5.754643711762637004e-01 5.082098108236308143e-01 -1.800332480769637478e-01
-9.668086133976627750e-02 4.578286532666435704e-01 -4.847914179151753267e-01 3.236145265264978033e-01 -4.481390701902077112e-02 -4.879158045977249891e-01 -9.626918663701253820e-01 -1.517944411920277847e-01
1.188746613495832438e-01 5.842987817069635881e-01 -9.912268323771757927e-01 1.284545414655926532e-01 -9.224249715240466774e-01 8.168751223521919513e-01 9.645880547273621985e-01 -3.623759297538617918e-01
-8.892790353696085059e-01 -1.059307170663270625e-02 -2.911148912092891283e-01 -6.776451575709876440e-01 8.828076111039981910e-01 -7.736561682716789345e-01 5.487850705588164235e-01 -7.233034248132337307e-01
-2.038837026592896784e-01 -7.707283716691111231e-01 -7.155486586600092735e-01 6.363713988825649981e-01 6.997040822247144742e-01 3.209556303208369599e-01 -9.344693202186464820e-01 1.117996242986354360e-01
