-4.447618815027849504e-01 -5.044914474186399378e-01 -7.929013898001044947e-01 -2.113507162384080651e-01 -3.416567132650976113e-01 1.456878446517173575e-01 -3.556142976639715680e-01 -3.422261771978987177e-01
-2.531277864207457373e-01 7.876368502975039654e-01 -4.873658214543790113e-01 -5.482210315897579900e-01 -5.955799635053637964e-02 -2.488821136292576064e-01 -7.585435704036747051e-01 -1.875071442726072846e-02
-9.871558419067856249e-01 9.115842477744071637e-01 9.206819393208680591e-01 7.357493877104703817e-01 -3.686632591169538564e-01 -1.902518326674118576e-02 7.306196946040341977e-01 -3.167924264714958582e-01
7.228589579600237514e-01 8.744820378638711311e-01 9.107008923585651061e-01 -6.266833907264446335e-01 8.708133026552615785e-01 -6.378949730712617505e-01 8.208104230849158078e-01 8.982948449055427886e-02
8.972195632061150672e-01 6.358358285051957104e-01 -2.841038480584232584e-01 -7.409998604941820943e-01 -4.572792994472221206e-01 -6.496539942215266983e-01 7.119843856976448837e-01 5.545966134586051144e-01
-2.192664022065982099e-01 -7.877495518024812959e-01 -9.846398937902562931e-01 4.023885843339294333e-01 -5.961117702046458966e-01 -1.250349886460382365e-01 3.372255869055604816e-01 2.033177184867143161e-01
-2.149514517720767515e-01 -8.394675119116730144e-01 8.621725441928593803e-01 9.955558584657666632e-01 -6.516581807431938156e-01 -1.638449201979641501e-01 -7.615999088297331632e-01 6.819782464791801502e-02
-5.768071917814943106e-01 -8.336398266490487874e-01 -1.162395605117132469e-01 -2.793628383894315448e-01 -2.883126395878428117e-01 6.062836284674100185e-02 -2.186064029996923619e-01 -6.784907832593773946e-01
2.545542322926719336e-01 -1.821507493738530048e-01 1.945908684075829953e-01 8.916484400050888048e-01 -5.808403587983528293e-01 -5.476717715886405546e-01 -8.442625136623824744e-01 -5.703610165263151011e-02
1.199321714262580052e-02 8.562449852519204985e-01 7.225742641927235255e-01 -7.263511391914421189e-01 2.085798064724271317e-01 -5.861578173192392160e-01 5.229865696978941436e-01 -2.622012358693803780e-01
