2.315780207224584775e-01 -1.904778316339179600e-01 -7.028665281265173981e-01 8.684917084956533806e-02 -5.192668257954025091e-01 3.491060802121777051e-01 -1.135333760171366446e-01 9.287076386755206414e-01
-8.966062602238651369e-01 2.060497320004168742e-01 -3.754696243363742081e-01 -5.110519225769132312e-01 1.469597540799014723e-01 -1.724029128037842806e-01 -7.583148037056457458e-01 -9.695321457487211525e-01
2.349091098795301757e-01 -4.093187403414793035e-01 -2.535411944802936635e-01 -9.927341002517633406e-01 1.442692124090383388e-02 -9.899713235334781647e-01 2.971595045980321981e-01 -8.644679407016344630e-01
-9.626414859566723159e-01 5.562242352127713119e-01 1.161867551761102124e-01 -2.045736209522157623e-01 2.260328190066711596e-01 4.207118956483586469e-01 8.208476880553530197e-01 -7.273313679422890310e-01
7.517554751080874897e-01 5.341215416041178443e-02 7.020729366431575080e-01 6.680589617105203715e-02 9.930449196422250768e-01 4.385781827416155298e-01 -4.377390139967740623e-02 8.269191030933293884e-01
-1.035350823282428223e-01 -1.622623012793447117e-01 4.252626579053884193e-01 -5.615933716847543167e-03 4.044817992683147345e-01 7.179675064380932614e-01 -2.900477431460335431e-02 7.342452629659050878e-01
-1.561249486463891500e-01 -5.231522540635524798e-02 3.021930197525324324e-01 5.005391347633814103e-01 4.098458014832682128e-01 2.005696082396033475e-01 8.444949474789951172e-01 -8.022244138985124007e-01
-3.356370386451155152e-01 -7.116584758316033543e-01 9.362882819847095917e-02 6.527965566397346819e-01 4.560633375260116917e-01 2.342881500733513533e-01 -5.042311049236694043e-01 -6.151477410300192350e-01
-6.009638293200085801e-01 -3.609152824803614212e-01 -5.191075758400021112e-01 -2.866788802754296483e-01 8.146082241459839945e-01 -3.592933306129286741e-02 -2.015949276268722556e-01 8.186260646459841972e-02
9.154952556667768082e-01 -9.810766200225020661e-01 -3.487980529032772559e-01 1.245471236946027460e-01 -5.426150329577159592e-01 7.595333975285434303e-01 -2.292944841673860701e-02 2.801036206303428866e-01
