7.582995693772278667e-01 4.880623458412225446e-03 -9.272903842681086140e-01 6.218683401568956270e-01 -8.692040918184296139e-02 -8.324452342123549453e-01 1.075010579435280444e-01 -5.543742727989497965e-01
3.769952563479161967e-01 2.471378171959999204e-01 8.867859729141376324e-01 5.263218485621723453e-01 -6.129994811185546233e-02 -2.676522525397595498e-01 6.815200264006806563e-01 -3.418994075837957780e-01
8.685636354151013983e-01 -4.334204802206256257e-01 -1.366703423769322079e-02 4.666180780229605141e-01 -9.455771165879238715e-01 -4.110110360786969341e-01 -9.589328673785586510e-01 3.608830023100566553e-01
-8.633702263497797791e-01 -4.793310482277135520e-02 -8.849934051757541997e-01 7.584934528451332536e-01 6.971198141971592932e-01 -6.481155812647032555e-01 5.406748181456244584e-01 3.077529274437384998e-02
-2.266173074093140727e-01 -1.219094798476316743e-01 7.674514625126689360e-01 -4.992460961492135585e-01 9.786372541978989315e-01 -3.248646402637693775e-01 -8.061134914109631122e-01 6.886949939119026975e-01
-5.728917599094194291e-01 5.641038915767100370e-01 4.736317980988908882e-01 2.296423483667748844e-01 5.664989582430544068e-01 -4.554495071657356231e-01 6.923080563472852056e-01 9.742290036828520350e-01
3.628609411208545410e-01 1.113875245059481323e-01 6.071962422028926998e-01 2.842550937556291846e-01 7.080136615398262556e-01 -7.685016138111622208e-01 3.979443694867483838e-01 5.966845571863412800e-01
-3.442276279815683626e-01 -9.325584066401615413e-01 1.117215797961428336e-01 5.021659534866969032e-01 -7.323378036704146776e-01 5.523906933229576488e-01 -6.770632826184823649e-01 -8.554537990158159744e-01
7.006070978708356378e-01 -2.307805268214155880e-01 -2.893423324673147778e-01 6.089300328696294340e-01 8.341785895436866216e-01 8.753409977036004097e-01 7.212860347509670866e-01 -4.119771344424081327e-01
-6.964950495869326463e-01 4.395195613909013144e-01 9.329522981125710768e-01 -8.581165801208696653e-01 7.319499439833283549e-01 2.576595571519040284e-01 5.131012052484185126e-01 7.055585846109075909e-01
