2.465155541776906656e-01 8.625080503734843251e-01 -3.716416454826438898e-01 6.486159928975177014e-01 2.161550845170168156e-01 7.652286030947648143e-01 -5.412322420795268041e-01 1.453775421374239318e-01
4.379561113469194744e-01 6.892215340456169237e-01 -3.007422686874321460e-01 1.421588416889978390e-01 -8.533060051740060103e-02 -1.717251604249951935e-01 -6.945069325505339730e-01 -5.157616319448785625e-01
-4.711737318100857053e-01 6.100109229025254542e-01 -4.149915115179900749e-01 -7.642765111177616255e-01 -4.118885481560252693e-01 -7.442119127684627689e-01 6.350059116074258103e-01 -5.037625959517300078e-01
3.025877005444721490e-01 -7.244936761830609306e-01 8.343660379543982319e-01 9.623231642527809715e-01 4.275763413996245266e-01 -1.311036955768400958e-01 -6.203005217410950678e-01 -2.688124104284532745e-01
-3.171660810067227221e-01 9.606595129496331431e-02 5.518872167967940889e-01 -2.530189964364821797e-01 -1.211317865728820387e-01 3.823763038428440453e-01 -1.574688793733765024e-01 -6.551253555971241482e-01
5.280553245734942447e-01 9.001338886276057938e-01 -6.421726099609605942e-01 9.195067978243940399e-01 -7.811935512915306745e-01 -7.860594610981013197e-01 -4.213850406920454095e-01 4.360108547551726499e-01
7.383620905407504154e-01 1.932745607267549737e-02 6.643559468143582780e-01 -5.607602418312838122e-01 -2.490114794192714864e-01 -1.413997494112873010e-01 -6.542590473747720292e-01 5.502698972146444767e-01
2.521632204066102112e-01 -8.666897074177204452e-01 5.606478829650118900e-01 -9.536204015845046733e-01 -4.488935202042128036e-01 -8.472886706083484487e-01 -7.073401330542774534e-01 -3.371297960838788299e-01
2.581383480888608251e-01 6.316382549992505258e-01 2.479826818058386007e-01 -5.390237657461722787e-01 -1.401804749086408286e-01 -1.222342578495700938e-01 -3.007409023428038175e-01 -4.509040125750485295e-01
-2.951445384588027299e-01 5.905743570485970650e-01 6.739681520414255722e-01 9.630673559442175513e-01 2.481884062457988538e-01 2.358714164464981167e-03 1.009907630749018459e-02 7.370424097725758461e-01
