-5.062157190794820405e-01 -6.458952600665055499e-01 6.611898608686919143e-01 1.854430798060673347e-01 4.433311437960456569e-01 -5.604911032871735532e-01 -6.032272489500161150e-01 5.183001270498566182e-01
2.604214474320978301e-01 5.407750119440357661e-01 -3.436302424292914104e-01 6.690376923436442969e-01 -6.692891178965203469e-01 -7.961486325801134800e-01 4.579709762822274932e-01 9.007455341383852065e-01
2.713477725544042318e-01 4.413686625314088285e-01 7.160960758472332266e-01 -3.698419153918959257e-01 -1.330584108292585110e-01 7.479773525151356406e-01 -9.910052529570125834e-01 2.102741677470518766e-01
-7.294260031907775499e-01 9.315306412485351295e-01 4.975283847881357691e-01 -9.262901852768321564e-01 9.473741429724327201e-01 6.188709284390503385e-02 9.142553897159271248e-01 7.045261657975605551e-01
6.828409322533879333e-01 2.675224059142622401e-02 -9.535614481491145877e-01 -1.811796620942516256e-01 -3.046524895219653306e-01 -3.958687631479556046e-01 -5.996785724362043712e-01 -7.924411224509289031e-01
-1.332358860543600976e-01 6.026317154874323290e-01 -9.673611147153691192e-01 -5.820333040421201698e-01 -2.077969750811483607e-01 5.334421298159814917e-01 1.786893294305076374e-01 9.187928379813639079e-01
-3.825711939824674168e-01 3.143455051172543424e-01 -5.718007831720346434e-01 7.006727717968888047e-01 2.844429730885924545e-01 8.178494198527781478e-01 -1.059324620388839566e-01 -8.362798912232667359e-01
-7.168900499242547575e-01 1.167391181791277432e-01 -8.487128193159292344e-01 -3.233246635949893477e-01 -8.701632603678470801e-01 -6.159569981412613693e-01 -2.737851007592766450e-01 -2.171371783670417166e-02
2.873145221116812920e-03 -6.838059084713588032e-01 4.379678694073279033e-01 8.814373582954662112e-01 -3.984893407131746557e-01 8.236981864147365773e-01 -5.294929287274265928e-01 -5.772361328299591143e-02
9.201267234001719864e-02 -4.547001221900246470e-01 8.718736406635378966e-01 -2.760676393951133623e-01 -7.907069749982236218e-01 2.642366705444345598e-01 -9.190191381130530246e-02 6.998541050162538912e-01
