-9.650486859914400029e-01 9.509281097447608300e-01 9.779297687735311051e-01 -3.934376829062413705e-01 7.400285355574913737e-01 -6.755710078523269324e-02 -9.986573831073628504e-01 5.117526312779954178e-01
4.926696058175363824e-01 6.863525140347752629e-01 -6.895793067670590304e-01 -9.106617573209585537e-02 -6.408831654690125834e-01 -9.294006166506987299e-01 -1.692631268498459018e-01 7.266844069613402901e-01
1.830067587319847977e-01 5.658413540428950395e-01 -6.826883294438585992e-01 -9.249546692147772031e-01 3.557540862550312433e-01 -9.932950258232282614e-01 4.713844751489364437e-01 -9.237466691036655408e-01
-4.244335588851280150e-01 -3.653479398382153409e-01 -5.896908891542509412e-01 -1.283886222280332667e-01 4.133599608064904007e-01 3.202716460487320393e-01 5.424194680227123477e-02 -1.625214674410169202e-01
-6.515707554350651520e-01 -9.915429042335854870e-01 -6.877018397052159226e-01 3.678986767065695052e-01 -4.816097209574312643e-01 9.173215180413984982e-01 -2.315476988095290789e-01 2.724379120464761606e-01
-6.903502697018282230e-01 4.746126790017508590e-01 2.102259450719434763e-01 -3.825647650920922516e-01 9.151888201460602890e-01 -8.307289380180646887e-01 2.222321715970743128e-02 3.925440632301304689e-01
-9.395764350974065149e-01 4.275184659709496682e-01 6.150636120249235450e-01 -7.196121744669417009e-01 4.286658611034979138e-01 3.568301578115562478e-01 -2.256249704438622050e-01 -7.288273565982157365e-01
5.302581559882502127e-02 3.220518436287100883e-02 -8.558200397100179657e-01 6.834956082349830098e-01 6.551335035386647299e-01 9.809811603151390447e-01 -1.740716824450372346e-01 -6.472573614621635052e-02
-7.528783767733964183e-01 5.732627122776259299e-01 1.649238936904118269e-01 5.051393924816787173e-01 -1.540977910009102558e-01 4.098682490811280665e-01 -9.213713462929911113e-01 4.677764230998344708e-01
-7.661695670079835541e-01 -2.025139612226856123e-01 -3.973508050114262780e-01 -4.778145790688823613e-01 -2.998815650986192960e-01 -2.282008560022852350e-01 1.300933117516320792e-01 5.351858134091413977e-01
