-6.905859640147344880e-01 9.542705754469975599e-01 -9.072495502736592776e-01 -4.538449706194387367e-01 8.272035818710472554e-01 -7.419220831663393412e-01 -5.149950113065582258e-02 -8.297323874404733957e-01
9.972863563555172117e-01 5.354933210468788563e-01 2.689334505657792196e-01 4.808653785314875861e-02 8.705863789239829398e-01 -2.181757321772133107e-01 -1.924200660039165900e-01 4.231849239839493571e-01
-6.302636049225909254e-01 -5.356929483446757345e-01 -5.663346737203514003e-01 -5.591685754460791191e-01 4.736224096456198573e-01 1.156601831023853499e-01 8.022847078172667956e-01 1.457941962858371188e-01
2.160619807787722557e-02 1.793908736544258531e-02 -2.955541393938154737e-01 8.311148900675546791e-02 -9.594775056024658078e-01 -2.252633824720462474e-01 -1.103009256955373996e-01 7.698410516375242540e-01
-6.842143136668354941e-01 -4.142840696562224423e-01 -8.274707557737159824e-02 3.033455190470641938e-01 3.138054169449677744e-01 -1.154721051941354215e-01 -4.669777125367029491e-01 -1.563755062322660372e-01
5.302051733165735747e-01 2.496643793445558757e-01 5.317013340518541575e-01 -7.795926811925077970e-01 -8.050469332182665916e-01 -5.410478740213711113e-01 -7.232712290273985989e-01 -7.586609506905734879e-01
6.059116398540915771e-01 4.569131548109266472e-01 2.189561327723719142e-01 2.526155977162307664e-01 7.775081839317314891e-01 3.684724930523699538e-01 2.744384010381397676e-01 -2.222786937780669714e-01
-9.242368877248854364e-01 7.091511280503577375e-01 -4.980219898149438329e-01 -1.108062028329770410e-01 -4.236226134303058277e-01 8.051815011569440905e-02 6.413322875717795135e-01 8.840633521732148559e-01
-8.273498981885918369e-01 -8.980301371092633822e-01 6.633829084697171474e-01 4.812565617578725696e-01 -9.950648753811408564e-01 -1.558063062463717063e-01 8.639246320876110552e-01 -2.909905687442546629e-01
-1.960210909748751895e-01 -5.438445385356489581e-01 -5.853271793638104015e-01 8.403051940600607672e-01 -3.125924523939680455e-01 4.258434151772008125e-01 -8.163232148268644295e-01 -5.903471592290487902e-01
