-6.955681795635171305e-02 -9.722839164917451704e-02 9.412240257873305538e-01 -3.768532930255195090e-01 -6.593212990373646942e-01 1.105044162517332396e-01 -1.887582982374595986e-01 6.757356074481202235e-02
-4.148506016041582090e-01 -7.393724960071692553e-01 -1.185983938978205643e-01 6.004265703966480405e-01 3.901634460386345093e-01 -4.611308972883776391e-01 4.917868751793568194e-01 8.561912687708403968e-01
7.768590172139893113e-01 3.680810229620101737e-02 -9.212654337098198365e-01 3.719454212563635398e-01 6.887336192264055246e-01 -1.537865106104050472e-01 8.224997250289189932e-01 -7.774794072880717444e-01
5.703396225500974026e-01 3.949736674669239722e-01 -3.391299748531366731e-01 8.503284384188078970e-01 -7.831204143359289382e-01 -9.265326073415875996e-01 -6.565871880398119753e-01 4.895187605631547978e-01
-6.088698863185366683e-01 8.600502801960385746e-01 -6.179920669637564146e-01 -4.291609320129781135e-01 2.234036499117766361e-01 -2.843459288745224800e-01 1.660738924617761736e-01 -4.676191836000846980e-01
-9.115760578423464100e-01 9.604046279516278428e-01 -5.334406661191255505e-01 -6.304373636360143252e-01 2.683510261998591773e-01 -1.676793332998498531e-01 -3.405598218026644197e-01 -9.545358046562719689e-01
6.859486804742536137e-01 6.475043522275067964e-01 -6.273848099839209880e-01 -7.214939171098122550e-02 1.555431203569004328e-01 -5.374054466092714755e-01 6.993580704301076700e-01 6.505962346372529126e-01
6.938828250170083756e-01 7.150062250818607357e-01 -6.800710574964174970e-01 -3.280687507598374353e-01 -2.388071770030302243e-01 -7.250733566068519043e-01 -3.690857033504497675e-01 -5.785295903522853500e-01
2.935511519781144329e-01 9.826042508424248645e-02 1.495531242320828902e-01 1.032079455850565264e-01 -9.534823861038055348e-02 -6.002818545438111109e-01 -9.709416783544577711e-01 -5.652866793622064456e-01
-8.724541155995639841e-01 -9.302389433720983369e-01 2.734001023038539202e-01 2.188865134629403020e-01 -5.285095442559144541e-01 1.831478379463802320e-01 -9.930070207106493907e-01 -1.782049573646660168e-01
