-1.148574187921103107e-01 -8.795189906506586386e-01 6.853739067775537208e-01 -9.170059519838651418e-01 -3.916643548712419598e-01 -5.073220732326626514e-01 9.555117627172771133e-01 -6.374732523585446842e-01
-6.939831534605551688e-01 5.528059424442330894e-01 -9.851989588213940774e-01 5.997584520508079109e-01 9.222534410954501549e-01 6.339198351417945076e-01 4.481428858903491186e-01 4.098307712693256555e-01
6.414762809166643098e-01 -9.828208142736869490e-01 5.595663709513067907e-01 3.785705549998996666e-02 -3.225384559082073999e-01 -7.232795707498558269e-01 7.125440651196150998e-01 9.938200456185970477e-01
4.473114113062586217e-01 -6.604733286974708850e-01 1.615244969034694833e-01 2.761787845381200590e-01 -5.672685324072952451e-01 -3.203436551834637491e-01 -6.456057520578319942e-01 5.024580336768809108e-01
5.270656385036724956e-01 -5.917147484574978300e-01 -6.387669732387211141e-01 -5.096991681484364101e-01 8.343464092650565433e-01 -5.423578693395192385e-01 3.193944363306737699e-01 -3.274738927767744112e-01
3.501101902940439992e-02 9.974769621529977481e-01 -8.679690177552406016e-01 7.650512991220981274e-01 2.562515135280312162e-01 -4.991282189632637589e-01 -1.135321325533686920e-01 6.975932593252867076e-01
-2.386259907759091803e-01 7.125239042591979821e-01 6.799758839140475075e-01 2.742222295659122455e-01 2.086515201971608224e-01 7.092055171230986499e-01 6.204075353457185749e-01 9.387092004098709364e-01
1.790043502437654865e-01 -5.487333007518777617e-01 -5.097838267824863490e-01 -6.308296724176554182e-01 -3.989594188324601109e-01 4.040443979196561841e-03 8.006603730879517933e-01 8.751394864861856693e-01
2.421996178678926803e-01 7.831562331073551597e-01 -5.884089253324984448e-01 -8.194011111050654161e-01 4.823931841486335248e-01 -9.038474027501786079e-01 -3.963662455029715037e-01 -7.592387912519580340e-01
5.824097593498305248e-01 4.464028777136963555e-02 1.843134029382247352e-01 7.700197937884687427e-01 9.134389740323995976e-01 -8.752615602369611114e-01 1.331452036346791878e-01 -2.965392264129032007e-01
