4.164232472387074946e-01 1.012777549369254793e-01 5.032914465528155468e-01 6.181928036236961077e-01 -7.021778046976929755e-01 -4.406797351193667556e-01 -1.453305298482214791e-01 3.344401119257656152e-01
-9.601431114493264030e-01 2.418235302688394039e-01 -8.201166337390071170e-01 -9.337587046931119517e-01 -6.191429905009184775e-01 2.247458839426810240e-01 7.424672289246685430e-01 8.206938630368076915e-01
7.554946808824467563e-01 3.888359303232626907e-01 -8.260287049007262183e-01 8.769920056908702133e-01 9.698824569816337782e-01 9.989608676715844293e-01 9.826704801123467004e-01 1.922258052033676279e-01
-5.740395226957948349e-01 -5.740570801459421446e-01 7.597145553719020228e-01 -4.405599419029229136e-01 5.950230382157448705e-01 8.031341330316124072e-01 9.997521614490902930e-01 3.755580858191871485e-01
2.903640772576780993e-01 -1.408402490572415733e-01 4.605974449192227205e-01 3.256002141486891155e-02 -5.044344291824418569e-01 -9.952957401758717459e-01 -3.832049831178332422e-01 8.112499902251999462e-01
-5.678349046567412461e-01 -2.113888029547621450e-01 -1.585457125448104243e-01 -1.170974804788289525e-01 1.752858359063993454e-01 7.945295775294791696e-02 5.436081630547193733e-01 -3.898601440682036845e-02
-1.233875334393008671e-01 -6.134636885171658172e-01 3.711027365350494378e-01 -4.804805873064421640e-02 2.476186939722953007e-01 -4.507663772435428484e-01 5.955470667023736731e-01 -4.307205221224401637e-01
-8.929600325244761994e-01 7.076194991011097724e-01 7.943665933813159885e-01 -6.453839653140269750e-01 -8.926185561371491328e-01 4.051640388287853778e-01 1.592950391814484945e-01 9.259753665570200631e-01
-2.605954570723616470e-01 -9.557911140698689412e-01 -3.388907617381393678e-01 1.261357593704517388e-01 -1.068147163530517307e-01 7.378283089691417551e-02 9.904707833394712502e-01 -4.952012853450618035e-01
-3.514342776398060586e-02 5.698357853068758416e-02 7.199035926960712928e-01 5.938431936414845236e-01 -8.488859952057314917e-01 -2.931664964485689584e-01 -3.845567876068025637e-01 2.445978984286978353e-02
