-8.184228358724898733e-01 8.293637308268757558e-01 6.984874442669026795e-01 -3.832384438857929787e-01 9.117591645591964777e-01 -7.466651543609890140e-01 -2.076568951741419866e-01 4.332616695219952963e-01
3.389097674497176804e-02 -7.991069404469297588e-01 3.590949269730152604e-01 -4.546686905462435924e-01 -8.156375777514899283e-01 -3.804735142274613402e-01 -5.296097779810986506e-01 -6.213439843998018741e-01
-3.855170574549999785e-01 -9.739819325269607475e-01 -5.046458914023179698e-01 -6.779664183999742910e-01 -9.421185120148589665e-01 -1.227904069627581141e-01 2.280388749837156670e-01 -3.934944463457685782e-01
-4.808282962031689145e-01 2.709752546276211760e-02 -4.866283171020067133e-01 -9.254187893827665601e-01 2.336648342422062985e-01 -2.519761886509372939e-01 8.208105184723919479e-01 7.395817596044327313e-01
3.533534978628547485e-01 9.308404497617397411e-01 -6.070435114903418583e-01 1.630659248611898704e-01 -5.492051781398570309e-01 -6.147216241021298266e-01 5.683807644201321896e-01 -2.139878893208635446e-01
-6.343217379151335766e-01 -4.280549467673488984e-01 8.446072774194957056e-02 -2.473090974372502693e-01 3.070861584333250960e-01 1.838031423879920023e-01 2.669680512927541383e-01 -8.090949685877284470e-01
7.079828430220713731e-01 -4.542319003781238873e-01 -3.622442503786900136e-01 8.198713351178030795e-01 -6.122100093658815467e-01 -4.292211596995243461e-01 -6.813917475590962614e-01 -4.035906646576936652e-02
9.284728760585170271e-02 9.311742715654778291e-01 6.629031012083805852e-01 -7.025222362938601250e-01 7.853059085547213769e-01 -5.657567451037290862e-01 -8.060833967504281716e-01 -5.008805767842083867e-01
8.568586676717004913e-01 8.517725973902168235e-02 2.833242472934101031e-01 -2.307694345838777750e-01 8.265549672956888916e-01 -7.845622862518382146e-01 -5.594143799500674863e-01 7.509805113876888427e-02
-6.880692270023387458e-01 6.669547461565827895e-01 1.337490384690205314e-01 1.215808355765637394e-01 7.335298841504611644e-02 7.598635395194215381e-01 8.337340311393741654e-01 3.486030983255632432e-01
