4.210882406643690068e-02 6.027026363781109453e-01 1.366112723557066921e-01 1.657871795507741552e-01 7.673866707568965939e-01 -8.265196226166573457e-01 -6.703958597869204006e-01 8.760228077230998167e-01
3.516893566476293476e-01 1.200928197670012576e-01 -6.753328621784635555e-01 6.555035777333599878e-01 -3.284658523824615095e-01 -2.480516500186296103e-01 8.883356775112896120e-01 6.075120550878516656e-01
-4.110494788663885402e-01 -2.303343760224250136e-01 -2.562311326944766154e-01 -4.084700339652045376e-01 5.965808097181726222e-01 -3.128027625316067706e-01 -5.069925018613017365e-01 1.877236505389721088e-01
8.420277265929043686e-02 4.522388065961355785e-01 1.260733204230477522e-01 -4.542698352798013595e-01 4.601266616639736462e-01 -5.143224240333494901e-01 4.518654080587225508e-02 1.577417069487063728e-02
1.331955784256262376e-01 -7.891770646026039504e-01 -6.705971887691457578e-01 -7.625620733688760478e-01 3.449290044631028174e-01 5.478642076559494534e-01 -4.361425539182179900e-01 6.630073784830601280e-01
2.516922186660837113e-01 4.405303847182828747e-02 -5.415649369950141789e-01 6.987438164809016694e-01 9.598912290932577474e-01 -3.469680924987823545e-01 7.539215388099254067e-01 -6.797594056319606892e-01
5.929746270349618431e-01 8.320899979226843435e-01 5.107521123846674449e-01 4.120370842411842371e-01 -8.998181196124894754e-01 2.202052470765953895e-01 7.210320623303982934e-01 -8.495954557203093671e-01
3.021469674934271765e-01 -7.207027785858133306e-01 -1.519031991904926659e-01 -8.846359646964681023e-01 -3.117577266230657784e-01 7.677247827566264782e-01 -8.526171102412827274e-01 -7.031150582265834892e-01
2.942087284090093569e-01 3.711635642628294818e-01 -8.333859517279704754e-01 2.741162872965663411e-04 -5.581158778519803576e-01 -4.746649057330070143e-01 5.457259888154137872e-01 7.267844972997787867e-01
-5.566169988021054671e-01 -1.620598315063288553e-01 -8.198053393617787954e-02 7.359535319829209055e-01 -2.109712476962619654e-01 -6.263497544286418250e-01 -4.684291537726692489e-02 -2.796674729773878099e-01
