-4.706880739305898675e-01 -5.567228225192348834e-01 2.416340029991215221e-01 -7.837139897939253697e-01 6.551710439128699548e-01 -7.232985086614351911e-01 3.561789596809887826e-01 -4.122501869362749094e-01
-6.641716680787965732e-01 -4.265517312873803313e-01 8.451508142978170213e-02 -1.703339245210058195e-01 -5.163320998455529498e-01 -1.218019330843440606e-01 -2.887041385073991773e-01 2.572143158631079451e-01
8.818629673320717011e-01 3.194974426584464844e-01 1.320407672081813644e-01 -4.722454372403133149e-01 8.932236716428101353e-01 -6.925535337676000935e-01 7.854862174764891680e-01 -2.618646407835134582e-02
4.029767416723546436e-01 4.390731099842937191e-01 1.626113091810912348e-01 -5.908506357920368934e-01 -8.560137307459725342e-02 -8.516191291689101384e-01 -4.119068710986506510e-02 -9.543119577342247251e-01
3.149175406123050358e-01 6.909782033531230994e-02 5.940965933520652165e-01 5.993797891372569797e-01 -2.646783445761000664e-01 -8.287557712665512000e-01 4.682675157859881310e-01 4.303528553243674004e-01
9.269596069253303039e-01 -7.364876920285379214e-01 -6.726139002013895585e-01 -1.386854035769016225e-01 -6.100399436593129110e-01 -6.830869765574780761e-01 4.169432626621905058e-02 3.466120620678385666e-01
-6.033706140323626954e-01 -8.222334291726940414e-02 -2.604193114116704066e-02 -6.260477952916485567e-01 7.024936108468371465e-02 -6.596797118148607364e-01 8.727469901625619642e-01 5.056942107717294910e-01
9.706855700931049657e-01 -5.482621126010827073e-01 4.195879662600587867e-01 -4.160333584449993349e-01 -7.639701003930157164e-01 9.826962734600686034e-02 -6.982858127275286542e-01 9.832973969339358078e-01
-1.883708734665767714e-02 9.163968923382859177e-01 -3.086633643276719408e-01 3.604608298007130340e-01 -2.578028267805632101e-01 -1.444039540576382841e-01 -8.696589223093553755e-01 9.103774204274761583e-01
7.350337113845637482e-01 8.817582663013148192e-01 7.001509035619046806e-02 -7.091064335544829955e-01 4.950674048916918757e-01 -9.834667309618279063e-01 9.244926282526602090e-01 -4.301642107237402257e-01
