-6.566736376059270075e-01 4.210307252283751467e-01 8.655682009881546790e-01 1.615117638067333772e-01 6.013504204446957768e-01 6.319227498767285844e-01 -2.037835973576347381e-01 -6.232297008880813838e-01
3.587358298113809685e-01 3.253062916783364678e-01 5.264209753541091441e-01 2.600303352846669025e-01 3.056787916332186494e-01 -9.834303613754180606e-01 -3.137374936837986628e-01 5.077982214683578466e-01
5.682222978958924031e-01 4.321215352943879040e-01 -6.310812769122782218e-01 3.192775446995546051e-01 -4.462767116127850375e-01 1.773410861359465684e-01 -5.297161927994460395e-01 5.838462001124031797e-01
-7.296846110138559549e-01 7.673508286116452748e-01 5.682532779066991058e-01 -1.054544138935709086e-02 -6.352124488336505781e-01 -8.170003866960964256e-01 -9.838040222023969328e-02 2.447180613368094004e-01
1.966420541582751813e-01 9.179659436584735044e-01 -5.368024540558637980e-01 -1.912814979471970656e-01 -6.467808441431168731e-01 -1.280582520819564252e-01 3.223824698820818568e-01 -5.992446334246523953e-01
-8.095168147655287250e-01 -3.534694764823707036e-01 -2.343165570316030344e-01 6.221510444210169855e-01 -6.013850927798234380e-01 -1.935451898743181243e-01 6.987885140575884613e-01 5.261267783612457727e-01
-2.810893949492994093e-01 -7.209460406930583432e-01 -3.899059735899765844e-01 -6.680126543469291356e-01 6.415860405536493172e-01 4.447398783794016541e-01 -8.874070993823504061e-01 -1.842797986774380448e-02
6.640867944197514916e-01 6.123471445845085626e-02 4.907760111611156884e-01 -3.513890505779420081e-01 -1.010009264542981455e-01 8.441204696336328528e-01 -5.610125080109673590e-02 -3.241330273046005850e-01
-7.538928081633158307e-01 -8.434334240222975954e-01 4.025438410827197888e-01 2.934147091088674664e-01 -8.042554562014516684e-01 -8.394311922500996559e-02 -7.285191690233365769e-01 -1.967769105847321232e-01
6.861974095089362624e-01 -7.325570139260266789e-01 -4.112736362475870600e-01 7.585406120670201702e-02 -2.176389368222360066e-01 -5.113898514062906742e-01 2.146020069326610713e-01 -9.949413872485908250e-01
