-3.886738964457445711e-01 -3.559201429777980596e-01 9.817230333631501438e-01 -7.428290449679411100e-01 7.055934004216841693e-01 -4.209418208726516397e-01 -8.310747753049185782e-01 6.006304362299685895e-01
-9.665331338811575801e-01 6.349757812173240090e-02 -1.299933663837189446e-01 4.418713120059309940e-01 -4.008033220404585428e-01 -1.976996137738660231e-01 1.420367730569258580e-01 4.205527201801577686e-01
1.922174175041844180e-01 -7.298331494335519309e-02 -5.058998760027206831e-01 4.506300489559922351e-01 -5.195089693653356377e-01 2.958825610102302495e-01 8.963051475298555726e-01 1.288902204391291217e-01
3.977033769686171283e-01 -2.318759313927098997e-01 -4.565414707057093846e-01 -6.944516389638244469e-01 5.108115503806502922e-01 5.428468745031285181e-01 2.590921601166056298e-01 1.618283266230751138e-01
6.016886108280730117e-01 6.465805962268267315e-02 -8.048141099209604743e-01 -4.903601278371128025e-02 2.335259463991716800e-01 -9.221637592023168573e-02 -6.788515296150043898e-01 -4.507588050404685021e-01
2.933276768787853594e-01 4.278389631101238155e-01 -1.141822056268171348e-01 6.593802514512707713e-01 -6.499386557232231798e-01 -6.903850407729201777e-01 -2.806414637597591799e-01 -3.736657506105371951e-01
9.418029902742841575e-01 -2.590122584920557802e-01 7.235918834307593084e-01 9.901773682736207949e-01 7.554117141464880003e-01 7.328046263680714212e-01 -4.818459472148510780e-01 -5.399564517801169750e-02
-3.248965678754707209e-01 7.954207926904544035e-01 3.508275699654344049e-01 -1.139092516234110342e-01 5.105243329424633547e-01 9.682085572145431307e-01 -7.652598248949729065e-01 9.295219052869589937e-01
-6.735135503123388379e-01 5.835999093858443842e-01 4.922252528891624124e-01 -9.814987986470518067e-01 1.066007173722680612e-01 8.506020412822112853e-01 -5.962218990495116167e-02 8.565563436206287129e-01
9.820329256847704080e-02 -8.186021441643724916e-01 6.388513108649021000e-01 6.727858194882017084e-01 -8.991716869187929007e-01 -5.510182286986662348e-01 5.261775666180936728e-01 -9.283290164686439638e-01
