-6.125297313961386436e-04 1.726739085548423258e-01 -2.717451667728143505e-01 4.351970246338621173e-02 3.442819452130907454e-01 -1.473131540360579361e-01 7.965130562468709652e-01 -5.605714063124525026e-01
1.439764004288235366e-01 6.228044755395030219e-01 -3.253620305417266323e-01 -7.626502172156923720e-02 7.904464825627695035e-01 6.046746843796837467e-01 -8.395944587287931249e-01 7.581123117132004818e-01
-9.059435176771437614e-01 -3.597423372983705736e-01 -4.124141394155960150e-01 -6.679903957741479825e-01 -8.082214468312507449e-01 -4.204165505268011582e-01 -2.149885941308053994e-01 -1.206774390646767614e-01
4.264740560017972193e-01 -3.040159591639390868e-01 3.592219143492452194e-01 -7.065768686977400570e-01 -4.202525163637853556e-01 -1.539892205846851159e-01 -3.722676939000333363e-01 -4.822155966988304066e-01
-8.251837770755594548e-01 1.104064740000598732e-01 -8.836529724270554276e-01 -6.262125740653383676e-01 6.609276114210216324e-01 7.366335063879845269e-01 3.207934718050744483e-01 9.731939181625119950e-01
3.952485871879285462e-01 8.231464493664149007e-01 -6.324414202089667647e-01 1.410517069811800805e-01 -7.879817350912396989e-01 -3.393407008375655121e-01 8.579840987476883285e-03 -5.736256812852884579e-01
3.885933219582939913e-01 -2.341284426579763878e-01 5.814013509491624543e-01 5.201888071432063665e-01 -4.040099049892265093e-01 -7.015873927276601307e-01 -1.615038611804693325e-01 -8.579648743727308347e-01
-8.418286520769961978e-01 4.896518103632439001e-01 -9.809499384979774028e-01 -1.767851540159470769e-01 -4.728780664527254540e-01 -5.826928509019573266e-01 8.377567526968292544e-01 -4.259607405118239765e-01
3.610802304357796366e-01 -3.070263741739827079e-01 2.836284358560341445e-01 1.180875668483680752e-01 -5.130494035872603664e-01 6.852892709437261587e-01 3.382850934317500613e-01 -5.901446317652347950e-01
-7.208809093064783013e-02 -5.742985912512414970e-01 -9.020034464048143352e-01 -4.203187796057856751e-01 -1.055837650408621986e-01 -2.838974915189986792e-01 -1.533596226524349682e-01 9.994958159264188957e-01
