-8.524204184342281110e-01 -4.214737784132740472e-01 4.259705195757625962e-01 6.908332691045109275e-01 5.850232815455398416e-01 -9.460181731478134459e-01 5.769695357260329338e-01 6.424830628487641082e-01
-4.900997782674114678e-01 7.039727385107952262e-01 -4.240547477616594119e-01 -8.689407624178437928e-01 9.849837233363096800e-01 1.131982865489120638e-01 7.059070769365385356e-01 -8.490044469627286983e-01
-6.086099508415578896e-01 -8.639383934763977813e-01 -3.272137098180349923e-01 -9.602873034644947570e-01 -1.081648924586098293e-01 5.130037234011119995e-01 -2.168383104264748340e-02 1.240893347624734133e-01
-8.499881278884569014e-03 -3.190999167765187217e-01 4.896388790527850254e-02 3.304853579910791428e-01 8.011732933690454139e-01 -4.057917056772197828e-01 -2.592741565525358283e-03 -5.072894171783806083e-01
-2.248436110014873091e-01 -9.312398828817518570e-01 6.750461218700911648e-01 -7.064032774445712093e-01 9.409327149238380095e-01 9.692067639486079411e-01 -1.801977336810485220e-01 5.054916570491614358e-01
9.604032703507845437e-01 -9.395188155492648630e-01 -5.627844811603335273e-01 -6.541268761739942317e-01 -1.353931405439878777e-01 -8.429301453667199517e-01 -2.292635549688306629e-01 -3.485198018995343539e-01
-5.496090698134876718e-01 -1.748151344391692952e-01 -9.937339298074179261e-01 4.478048502430158617e-01 9.886535527526172373e-01 5.072286772275758082e-02 5.798464718829570153e-01 -2.587694383076459825e-01
3.157502755910053249e-01 -1.038366913185153617e-01 -8.272162780737499777e-01 -6.800841287820207359e-01 -2.063661591309744470e-01 -3.696413041322572646e-01 8.873225781970046633e-01 -5.149119138466564660e-01
6.203025942106790147e-01 -2.520608895308298347e-01 -9.844371382553869232e-01 -1.656320051694954998e-01 7.664098342865777180e-01 -8.202004460752509996e-01 -7.722109621311568084e-02 -6.380820420202157894e-01
-2.613863739453323731e-01 7.272107392558444516e-01 -7.938585417786958587e-01 8.337500420511387844e-01 8.321853930478606554e-01 9.469885237135116096e-01 4.247326963931026267e-01 -8.053076991188878875e-01
