2.316941328813104661e-01 6.444450734752049659e-01 -1.221296258934647661e-01 4.961010847387894440e-01 7.788449195493623023e-01 -2.045071158213245255e-01 -1.266519095062179634e-01 -6.653617549615080673e-01
-2.074106623579072828e-01 -6.945383202365520425e-01 4.608592123534502871e-01 -5.932299463841985698e-01 4.720532110027981787e-01 9.612830787827622014e-01 8.969633090650985796e-01 5.302283473358477828e-01
-2.974772988427367704e-01 -2.147015748237530719e-01 -8.979837864956143889e-01 6.415455401778353828e-01 -8.761929185578807289e-01 5.565921861287634886e-01 6.851482862135422902e-01 -3.260418290032625066e-01
-1.034727573943821088e-01 5.851614646660614483e-01 9.996600307745240332e-01 -9.011652992581025146e-01 7.987167865305220271e-01 -8.499180936975896383e-01 5.696596978511250242e-01 5.648116255298853972e-01
-7.469109916791070169e-01 5.561353785147771234e-01 8.626696598634735480e-01 -1.797609948514184985e-01 -6.395380784958073495e-01 4.701235496290094851e-01 1.310179455425912742e-01 1.931116288495748901e-01
3.458041823498856360e-01 8.477447622129241633e-01 -4.576473678886916474e-01 -8.382598438418775721e-01 -2.336593967514122294e-01 4.587035035261433080e-02 4.124496029479496340e-01 -4.486750349036947583e-01
-4.532375521548190900e-01 -2.196852914917204469e-01 -6.230244070066892625e-02 -9.458428664512630313e-01 -6.351853221769709901e-01 1.334370433292848546e-01 -1.201325458936433055e-01 4.917707298323974463e-01
6.003664592197692773e-01 -2.910004491885775924e-01 -6.138054572210793758e-02 1.414390736937434223e-01 8.225508577326365867e-01 1.528302638124214852e-01 6.120666513041526091e-01 3.115945482476623063e-01
5.971756073719030056e-01 -1.904959138773323346e-01 2.009946890367073635e-01 1.833770164997505780e-02 -2.030117786024592252e-01 -7.618446812123311762e-01 2.990295108222562614e-01 -4.494340071272637793e-01
4.644129510776300318e-01 8.478244914664934129e-01 8.415468056238302186e-01 -1.476625456246574153e-01 7.310250390571579882e-01 8.884440813892593436e-01 -8.805140677684588635e-01 -4.214700325241818035e-01
