-2.575324276314656657e-01 1.540180235508625817e-01 -7.819579233063489454e-01 4.466861607753960239e-01 7.389958652864980770e-01 -5.650673557726737517e-01 7.995282377821846254e-01 -7.366188296998059659e-01
-5.925350361260868226e-01 -7.013353605021990234e-01 8.183575620064575951e-02 -5.008070983721057967e-01 2.627340805767424126e-01 6.591985083000095891e-02 1.148473731221060223e-01 -1.754460968484725658e-01
-1.981955799851407019e-01 7.981108838727164478e-01 4.994004084330632143e-01 -4.888297538568628919e-01 -3.978574354831947435e-01 -2.797565215652282333e-01 -2.000159122032432180e-01 1.421600773959723618e-01
6.126275100249010119e-01 1.143734638396898262e-02 -4.894688287439170615e-01 -2.670243954821085453e-01 -3.507415618612756969e-01 6.435851712571225569e-01 9.079992725164527378e-01 -4.819962779763502514e-01
4.764318278029155973e-01 -1.759505937423735400e-01 2.063369610878249549e-01 -7.289325699934587899e-01 -9.780333391344451233e-01 8.851614399425544732e-01 7.486332848879015955e-01 7.369482929107928904e-01
-2.803651463979823788e-01 -4.759572049352076561e-01 2.734062492640303432e-01 7.881388218727443107e-01 -4.068218317444163290e-01 3.119929206349905115e-01 -3.630659848188195760e-01 -4.789375485688402989e-01
2.879083636301253968e-01 -5.734334902028082048e-02 -8.784942747556787612e-01 3.188433359351861007e-01 1.796795779571236373e-01 -4.717408580505595417e-01 -9.772143197977449791e-01 -5.856712615624901641e-01
-8.009133658496492281e-02 -9.216236777196660235e-01 -1.037256913548498805e-01 9.725104672417663743e-01 -2.451686266871722086e-01 -3.097070027639965417e-01 3.474445247676651860e-01 -4.119201010800244145e-01
-6.016247916344936719e-01 -2.865270034419276080e-02 2.258365153216654875e-01 4.706173494997956119e-02 -5.923456958909929515e-01 5.222944649858232147e-01 -9.073611306808750943e-01 -4.905574312123197611e-01
-4.628608670918079593e-01 -4.137756136483206060e-01 7.253588000877040365e-01 -9.225018595198630766e-01 4.774950115644156501e-01 -2.671297214439944945e-01 -1.159291999301412801e-01 -6.250623556984293838e-01
