7.809320447886338723e-01 -8.218944347449925747e-01 4.289243074185984383e-01 9.502035237113299893e-01 -5.793397768597374764e-02 -1.646358873820470414e-01 7.859269217674547114e-02 4.397318430423065028e-01
-9.182415066888700572e-01 -4.720402876700484640e-01 -1.438519259109316550e-04 -3.135634343606019669e-02 6.841204296945371244e-01 -1.254750746900188396e-01 2.666953406820335992e-01 -1.089446351219462983e-01
6.366049688299673104e-01 9.256977355803877039e-01 -6.863181082103346764e-01 -5.547990559570314950e-02 -6.058353593964971306e-01 -1.854693753745404461e-01 -1.314053277575348844e-01 -7.657602586768608166e-01
3.955733413746425065e-01 9.138246303152579575e-01 -6.752993978625236871e-01 -5.347216037728659277e-01 -4.478596184370680078e-01 1.913415679442578288e-01 -6.980737053288148530e-01 -1.532226126623432716e-01
9.978801644828654283e-01 -3.824941185791168596e-01 7.693629754420745481e-01 4.333559195582898926e-01 -2.940168751367244759e-01 8.799768737956725762e-01 7.467728908088984152e-01 9.957001621265098024e-01
3.767401622289212604e-01 -4.312795522028756157e-01 8.622931619038578521e-01 9.638854451612610674e-02 4.556935435560971470e-01 -4.151898353832750299e-01 8.946622788279856575e-01 2.574669273059293495e-01
-5.914277896830451020e-01 -4.014940236534174645e-01 8.555886618656867171e-01 1.435081830067923558e-01 5.136837483724343567e-01 4.826500842889416276e-01 -5.402612848596757278e-01 -8.491973138733301951e-01
-5.455631328335954766e-01 -8.411527586101663623e-01 -6.454781941503209275e-01 -5.133867841338988214e-01 2.620165334954556169e-01 -7.784068890983597555e-02 -4.435705796476443474e-01 1.042174503721431389e-01
-4.665469269515067907e-01 4.248259537081828796e-01 -7.472290012372033718e-01 4.281237780528355241e-01 6.788699633399912781e-01 -4.509028665806895653e-01 8.728922101933598299e-01 -4.960745213061823478e-01
4.498742681366623142e-01 6.732483843375218768e-01 4.490808258160023936e-01 8.678999400835902822e-01 -5.513841079868786466e-02 5.426126158710002922e-01 4.560247466085931567e-01 5.661677831431801700e-01
