5.640083563315001491e-01 -5.970367841865533709e-01 -4.648235885126563716e-01 4.813463959025863215e-01 -4.612372792055485782e-02 -4.384300278643940008e-01 -9.764278463287445753e-01 6.090944862323641740e-01
-2.384366451511290563e-01 8.683396225838724281e-01 -7.001005287613513151e-01 -6.201085224166049681e-01 2.957091968623546396e-01 2.887094432566281732e-01 -7.897295881041981325e-01 7.230870562764979415e-01
9.656583905509077415e-01 8.696218384616227759e-02 -9.389944074883127545e-01 -7.316174513175275340e-01 8.610776410765297317e-01 -9.114425370829613016e-01 3.787860600516435028e-02 -6.887106847512352026e-01
-4.528943276548502705e-01 7.549923362857966502e-01 -3.502800373146863766e-01 -2.794903263125836368e-01 4.071776841223337939e-01 -8.722852904937439256e-02 1.956417782765487168e-01 4.703645471067576800e-01
-4.306128656639034435e-01 -6.223038953785884342e-01 7.393389139417991807e-01 -5.700177770963004154e-01 -7.787696675131787760e-01 4.025156550131474553e-01 -2.603221941954367846e-01 -6.286370739147326692e-01
-1.673031739857904210e-01 5.260240430198697137e-01 5.384214356162990711e-01 -1.830371975462881107e-01 4.066818012427286799e-01 -2.425913270704562752e-01 1.523935288338089666e-01 6.128984070987362198e-01
-5.780762133652972423e-03 -1.759903939297162712e-01 -5.535029087532574721e-01 8.984625276259272653e-02 -8.014880480597650347e-01 -8.185279580385975695e-01 -3.156599116823919360e-01 -8.009820515828207643e-01
-9.656800719958194001e-01 -3.862528598324053153e-01 -3.313538738249952598e-01 -4.576488307329140692e-01 9.877561926167528483e-01 -7.990373811554347672e-01 5.364418380503279682e-01 -6.984994539965507787e-01
2.189306814970111148e-01 -5.312584519925573900e-01 -4.494894680550429733e-01 2.289936038354010162e-01 -4.938780927164792001e-01 -4.780132312998259803e-01 -1.716501624985871111e-01 6.368796234903451037e-01
-5.562266636626493899e-01 9.819805357822684044e-01 3.792142937318443430e-03 5.910187738966499182e-01 -3.825376382855134594e-01 1.531728887647809678e-02 -5.376069845962194726e-02 1.425274990714009427e-02
