2.735243168986212225e-01 6.067660667665493168e-01 1.639885780644887436e-01 1.296692702954511667e-01 5.675379182092787911e-01 9.279851225544062387e-01 -1.052240251225728951e-01 3.944728999528714919e-01
-8.624698915151360890e-01 -6.225480713641358133e-01 5.688147677422716875e-01 1.602633636295636155e-01 -7.652143375288573690e-01 -3.940195681030722596e-01 -4.530916352979905692e-01 -1.871680662390060590e-01
-3.910254745723493741e-01 4.052264426352645277e-01 6.156846879905084613e-01 5.114170597718608047e-01 3.381857351398109834e-01 1.266754551249955618e-01 8.262580489607289636e-01 -9.326665767523500961e-03
1.982851148638560268e-01 7.954656362001095715e-01 -1.034828638833098502e-01 5.640607808083484276e-01 4.295959406720359919e-01 -7.548195945775715288e-01 -8.979190172484452503e-02 6.650995990252273060e-02
-8.749583703092513876e-01 6.716253497509718784e-01 -3.263143467238764917e-01 8.725421847133834063e-01 -9.479668639616667392e-02 9.567766230672478667e-01 1.464117954013015588e-01 -6.104532196773049257e-02
7.340425852872811685e-01 -2.543028322418698917e-01 -3.522131388304090560e-01 -5.266201921893201021e-01 1.452526133965570398e-01 5.993200389215307400e-01 -9.309320748084770614e-02 7.527531048218625287e-01
-8.412955415821476990e-02 1.706654993424616684e-02 -8.117548251765993594e-01 3.099412266780565695e-01 -2.858335056626155612e-01 -2.593485138547091395e-02 -7.016798297397370821e-01 -9.067626309304455123e-01
-6.854913507550972618e-01 -4.481506515871997998e-01 -9.606338317875382504e-01 -3.423706798718373356e-02 -7.567168015882950183e-01 5.768181190545949022e-01 7.016789488597094948e-01 4.196607700427639198e-01
9.629814880573519531e-01 2.143498699851140721e-01 -5.028434374659835893e-01 -2.876850207845538243e-01 5.163741227438722881e-02 -1.391735037477523917e-01 9.469206739555000585e-01 -8.127867422639634132e-01
-1.501024093240310719e-01 -9.309682265007896973e-01 -8.596153019784793514e-01 4.694366167401764489e-01 -5.309186858354444372e-01 6.698889834088164186e-01 2.330868879903551516e-01 2.835222877581824452e-01
