8.184207608264566502e-01 -3.163010014236782297e-01 5.756764703547601059e-01 5.787590690203336941e-02 5.726893911697428230e-01 4.795274475341182452e-01 1.748373893562111814e-01 9.259757935890733371e-02
3.085042152113997016e-01 -8.161850410904052389e-01 7.046105360400156670e-01 6.901014274694587947e-01 9.538709928186781539e-01 7.219473201939108353e-01 -3.492171598365190199e-02 -6.663055876911028186e-02
-4.325626378847642339e-01 7.597512777249475491e-01 -4.405461768279159696e-01 8.788046718950495162e-01 7.469741550566144639e-01 -6.469093203357982880e-01 -4.876099333523864487e-02 -8.761948743311698262e-01
-7.526088301800106795e-01 -4.378374474809492156e-01 -7.295332004086660938e-01 -3.904087704058694097e-01 -6.459018768881181760e-01 7.622958250349942677e-01 -8.779572241051538661e-01 -6.896390041203859234e-01
-3.880175575993753956e-01 5.206789531126401194e-01 7.923934279389337476e-01 -7.723136011925688660e-01 3.904988289016053660e-01 1.166409233625320674e-02 -3.531550850209583814e-01 9.370897587207038804e-01
3.216666792414542009e-01 8.928507807960606169e-01 -1.566068485094445073e-01 5.685202105733884181e-01 3.874158743195508237e-01 -5.858567831769512235e-01 -7.972203088816540717e-01 5.059666400083966398e-01
9.286387339633666027e-01 -7.619093941027001993e-01 1.418147187866618530e-01 9.824398897164330346e-01 7.400756029526944779e-02 2.680788313785260613e-01 6.052190363225860015e-01 -7.882934425285068603e-01
-3.125680010931155550e-01 -7.235428514916746323e-01 -6.947909415070960826e-01 6.913171533153672499e-02 7.934896312875456825e-01 -1.617004134160504591e-01 -7.877810504151532278e-01 6.366295533680614849e-01
-4.807000811943418217e-01 -1.980105308954094312e-02 8.487809809077466738e-01 8.815110762441789038e-01 3.365996209506330050e-01 -4.576911109949821643e-01 -5.008245573338547807e-01 -3.899827269979374567e-01
-9.622694258748041296e-01 -2.844931701537483093e-01 8.641486013624577467e-01 9.036475584996017663e-01 9.312247418767709561e-01 7.335722088029856813e-01 -2.168230228059637721e-01 -9.422388903996155030e-01
