-5.078108149299707108e-01 -6.765331268441396873e-01 8.042110148239547396e-01 -6.587693692413187918e-01 -8.571460920590938670e-01 -3.897322947516088654e-01 -3.382037456036286471e-01 -7.773502627763089201e-01
9.085192254825671387e-01 7.878898512089982376e-02 3.923595111980517913e-01 9.115199749299334187e-01 -9.206977010852188670e-01 -5.646294368963178378e-01 -4.604430865779056692e-01 -7.156953580882121635e-01
6.871672732621798563e-01 -8.242422813059517850e-01 3.591326712312448155e-01 5.820287744952628017e-01 -9.296554422183400668e-02 2.564971018433894745e-01 1.702909346246621602e-01 1.289212737664571229e-01
9.923395735400886153e-01 -5.408624801906454227e-01 6.423073760770958707e-02 1.885073128562559930e-01 -5.064009906245225956e-02 -5.111953160685889230e-02 1.099111570203703536e-03 -1.180639303735053769e-01
6.084530455376890856e-02 -4.227482436770690910e-01 8.130181080899991919e-01 -1.107734887952340763e-01 3.522196024534023362e-01 -6.756495804616962086e-01 6.044589809571814243e-01 -2.752275100110956885e-01
-2.897187897588295868e-01 5.570966214873311895e-01 -5.862987070760772301e-01 1.755445048241488504e-01 1.305530124677296566e-01 4.779376852680499166e-01 3.882254573527421648e-02 6.283777947045574575e-01
-7.997779728226190876e-01 -7.629979044911503472e-01 5.567766925776052034e-02 1.032551949733619967e-01 9.114126745929080897e-01 -8.161029493567562021e-01 2.949030095933198314e-01 6.544043509343233644e-02
5.214478249663656584e-01 9.625056200054420419e-01 5.286457579596597345e-01 -3.689003611992935916e-01 9.822921584944637186e-01 7.282005489496023998e-02 -2.935878844718049496e-01 6.950163709831358450e-01
-6.056941454600992536e-01 8.233551217339674100e-01 -8.411802335818290288e-01 -6.787288115354161988e-01 7.686444554336056001e-01 -7.359244428788489500e-01 -7.398903332543678157e-01 -5.213420355694968755e-01
8.012618619493205863e-02 7.771065764824749422e-01 8.167560616425073583e-02 4.139446284489116668e-01 -4.238732588496398890e-01 2.758167817943530942e-01 9.521350346503885120e-01 4.111576179436722267e-01
