2.265834076257915441e-01 -4.947955603779088385e-01 5.926459465457636355e-01 -5.117400475536364457e-01 -1.711056326715265641e-01 6.961350170740319143e-01 4.038627459739640990e-02 5.683235710509051408e-01
9.513950297171924753e-01 -1.756605518596867643e-01 -4.347803068956270778e-01 6.311833459745914698e-01 8.178537415021533974e-01 8.472888585496871627e-01 4.907922414502972064e-01 2.551434836402246553e-01
1.784138742323899685e-01 2.942333790591964426e-01 -3.311712784409546195e-01 8.380838089921949230e-01 3.981515031466751342e-01 3.674749971962436579e-01 -7.709616225207567286e-01 9.610517511436031945e-01
-7.351541516067310322e-01 -5.889020252593168969e-02 -1.877103938293016583e-01 -7.335547233534374101e-01 1.908626594752438344e-02 1.508282024970051260e-01 -3.513541964467925549e-01 -4.199244682576723786e-01
4.213408114803935955e-01 -3.078182637876198946e-01 -2.330384470523894080e-01 2.701616900575312119e-01 5.223093768801363446e-01 7.993790079947693528e-01 3.242576004000108369e-01 -5.320617706554897630e-01
1.520920320691385719e-01 -4.506296496621209347e-01 -6.275706477033291542e-01 -5.171607126608770422e-01 6.638544037006877119e-02 8.219347959970269013e-01 -6.419810304436186499e-01 -6.158255648080162015e-01
-8.494669029392269977e-01 -3.046521928938439316e-02 5.645215659575442135e-01 3.561206360436885987e-01 -9.714348244184476400e-01 3.670041223155557919e-01 9.285926541967906012e-01 2.231579919984563176e-01
-5.423127536506500146e-01 -7.894249883151245317e-01 8.399547462795080577e-01 7.010240131070757386e-01 -1.728390148923268921e-01 7.433240241251644065e-01 -6.214074672273703914e-01 -7.650584546084171489e-01
6.759606900289185649e-01 4.565145498968745663e-01 4.988543989821814240e-01 -9.145372096584267751e-01 9.968877108132363496e-01 3.226152892228262292e-01 8.552348052667688716e-01 -6.075658578095988194e-01
5.904223776744126351e-01 6.285114630533654712e-01 5.071817030176444252e-01 -6.757354979299863285e-01 -5.406484712508541346e-01 -7.880462489433772699e-01 6.749770830755341677e-02 -5.598899870630151820e-01
