8.927238811413404918e-01 -3.853642776685539673e-03 -9.828485232920622927e-01 -8.022079828939263635e-01 7.627033852752498344e-01 -3.550547241576640367e-01 3.904777801350420852e-01 8.254569572995524851e-01
3.581243700255363205e-01 -2.523795227399401320e-01 5.281744120872515769e-01 4.795747974208166564e-01 -8.616781741244801118e-01 -6.078240206352849562e-01 1.859316075639170229e-01 -7.641584745849263616e-01
3.048857345707793876e-01 6.959655230819701277e-01 2.601673564453357290e-01 3.899884116934189127e-01 6.278439756907845393e-01 2.769448446919398066e-03 -4.413106631333629792e-02 -2.947178278716844346e-01
7.839535152577954413e-01 -8.899655218647999355e-01 4.763711212666448258e-01 -4.522801916927363663e-01 8.124032067053668094e-01 4.348584741403105358e-01 -3.862742912081580382e-01 3.275363825680610574e-02
4.354460063205003451e-01 5.289470381885277295e-01 -9.800110312916558986e-01 2.118418137185495986e-02 -1.166871599712715479e-01 2.600415118941099557e-01 9.565399658036950470e-01 -2.478454050563756450e-01
2.130605607577611416e-01 3.335019472892446490e-01 -7.039986525332999623e-01 -3.704098643570135074e-01 -6.746507334002158629e-01 -3.058132428627073907e-01 4.377049646058812638e-01 4.589890101465097239e-01
-9.052449933158330797e-01 -5.947498097663534988e-01 -9.032497853939513988e-01 6.411180738407040725e-01 -6.226525118873680320e-01 -3.663077387949049690e-01 -8.864286405773791344e-02 6.262036733721809689e-02
-5.274076274823611410e-01 3.846850550653200251e-01 -7.788819328998961566e-01 5.303781071799489322e-01 9.557109598882711499e-01 2.012202316627975662e-01 -4.434317837883559044e-01 9.156653922240054477e-02
-8.084642477412360417e-01 -2.492747822042700179e-01 -3.139063515538709215e-01 4.100012703770024025e-01 -5.016129539192324405e-01 -2.041437330842761355e-01 -4.432983683093012495e-01 -9.206352935424293449e-01
-3.295370220762656732e-01 -1.344484830642882489e-01 4.828858085133242994e-01 8.610457881324198315e-01 -5.433583123354461808e-01 -5.802089063652706713e-01 6.366671934626444429e-01 -7.213373141363319530e-01
