-9.637073816363759260e-01 -6.918112618012299819e-01 4.276022002703541158e-01 -3.117178641783679982e-01 2.069857489141835316e-02 9.625390271562772604e-02 7.197721561094172493e-02 8.779081131976043118e-01
7.989668212873555220e-01 -9.575362510363023549e-01 9.803232203254654831e-01 3.917077929137919856e-01 4.627271239576893347e-01 1.014277417421487471e-01 5.858208967805222933e-01 9.204971047734760159e-01
5.407142992653810598e-01 -3.079766418286464802e-01 8.542187689040303678e-01 6.635762101822602066e-01 4.089985170306655871e-01 -9.473536470187531311e-01 9.048223998124460543e-01 8.150091937674273090e-01
-4.046316757494199390e-01 -2.767859900486016045e-01 -1.194558802172545064e-01 -7.747677647759105835e-01 -4.581569326743597514e-01 -6.184157039166364722e-01 -1.927386557977677217e-01 -5.106997985082100122e-01
-4.735509725908051415e-01 -4.795143052034034348e-02 6.057612979075845949e-01 -8.672187611153954201e-01 9.008422939947628993e-01 -9.006193096842891599e-01 7.903747324007617259e-01 -5.841279441844231535e-01
8.745947515892726898e-01 -8.229836777814631965e-01 -5.323732083393519776e-01 -9.668230952659222499e-01 9.566316643044820989e-01 -9.325555428265119851e-02 -5.432075249476908674e-01 -3.110704484539443815e-01
-2.115299420842209344e-03 3.842609280855506793e-01 5.607415358572986896e-02 -4.379214971041966997e-01 2.945054099556960736e-01 3.378415556344958048e-01 8.419412953725771143e-01 6.383503396397200991e-01
8.627460916743214803e-01 6.776453226310874545e-01 -7.455573188397623952e-02 4.917482304207401178e-01 -6.805298890513067356e-01 -1.002924224315302482e-01 -3.371210903543868653e-01 -1.066932766714749903e-01
3.692677849905101617e-01 -9.851564131735051077e-01 8.581251346932528001e-01 -9.786276351619629388e-01 7.486264451577822054e-01 -9.901989416346139716e-01 7.776292808636136034e-01 9.851228018539592846e-02
2.845910460430867150e-01 4.811228522789057216e-01 -6.421053023193412645e-01 1.876306949099968424e-01 -8.536388337204892096e-02 -5.034231747868398443e-01 -1.581310330848040291e-01 2.382619040077305073e-01
