8.380191617870869081e-01 -2.309000419546989313e-01 -2.872898043383842470e-01 -1.782740985329933636e-03 4.403314804980049679e-01 -6.074303017338389399e-01 -1.998974363327254977e-01 5.101199567037484339e-01
-1.161126859903831576e-01 -3.027641069286395314e-01 -3.849082310950111552e-01 2.310071639530344445e-01 6.132772932430043955e-01 5.701168760622530307e-01 8.199160002461547414e-01 -7.540005806590992510e-01
-3.688420293460294985e-01 -7.027323187337162214e-01 8.337631262964955159e-01 5.078145876740332021e-01 -3.525946683987377650e-01 5.905310651939534861e-01 8.126520758498037011e-01 -4.596208202233265094e-01
-9.770712524135016785e-01 -2.671743024689576806e-01 -8.815291104346654194e-01 -1.503090674022991013e-01 -3.046126951662178062e-01 -5.467144588518209058e-01 8.888986774657838819e-01 -4.289181920185751729e-01
-4.556389081052398815e-01 -7.930522273635793873e-01 -1.850848511651825845e-02 -5.312772571458304061e-01 2.373223887249866770e-01 5.496371897402774209e-02 -4.625645628972536727e-01 -6.156601029586858953e-01
2.244853872938394890e-01 -5.017693717251927588e-01 5.326737907770004998e-01 -3.111073475560333090e-01 9.694749323271680819e-01 -3.238883737729705281e-01 -7.440031708914360831e-01 -7.104677451902665641e-01
-7.027786484008702317e-03 -4.593170360531484420e-02 -9.629334585601132535e-01 4.395480382005010345e-01 -7.017564724503111417e-01 -3.847696603135903892e-01 -6.416644974892906639e-01 -2.023719989358201410e-01
-8.228131694367215587e-01 9.593235827909341040e-01 -1.603298086533999633e-01 -4.477063908121736713e-01 -7.539562165549318351e-01 6.165221629744415122e-01 1.281030214541361012e-01 8.345295743742653372e-02
3.911979624081516338e-01 -7.760939342902488658e-01 -6.724002846297920666e-01 -5.623588120358988807e-01 5.390284489010641611e-01 -2.496400328981915884e-01 2.117413888878336703e-01 6.798434757615596791e-01
-5.023533246719764644e-01 -5.613653471508632808e-01 5.839721469989656022e-02 -7.491588260554471468e-02 5.365533377693190165e-01 5.719393860542696384e-01 3.853987890571215491e-01 -1.857490191123869483e-01
