1.564481230876912932e-02 9.721334252142259658e-01 -7.792827118868150826e-02 4.139082859438416584e-01 2.384802071960936409e-01 3.745675969162665098e-01 -2.215681129361968260e-01 1.843893809304142373e-02
-9.632574310283286145e-01 2.108708071929166206e-01 -4.708856829627183771e-03 -7.788293495620293161e-01 3.835424887963745366e-01 8.924447553418726198e-01 -9.181823932301795832e-01 3.893677831012531954e-01
-5.562691989415016192e-01 -6.385839145078502366e-01 -9.110529628252685974e-01 4.475794924915923456e-01 -3.759781587429698035e-01 -5.449149861911113391e-01 3.952319678664226732e-01 -2.513518269054473286e-01
7.516677588448645864e-01 6.493813816406923678e-01 -4.289003954110144345e-01 -9.938899602914490483e-01 3.307767974330029226e-01 -9.337586374785962207e-01 8.640084813687585186e-01 8.907501106982658179e-01
9.338134475009913782e-01 -3.861176732343873930e-02 -8.267873308793278753e-01 8.912004035927512113e-02 1.829936846521820204e-01 6.024369484993461477e-01 8.097831117899356723e-01 -2.139942280558111420e-01
9.209530614232870338e-01 7.474288981175170044e-01 5.812406979732791523e-01 9.147536471884247788e-01 9.547500839233169501e-03 -7.497608664134707279e-01 7.688917741942897788e-01 -2.850659603470881986e-01
5.228135240248421578e-01 -7.580947152779593523e-02 9.537729744759051442e-01 -7.717465482007401789e-02 1.397244492872899979e-01 9.716185479285255333e-01 -3.120975076133725157e-01 7.381895433518195215e-01
-3.160049803547206881e-01 2.964353639931776030e-01 6.614666725191340468e-01 -1.839336151609924919e-01 -7.971489684489578842e-01 -7.471515954543490601e-01 8.986912657149288552e-01 -7.390251489114323391e-01
-6.254761868325939833e-01 -2.062142932419483987e-01 -7.688264340996446844e-01 -7.912667287908625724e-01 -4.756170281630109908e-01 7.359219023541685445e-02 -1.717560015984578303e-01 9.883117636368354830e-02
-3.167031946020077982e-01 8.810009990734046781e-01 1.310206711737105234e-01 -3.083538533845282537e-01 3.764928417706125963e-02 -3.227102878224650251e-01 -7.380922632933204497e-01 6.634478652026947199e-01
