-5.464275162113230166e-03 8.136654825921449952e-01 2.401187151946595488e-01 -7.546905183306373832e-01 -4.293815456049507873e-01 7.982791326673743804e-02 9.043966504395353212e-01 8.850885807875896738e-01
-6.179740721605786469e-01 3.954724285115800431e-01 1.324823159428518693e-01 7.076551089225535662e-02 4.303307150100827982e-01 7.365989300311623911e-01 3.203815215062735255e-01 4.090148714846670863e-01
2.204279261456325578e-01 7.886717760233135088e-01 -2.118656128676339456e-01 4.746187400768844267e-01 -9.840949587224152584e-01 6.021651760084378857e-02 -5.226931621592869615e-01 -9.830791690884412848e-01
-5.527473118845716016e-03 9.564765895870226409e-01 1.221696676364913969e-01 -6.480214076908574761e-01 -8.664676316765786979e-01 2.828476665488337538e-01 -1.895712048408666472e-01 3.807505559498518544e-01
-7.901754397671001406e-01 9.111191935336486747e-01 -7.809176251347014208e-01 -1.284595601710289969e-01 -6.952181273207358458e-01 8.905822775158578342e-01 6.164139179740277807e-01 7.328763165011566993e-01
1.008814602704835028e-01 2.084456274722248370e-01 4.007124243387363283e-01 7.709697104430714987e-01 -4.205554765715395771e-01 2.968772731872211246e-01 -4.245997504515417464e-01 -1.747925259173457313e-01
4.390091011434447132e-01 -4.223770167964031597e-01 -7.924468632117576128e-02 1.887434172749591355e-02 3.001689888027121444e-01 -2.212920995908638222e-01 -6.190621867025833946e-01 -5.948404765735257893e-01
-3.340147838241351863e-01 -2.228338130695868280e-01 4.749442405895250019e-01 1.326175354869298939e-01 -8.094253565299336373e-01 -4.713195332860862230e-01 3.455511223478364702e-01 1.734189549201776703e-01
3.507479693483002148e-01 -8.534911176236641417e-01 8.434832585422102902e-01 7.352043088153277228e-01 4.193281406344508966e-01 6.777211681897066242e-02 3.541426816261858956e-01 -1.809134521877953095e-01
4.624929108965880609e-02 1.132994307670605050e-01 4.536862962325338700e-01 3.109588542476706685e-01 -6.446238955482763711e-01 -3.587928801357769260e-01 -8.815334605430436010e-01 1.693109419409395411e-01
