-6.296716381504772198e-01 -6.205181688259251427e-01 6.096666124526961550e-01 5.988144377924493611e-01 8.634214978621219672e-01 9.543557924418590854e-01 -6.085750705011006012e-01 7.196443185700636125e-01
-9.500011691055221252e-01 5.047885175707576000e-01 5.305687465370698686e-01 -9.445794242025962184e-01 3.566149289093085706e-01 -6.334669210625871738e-01 3.958748558568772058e-01 -6.412404635312354273e-01
7.869486036064130552e-01 -8.971669965312791817e-01 -8.644283394123142283e-01 1.871842303982940159e-02 4.676259701279548153e-01 7.713908556608477518e-01 9.578030582094700929e-01 -7.341073052930568998e-01
-6.841143051067177794e-02 7.135194417831876024e-01 9.581442868746923303e-01 8.668978372064801707e-01 5.205313376722522367e-01 -3.545320823442996705e-01 -6.663414578369324381e-01 2.307835764381420685e-01
1.185888310372391619e-01 -9.698514981783195044e-01 -6.263200508335753369e-01 4.632683953291725221e-01 -3.303932218382235053e-01 -2.149360940257971642e-02 -4.968879302076207871e-01 -9.959174447782055406e-01
3.706092852765465739e-01 -2.810099618577768243e-01 6.919350815795324294e-01 1.203138541202877221e-01 2.269190084478673874e-01 8.391096952985876989e-01 -8.781273891662912945e-01 5.210512942432012906e-01
-1.407438233163873509e-01 7.242742388960934363e-01 -5.925072366656281009e-01 8.454250904123208343e-01 4.138073261589350071e-01 4.204171825395137674e-01 -1.623520834406670943e-01 -7.064165682349996533e-01
3.634565434757048852e-01 -7.660635235212773786e-01 -7.936239424312918622e-01 9.915634443657184161e-01 2.326233447933871989e-01 6.413782223143655870e-01 9.319300707598416889e-01 -4.897816863760025008e-01
-4.496755462922017443e-01 -5.419914865887802691e-01 4.399573392745452782e-01 9.357671392757020978e-01 1.147531458630057788e-01 7.704899825303179739e-02 8.654625460723626151e-01 -9.793007418723012059e-01
-7.488440537531968477e-01 2.212770757022277657e-01 8.761717422712640424e-01 3.497178060337620131e-01 -4.069246423776280430e-01 -9.255875181613177904e-01 8.335291640612259023e-01 2.371018083646696528e-01
