3.788816469664681996e-01 -8.744390298929660688e-02 7.730315630238886460e-01 1.316454299249434357e-01 -8.396484987787409260e-01 -4.276152670779864717e-01 -5.979590439544315572e-01 -7.060776593060327233e-01
-7.400744665025773550e-01 2.385475586173866347e-01 -4.457120327335821752e-01 -6.073360220786592212e-01 3.202606540381514044e-02 -3.712866269757493232e-01 -4.495386725087049395e-01 9.825210153656829259e-01
-3.581360326288047791e-01 -7.915190423700562139e-01 7.282394112493717486e-02 -6.977981937415098646e-01 7.086148876072320135e-01 6.633260493833759153e-01 -8.240050255460487083e-01 -8.975027160586510622e-01
4.329624708774770792e-01 -3.813042091109775100e-01 7.324019248187434439e-01 9.765063627647661004e-01 5.547487413075224971e-02 4.987602837797064925e-01 1.733434197244583252e-01 6.462620594683481379e-01
-1.721604006945722798e-01 -8.301326232496131219e-02 -9.658830975891408155e-01 -9.128748626468587979e-01 8.982718754389473759e-02 -2.591787430217613597e-01 -7.354168565105556610e-02 6.431813736960068084e-01
-3.531847282512445840e-01 -6.268741625412139751e-01 -8.510047506105444803e-02 4.725549891707221395e-01 2.465144533606924426e-01 3.639709679182157043e-01 -3.636800520030731843e-01 6.910172037235851050e-01
-6.557815078673994158e-01 1.284983262690804207e-01 -3.319287880364796273e-01 8.892324882925333185e-01 -9.187213049470406290e-01 2.083032022324882160e-01 -3.375862758994370161e-01 -1.967239620968272984e-01
6.621088207712317875e-01 4.904995868209158782e-01 -9.964006919354633229e-01 8.607565403688282046e-01 1.413184057377783187e-01 1.436631099218232954e-02 -3.706090879844650132e-01 -1.797198112947340221e-01
-5.028102484959966478e-01 7.305694030579730214e-01 -2.949004340300107607e-01 5.070822803961723135e-01 8.923582153452875865e-01 -4.565175445427522849e-01 -9.274845348978717485e-01 -6.327866343533474769e-01
1.557201221864279450e-01 4.208114684475856571e-01 5.288418547373172629e-01 -4.397308955342555947e-01 -6.996822850893273937e-01 6.461709938926174512e-01 9.855781537104599810e-01 2.229166283385617398e-01
