-4.989441820246782733e-01 -2.173091030830258674e-01 -4.929044459231546327e-02 8.120630319493538085e-01 -4.036557167753804798e-01 3.766169249388018336e-01 -1.421871239810388321e-01 7.395923375431747715e-01
-3.239237894981548127e-01 -8.765186875771502351e-01 8.210053029514674527e-01 3.173764480007514877e-01 -1.766472986519220800e-01 -3.427214935401483586e-01 -5.805190371498833990e-01 -3.659500179265511299e-01
-6.353710642244450035e-01 2.329891215254045189e-01 7.120188779941443169e-01 4.036530545680614424e-01 -8.938393012891385769e-01 3.157359771366585743e-01 -3.211124479282780886e-01 6.732152902341086431e-01
6.714252042882842275e-01 1.211670809749803013e-01 4.799982969612264228e-01 -9.316476554553358991e-01 -2.218160718377206742e-01 4.155045940711057373e-01 -9.888754196383404693e-01 9.519913095607264175e-01
8.425442973408812097e-01 -5.844581913898014847e-01 -4.553174254122756004e-01 -1.571615626775253460e-01 2.702702070793419065e-01 4.741426981328944468e-01 5.265895859923710454e-01 -5.350239300392269914e-01
9.464211727928231177e-01 -5.091957171025005557e-01 4.735435344679235214e-01 -8.445793373717902508e-01 -5.980285623464423050e-01 -5.000641808598207394e-01 8.885715450748750133e-01 9.309639286706301586e-01
8.741973955579673827e-02 5.036204262139341026e-01 3.677214742931453895e-01 3.723904178887362804e-01 -7.164741364209270547e-01 -7.280474308456637011e-01 4.293167493503926568e-01 -7.422404767030608141e-01
-1.988170987093498265e-01 4.229191773572893442e-01 6.108921181458761840e-01 -7.474830466668869189e-01 2.098527928234159567e-01 -4.755719801280982040e-01 -2.285157316777695069e-01 -8.869817887779889443e-01
-6.663875016040383681e-01 -4.653166821787408924e-01 -2.805875922035185877e-01 7.436070777151471134e-04 9.062789889743816385e-01 -9.464241734664440298e-01 -5.387217054027162444e-01 4.891441872414783454e-01
-1.811720515930561604e-01 1.797761485319515629e-03 -6.077667198391947245e-01 -5.830228794504206391e-01 8.479309696262087304e-01 2.842017488857244700e-01 -1.481591505841062251e-02 -9.589146086268101055e-01
