5.416970329075709856e-01 2.700071161403980735e-01 -5.045526438091769705e-01 5.057600169164389037e-02 -5.775342620354879664e-01 7.363677104624788416e-01 -8.675374709994159161e-01 6.382150607821213129e-03
3.685808478817054201e-01 3.560265336058281438e-01 1.088058476116511297e-01 1.829362594637917727e-01 7.043273688746021222e-01 -7.737084232265192263e-01 1.815061986234984825e-01 -6.698729787864750040e-01
7.743247378908735268e-01 -6.079029722514399658e-01 -7.898640855474390321e-01 4.575020384163157594e-01 -6.366100993652517026e-01 6.205404550339661540e-01 7.248644301217350705e-01 -9.841514727070075352e-01
-4.915559401686089291e-01 7.909802456229215739e-01 3.751623785345850060e-01 4.076031160215833893e-01 6.840748769618691938e-01 -4.577576081158407639e-02 4.658191131271818275e-01 -7.578466561735568430e-01
-3.528466089563393471e-01 -2.961386300323429754e-01 8.726879216682195128e-01 8.463972335539255987e-01 4.728191056717068186e-01 4.750909461499763786e-02 -5.316436075188923915e-01 -4.456125822866985331e-02
-1.273747039221428956e-02 -9.644413241383176238e-01 -8.449128366834615100e-01 -8.676587770383743514e-01 9.973215544842761737e-01 2.701150646835941416e-01 6.859555034577200505e-01 -4.511231860049844666e-01
9.262643465161548573e-01 7.516565526300589273e-01 9.880780182054198502e-01 -4.014179032767506428e-01 9.364394243863480849e-01 9.607341841383199021e-01 4.293638327023625578e-01 -2.308477634750261132e-02
-3.027607132385179423e-01 -6.205949795040777150e-01 6.110196310631166305e-02 -5.425567008220275600e-01 1.817059647530161470e-02 4.382010265010138905e-01 -6.847921454542056363e-01 -5.144391441279090316e-01
-8.963032337075094169e-01 -5.660483315004054550e-01 -1.806262236789080156e-01 -8.697867012796804964e-01 7.935724649021378418e-01 8.715417789494785961e-01 -8.619994608995773522e-01 -8.908475812097276236e-01
-5.339545909361926856e-01 1.205491674764775922e-01 -6.233261177048470270e-01 4.443355486268378840e-01 5.326936895581633191e-01 6.972054480698710588e-01 9.745618115664576031e-01 -5.257801598108184926e-01
