-4.602139908190714390e-01 -3.522787600896717386e-01 -2.127967759193438724e-04 -1.944052779837577294e-01 -9.223321925653682474e-01 -9.819830661451727227e-01 2.124538343807302887e-01 -2.108212554565813690e-01
2.083153090959781739e-01 7.046206964324341904e-02 -5.176127436509032620e-01 -9.267526421842395834e-01 -1.514445918279343495e-01 1.838450255626136176e-01 -4.298518735059750906e-01 2.017525838428428919e-01
-8.191979068075050385e-02 6.590557058337145335e-01 9.802588961930276401e-01 8.080240378358549691e-02 1.010669410202120755e-01 -8.454568781776545805e-01 7.595258738187364855e-01 -9.036375646779866155e-01
-2.060379749773431080e-01 6.636590693275397079e-01 -9.840662218263618310e-01 2.992688146924573633e-01 9.453822862375043101e-01 2.559415603715786691e-01 1.625912344022799605e-01 8.666261915066120203e-01
-4.511913923719828023e-01 8.046619808733586066e-01 -1.717379165062546953e-01 2.497427913950018841e-01 7.196314166446244887e-01 3.608806019525001574e-01 9.202695204808182261e-01 -2.981650451256936396e-01
4.727407160406293940e-01 4.952279419955101236e-01 5.127690380580116614e-01 1.775056328125481642e-01 7.259693866423446718e-01 1.475262185867898257e-01 -6.917259487978719701e-01 -8.084355458577885400e-03
-3.345029386966114071e-01 -4.409417325702169599e-02 -8.457216824849362879e-01 -5.529502391135285855e-01 -4.415133895779137507e-01 3.069796922389449456e-01 7.910764759155661796e-01 -4.129009598171315965e-01
7.105913915185353424e-01 8.908639191649758704e-01 6.304369857527163390e-01 -7.580804358921984232e-01 6.739950286004710023e-01 -7.099039502543484925e-01 -9.990253830885291730e-01 -4.893622234537398086e-01
-6.324870801908399898e-02 -5.116516394370707044e-01 3.880142340661074662e-02 -6.022841475607143558e-01 -4.464634053825793369e-01 9.982798826691714478e-01 7.009070494201943280e-01 -9.294324402776110716e-01
7.460735841198966600e-01 -3.992599143176758236e-01 -6.627638004459068810e-01 -5.237162449574153111e-01 -8.644810803887237327e-03 -8.316824887814822098e-01 -8.095740806570899117e-01 -2.658653104003096956e-01
