2.939313466671622521e-02 -1.666138191209878272e-01 2.138660475610416611e-01 -3.700714141142240621e-01 9.651922796026406459e-01 -8.566045618936051209e-01 9.433345204109229165e-01 5.365305273907388095e-01
-6.816859345358630140e-01 -2.769187680449329836e-01 9.046311634873327456e-02 8.328950032824091743e-01 -9.757260027803986713e-01 -2.065939415871147489e-01 -6.579360269976515241e-01 2.739096241653256047e-01
-6.276331601855349440e-01 -5.428857442587611271e-01 8.152013002318245771e-01 -8.989136640757140473e-01 7.983459328658062404e-01 7.748869912749094535e-01 8.155924737094413235e-01 4.649691592019811193e-01
3.157729885328972586e-01 -7.791001306401346138e-01 -7.226706215422489255e-01 -1.800481128868667291e-01 -9.736299737056115511e-01 1.972895882444960503e-01 1.875459708258730984e-01 -8.577090161428835291e-01
4.750732501148107190e-01 -7.276795342615822726e-01 -5.533243535858562989e-01 3.326488234582474224e-01 6.265586536281120278e-01 -6.551334831294268746e-01 -3.919371516982517178e-01 2.131047519461766182e-01
-9.783930840490295822e-01 8.202740652554649792e-01 -8.095863866297940969e-01 1.119507173043716719e-01 -7.154206185329110568e-01 7.652485791450205355e-01 -9.379396862304569815e-01 -1.073250493072974709e-01
2.068411629756328196e-01 -3.333329067365438103e-01 -6.982433886621337571e-01 8.948558400107173849e-01 -7.550985182171068288e-01 4.542238327274530363e-01 -4.079691529864981625e-01 -6.995232962806168242e-01
3.163612310270655925e-01 7.692065190690087206e-01 8.283157328947912124e-01 -1.942183137869792908e-01 7.276930409140103251e-02 2.089012111917378789e-01 8.229605287516532641e-01 9.369927716096548842e-02
3.535741688144966588e-03 4.868865316173216495e-01 -7.393107906250233619e-01 5.273231333861536640e-01 4.824401997699823141e-01 9.677490813022826543e-01 9.328801114158182806e-01 -4.333888316071747848e-01
1.976076005923126377e-01 -4.700234008966805987e-01 3.635224388052167299e-01 -8.675263903599437221e-01 -2.413700252010442249e-01 3.443089163641097628e-01 7.079352471822502046e-01 -1.607367222421174358e-01
