2.667830529692658548e-01 3.669371156666003664e-01 -3.455745932221598871e-01 -4.151486457752280312e-01 4.203176423483609980e-01 -9.935094371455721607e-02 -2.916795238232983145e-02 4.665961650981347297e-01
4.311700085933409810e-01 4.514056757098816597e-02 6.186032933398650790e-01 2.141989645795703279e-01 2.334836682631193927e-01 4.085533688912230676e-01 7.444872542864604537e-01 1.316672894290737972e-02
-2.801135887002323965e-01 1.280456529892335382e-01 -4.372399571702922927e-01 2.559377547261449948e-01 3.875588430015834973e-01 5.856788944718440693e-01 6.701146543902389840e-01 -8.601492714634677572e-01
7.107321829685790959e-01 6.827231770396458010e-02 7.675120164664224198e-01 5.463094417682887727e-01 -9.437769470668415650e-01 4.859398070771927536e-01 -7.472565271253230890e-01 -9.533097792732894149e-01
-9.185108099261167780e-01 7.820777045170008712e-01 3.221368403631652555e-01 4.966274452062826583e-01 -9.712724237615950607e-01 -8.142327828006643564e-01 6.800540599428519517e-01 8.252315965750498528e-01
-5.579095232645678859e-01 -7.982066777518512790e-01 8.617539073328215338e-01 -9.471364559714998688e-01 1.812438921817105530e-01 6.014409989391138467e-01 -1.216668658914819012e-01 3.303408508806797705e-01
-7.259335128431794182e-01 1.954833618840705611e-01 1.100916339896860219e-01 5.211911191058973269e-01 9.294078853290410613e-02 -7.771116860097728729e-01 -9.185566346947999783e-01 -2.811078843770236091e-01
6.878449344466879278e-01 -1.081959910735912356e-01 2.711505134486813517e-03 2.265995114645178443e-01 -6.142162921285434507e-01 1.466232970346041942e-01 3.096805505140569625e-01 4.996372206278585359e-01
-4.550689667328349231e-01 -2.938165823566412094e-01 6.283472774969234287e-01 3.214686589872552958e-01 2.996586837436732154e-02 -4.068870313450165810e-01 -9.700959225243452888e-01 9.944158217599710081e-01
7.370305594369876978e-01 -9.188364774264901058e-01 3.452157070402130934e-01 -6.628280205106940048e-01 2.072556894016144291e-01 -7.135253652639239608e-01 -3.795002856774432054e-02 6.674103719164419246e-01
