3.689006350989991745e-01 -6.683806342470095530e-01 8.956758172189098755e-01 -2.238008021036257400e-01 6.776943906770063197e-01 -6.642094999153638213e-01 -4.712199626256263763e-02 -4.401694677175429504e-01
9.996000329102425752e-01 1.873632206350244189e-01 -6.010584409301529263e-01 -9.661040997555543353e-01 4.129969965341984128e-01 8.824600135604652174e-01 6.067028028751675350e-02 -8.962266104418066259e-01
-1.907178273229881427e-01 2.365116553581514403e-02 -7.584881517920638583e-01 -7.573816736236094194e-01 6.158057002369199395e-02 8.701997888339529919e-01 1.950155528400032701e-01 8.344185216978086128e-01
7.923695763145794935e-01 -9.502867908370329353e-01 8.172044069985202608e-01 -1.385095569434564577e-01 -7.351130893594617355e-01 -3.587584690724359149e-01 9.949622324620466252e-01 9.020366829355412897e-01
-8.288233317478745921e-01 -5.291327188027858952e-01 1.006254630484029189e-01 -2.725408978877394972e-01 -3.669510805526401409e-01 -5.193346458521319597e-02 -2.787374501624266809e-01 -3.883533262716634127e-01
2.362939500406557869e-03 -6.788679625765647874e-01 2.299350584182571211e-01 4.677252505910964864e-01 5.605921728549472238e-01 -6.949820555110290954e-01 -1.513170605649636347e-01 -4.924954994921377782e-01
-3.666970023516968880e-01 -3.391954596034285618e-01 -2.183248270164630522e-01 8.403290112433388082e-01 4.857781846878137522e-01 9.294301659996915266e-01 -3.842127431356323619e-01 7.425640420049994805e-01
6.856123745335058750e-01 -4.522452349098202706e-01 4.116055247008501006e-01 3.013938460646863327e-01 -6.061718270360081373e-01 -8.809287296095109632e-01 -5.675155237458047175e-01 9.312890779834837041e-01
7.058030895940974325e-01 -9.337459826279643771e-01 -1.928970222296173542e-01 9.235704111234706026e-01 -5.076157947319146491e-01 -6.238141891060224875e-01 -5.546421044331106831e-01 7.728442543732756409e-01
-2.739550146887981263e-01 -9.312240667576765496e-02 1.898108649185248353e-01 1.668936280256128057e-02 -6.654979045975202290e-01 -1.171727628186653991e-01 6.609008637193336533e-02 5.608515354034870892e-01
