1.216032897520600287e-01 -3.827344960329370771e-02 8.843805197310861121e-01 -5.841126765483477534e-01 -6.660182688110602989e-01 2.491305489366877346e-01 -7.463304549310390001e-01 -1.022504687028571446e-01
-1.544535534497264440e-01 -9.354186581585173244e-01 6.682384315923379781e-01 4.349610832539625438e-01 5.443298916492462780e-01 1.198686732136227118e-01 -6.216241035747971377e-01 1.187604588118615911e-01
3.416809015664337146e-01 8.281489309046017322e-01 6.924893461863688149e-01 4.425633254154750507e-01 -6.012227012899782341e-01 -1.415589978965852147e-01 -4.141937667523072353e-01 -5.147174072626505836e-01
-9.356838277338352938e-03 -6.908175552677255915e-01 7.003078490740399786e-01 -6.715730059042017697e-01 -7.068453868540625074e-01 8.850576505943799077e-01 3.481816588527597567e-01 7.458995856698400484e-01
-2.140833955546199707e-01 -7.533469838616937420e-01 -1.652121171889133766e-01 5.469028754847564677e-01 -2.712476050476135825e-01 -8.918604687525533148e-01 3.197548128152962743e-01 -7.898267364506648125e-01
2.023814492710653834e-01 7.511315726399245829e-01 -2.589057902543643319e-01 -7.295216255561867147e-01 9.708677271591645841e-01 -2.125751831934048486e-01 9.441052064310675451e-01 3.113821456444991753e-01
-2.950141111904316382e-01 2.659496725532415340e-01 -7.148313632451446242e-01 -8.465345757910043289e-01 -3.714608096451446073e-01 8.450429929222724734e-01 -6.922850825392958818e-01 4.473171277702641113e-01
-8.931794978271883068e-01 -4.680468586983239643e-01 -8.198140993891114281e-01 -8.594275938791622327e-01 -6.008326653447841892e-01 3.631424674873506842e-01 -5.090198748840779608e-01 -5.665828999988307135e-01
3.768637378871995125e-01 9.780915745822902352e-01 -7.695936550010769039e-01 -5.345010761148458744e-01 -3.392818892267954745e-01 3.748501970046502763e-02 8.696868390289307360e-01 -3.956943183504402217e-01
-7.847881397258871239e-01 9.449678954240416928e-01 6.396339327144313636e-01 3.876635834924122559e-01 -3.183255151279404949e-01 3.380714486486691150e-02 -1.264475195644323424e-01 -9.729321964411083989e-01
