8.126760989195456197e-01 -6.947202290135972014e-01 1.327212069660421712e-01 8.436808296122582096e-01 -7.848024885314435206e-01 -3.345149715630757470e-01 7.254027559075326703e-01 -6.272453578634418214e-01
8.797007206739464458e-01 5.969647691379842414e-02 -3.639901628841242243e-01 3.892242912261081322e-01 -1.851030202304757566e-01 4.891593702470780070e-01 -5.469750080926576441e-01 1.955320113944436500e-02
2.983267092814267940e-03 2.999728797733394181e-01 -1.401334734525829795e-01 7.899527503077987678e-01 -9.656130784144538737e-01 6.276011108627721491e-01 9.954635233429995900e-01 5.157692249490495318e-01
2.297571300797440763e-02 7.289811813402646834e-01 2.412136932958586222e-01 9.272577936467039095e-01 -3.113741572582584549e-01 5.502814895251051386e-01 8.059380341709736495e-01 9.586122961732339576e-01
4.683052338282012172e-01 -6.432484559042410677e-01 5.888555656780405378e-01 -2.711768046026976631e-01 1.371454437107855195e-01 7.826484163764650948e-01 -7.034701970864691845e-01 1.216941564086269079e-01
1.752705345072755883e-01 6.885677212922816093e-01 8.517599844096293005e-01 -2.193723536007510244e-01 5.840705394087677416e-01 -4.250720712633959675e-01 -8.581667800862013973e-01 1.058018523534989264e-01
-9.708483503230054268e-01 -2.101158021386557717e-01 4.896998559245366867e-01 5.625852121451695442e-01 -7.853911645097919614e-01 1.433061553953109968e-01 9.977191064616037774e-01 6.666420529294874164e-01
1.886621405215551661e-01 -1.529332809360686163e-01 3.576437055383649977e-01 6.410019797729986646e-01 6.837893759857438525e-02 -2.405507876214409979e-01 4.569784252832738147e-01 6.175547015365547843e-01
6.927552418420883651e-01 -1.490502628039926947e-01 -6.459587833081628094e-01 2.066191872121072581e-01 -3.320377345433518368e-01 -6.203079856439825956e-01 6.463622643168120963e-01 6.098702965456477276e-01
2.884033656908726595e-01 -1.376343979125582706e-02 -9.582479807740424960e-01 1.452104230961717146e-01 -3.509532870058731380e-01 -2.970358379213449140e-01 6.904440689428388289e-01 7.620692984218091492e-01
