3.744715819194310846e-02 -6.442480367168366140e-01 9.490455885896449395e-01 9.218247939561450277e-01 1.302833477461715628e-01 -3.138962462852230573e-01 2.556301567561516386e-01 9.023188726491850886e-01
-4.945116022715738691e-01 1.560614050596849101e-01 -6.498746603867322502e-01 -9.513976398363888087e-02 6.361330744591136011e-01 1.200571538521024717e-01 -6.104341765663641173e-01 9.857691096366008043e-01
6.314395435125745859e-01 -7.471364252042000942e-01 -5.749692367315177854e-01 -4.912217385399288982e-01 6.698806984432799094e-01 3.199134829742265040e-01 1.444348387478768814e-01 -6.004631824189863298e-01
-5.338598657819544346e-01 2.930718207444413803e-01 3.685464278319741105e-01 1.230528248129005853e-01 -6.647578424994777802e-01 -4.602647828018247012e-02 4.812702045849250876e-01 5.820334595029801328e-01
7.044008083547581567e-01 -2.386919035311811932e-01 5.409523832953526679e-01 5.048734477241525465e-01 -6.747618236604551178e-01 5.707183815329570642e-01 1.271332930718149790e-02 5.998508147375576360e-01
6.879705973912644268e-01 9.922464942275748268e-01 -2.226537858898389732e-01 -7.845585887306654183e-01 -4.494827216101806577e-01 -1.297156031661577114e-01 -1.470650021415664810e-01 -4.175329907168667809e-02
1.141393078853094600e-01 2.806177110858780743e-01 -3.292027545897115992e-01 7.773917754375552214e-01 9.305920269549443624e-01 -4.083168694649421671e-01 -6.299623791608770507e-01 2.499215544972368530e-01
5.934031409456785866e-02 -9.705478516515118059e-01 -6.813259701344873687e-01 3.311030376504082717e-01 -9.264027932356306838e-01 -4.802776436997551190e-01 3.181591424838536852e-01 8.401012904660742908e-01
-3.579346869983306423e-01 5.018270209060093912e-01 5.821044255485576802e-01 -7.672611850754929019e-01 -8.320190300286882668e-01 -7.997250550747612152e-01 -1.128681813234815312e-01 1.169921658516233087e-01
-2.550651924398854575e-01 9.584076256177087583e-01 9.762142427265174671e-01 -1.420201857430345438e-01 -8.910213722395321501e-01 -8.833324842902245955e-01 -7.016129597686528996e-01 -6.031302682227617229e-01
