-9.739754388857675416e-01 -8.103516667325918466e-01 -4.015150541417260577e-01 3.758467271044418911e-01 -3.227723941100639760e-01 6.871299359242533100e-01 -6.593268494159740811e-01 4.217838560050579666e-02
-2.940642371800137322e-01 -3.124693509199407693e-01 4.755060657439391658e-01 5.642466787762145941e-02 6.716801259761184806e-01 -7.984668144809672352e-01 -6.442743962592278884e-01 -4.272834862140610923e-01
-1.498260447960508834e-01 9.169766097798717208e-01 -5.735583129080226161e-01 9.837646626790288451e-01 -3.052790860827587771e-01 -7.256142055056786777e-01 -8.658012463739606090e-02 1.155787371899144045e-01
2.392351118854885161e-01 -7.785351530212458737e-01 -1.478079773492759763e-01 9.515629875616273825e-01 -7.332385816753743679e-01 3.307149714216430780e-01 2.233697056675183479e-01 -4.649967477120964254e-02
6.298778857516542651e-01 -9.620760564226635836e-01 5.398209506661055812e-02 -4.476491404929878737e-01 8.356339939799131145e-01 2.085637018660464470e-01 -1.442601168239978637e-01 -1.875453030944791433e-01
1.271933370609790170e-01 1.181164290028857700e-02 -7.349476116981645824e-02 1.042996408011642728e-02 -3.472628320218491549e-01 5.445264777332639028e-01 -2.781413652854263230e-01 8.860179416826510224e-01
5.976837223124631393e-02 -1.430428542166304329e-01 -6.257333630099792821e-02 7.313105876479086831e-01 -5.473184350487290128e-01 -4.246875630182875838e-01 -5.597820033362079784e-01 2.991022121346587070e-02
6.620095029736285941e-01 7.720450113119994295e-01 -3.889233889077143846e-01 3.562216897584846720e-03 -6.236348923978607406e-01 -6.601601793134395102e-01 1.271542533794420837e-01 -4.491050651988182096e-03
-8.987474553833163515e-01 -8.559721748942934472e-01 8.567068005403464248e-01 7.964523210391902808e-01 -7.108306245246209798e-01 -3.486991689673288874e-01 -2.254749731613912012e-01 -5.803339273840124601e-01
-8.566632448955591173e-01 3.403419366970132920e-01 1.603593133375569302e-02 -6.819089114489291781e-01 -4.673115887396364077e-01 4.368377294120546761e-01 -9.414620988183388661e-01 1.466635462631682429e-02
