-6.584821014979187481e-01 7.269703694514981773e-01 -9.058970951190028487e-01 1.508115512051355633e-01 6.917852016546537364e-01 -8.800540794109177334e-01 5.356125661483339684e-01 -6.631578385110874496e-01
-5.968404947867218535e-01 -9.835357986349368975e-01 -8.458825635038749180e-01 -5.963320549119341951e-01 5.715268408413038959e-01 1.800020343433097469e-01 6.351798689779155627e-01 -4.802720358549350532e-01
5.056288632408521000e-01 -6.619499571087952283e-01 3.137852624794132961e-01 -8.050636883983282033e-01 4.083585368847804098e-01 -1.540691375380545125e-01 4.244240668314855913e-01 -3.256763531951185620e-01
6.264075797944823609e-01 -4.495512768489950961e-01 5.141678073404507554e-01 -7.813367643110249450e-01 -5.705601966395781321e-01 6.963558304805861354e-01 -9.866970106485601910e-01 9.575537069977053672e-01
-5.999316696122756198e-01 3.397936806928942843e-01 2.942954589529160891e-01 -8.652876268272606808e-01 -4.152144431509023903e-01 5.125861399129150175e-01 4.391189285683085863e-01 -6.733527680119368863e-01
-2.845590964756143926e-01 -8.440320705080615049e-01 -1.730995479696171291e-01 7.390799860841048563e-01 -7.684446754365421572e-01 -5.492127579065322340e-01 -5.593934542391245657e-01 7.963847725874304562e-01
9.413699321807378340e-02 8.807171922928305197e-01 9.224994728160904600e-01 1.091034040914855563e-01 -6.309616048968513802e-01 6.554910098761657089e-01 -2.737687820645975378e-01 5.890065079717383689e-01
4.349494154615811681e-01 -3.129836373100980396e-01 2.735694588087902446e-01 -8.458665354073688913e-01 -9.186570128193900509e-01 -5.890345220625561318e-01 5.776980150878925357e-01 -6.237034745215472853e-01
7.338385632303556783e-01 4.836717505461491928e-01 -7.050000777030738242e-01 5.682672661636309908e-01 1.739379848330255829e-01 5.329677594176438493e-01 -6.449431860705343578e-01 6.579716174964336250e-01
6.594966308471050809e-01 5.102260899609718514e-01 7.892901137559298341e-01 -7.546319013909208451e-02 6.998662385602105740e-01 4.423455254033084039e-01 -8.281774247944730938e-01 6.424716345260144124e-01
