-3.193986846780496602e-01 2.871100278202507461e-01 -7.530498598258492660e-01 -7.429516626992420658e-01 5.866958615382285025e-01 1.597608729196586808e-01 -1.852795044685375814e-01 4.338135067866475403e-01
-2.983159116892628582e-01 -6.108136726984951803e-01 -6.988088223416735190e-01 -5.243525402927273760e-02 -7.469871536873571305e-01 6.515950989738650279e-02 1.900316342486823018e-01 7.039169665123543584e-01
6.764157624482982634e-01 3.599069334343538706e-01 1.963176292504491549e-01 -3.559955278092565845e-01 -4.654415766732356019e-01 9.309675451342114272e-01 9.615440319954944304e-01 5.321493541447408493e-01
-1.630199225314510336e-02 3.233768961611034332e-01 -8.033320907625431939e-01 3.484984053954960359e-01 7.630355356386560040e-01 4.066515788895896932e-02 -8.398629949938487549e-01 -5.155807894198345398e-01
7.873207580590424470e-02 2.598191091526338425e-01 2.746040457357237230e-01 4.309156470421866558e-01 9.111860975634138438e-01 6.239699593258960508e-01 1.138515526368601982e-01 2.683962534270432077e-01
5.248310433294551824e-01 1.534934057726513590e-01 9.091030019571313403e-01 -2.629123372493276101e-01 -4.247464364363953138e-01 -8.267226570408772179e-01 -5.481555440068697216e-02 1.547304101704654045e-01
-7.428255957529910081e-01 3.615218736137788547e-01 -1.354610113133651872e-01 6.721536154361025250e-01 7.301018876022999926e-01 -6.635649669460912392e-01 2.519871432251510335e-01 -2.913378025449011588e-01
4.992488707521633984e-01 3.774699458574894972e-01 9.001366421570067278e-01 6.419451656616654844e-01 9.549338189346974204e-01 9.234163881749126723e-01 7.414848269220757349e-01 1.783165965994808477e-01
-7.077953344881937614e-01 -1.512079208578549494e-01 1.557480185513300253e-01 -2.925292196479813978e-01 -8.960881696560376586e-01 8.490850695971947637e-01 -3.338445115709141042e-01 -7.718337600301412582e-01
-4.445577544587728802e-01 -8.623715546255295017e-01 1.855770006881105605e-01 8.034634539027361022e-01 5.598931116173124778e-01 4.747712558942296379e-01 -1.723472467646081085e-01 -8.502898554541638010e-01
