-3.474293548414530974e-02 -2.837979197465485548e-01 2.468582135385055665e-02 -3.668857745172582341e-01 9.946597056518255986e-01 -5.877669090278345720e-01 9.244677731350035010e-01 1.708347019216374107e-01
-4.147867245164156280e-01 -7.492066130595571583e-01 6.916954452682857468e-01 5.560410684389136549e-01 2.789343155879941971e-01 -9.768551501422451100e-01 8.579652780204818363e-01 7.859462845894658045e-01
-3.563704131873781655e-01 2.692831977972123259e-01 -5.165858825259743714e-01 -7.344537090817000458e-01 -6.446103949096961827e-01 -5.887822709036911739e-01 1.024511870598192598e-01 -7.703533254730114965e-01
3.368244327524243520e-01 -2.305614482103743867e-01 1.189316018150177179e-01 -9.929636275660507216e-01 -4.977250023041552840e-01 -6.440636567482840302e-01 9.221371127919055777e-01 -7.333475855762172646e-01
-5.413004194395982793e-01 2.364381317444157471e-01 -8.878680417060829111e-01 -4.322115927921519329e-01 4.903503752252380554e-01 7.736821914057812055e-01 5.223707561126005317e-01 -4.717549691388451816e-01
-4.272269642400365885e-01 1.719148133823289459e-01 6.250460021900143825e-01 -1.982218728348408288e-01 -9.307498040277084606e-01 6.884420142500429218e-01 3.612301476085622021e-02 7.587269441847932505e-01
-7.153293758542429437e-01 1.475016927075896156e-01 -1.302922061018958466e-01 -7.444054224329783587e-01 5.849985580182819334e-01 -8.933398676052353160e-01 4.775758555004108175e-01 8.930848565372695447e-01
-4.082306820289165472e-01 -4.678969941397275178e-01 -9.019467708101134296e-01 5.216421214658373273e-03 7.618084096276651618e-01 7.965304644361508313e-01 7.392608441621826287e-01 -2.332392404507992456e-01
5.539482036695984046e-01 -1.952594796765658725e-01 2.265710947575305667e-01 1.280770433473139569e-01 -5.376825250366252806e-01 -5.424065516759779548e-02 -5.617766801675008193e-01 4.319134373312902841e-01
3.949569777297803341e-01 -2.501491694358597417e-01 4.898040702073567232e-01 -1.290163621627935520e-01 -8.217615853356041722e-01 -5.600756735141616538e-01 8.032642198288169055e-01 -2.325294599785177052e-01
