-1.065792752365246621e-01 3.489316937707214183e-01 2.005048196173015995e-01 -9.115560456570033221e-01 4.699810271495112879e-01 -7.895400582085718710e-01 -3.386045351077018317e-01 3.453638984097511244e-01
4.258661860708903291e-01 3.451919947431618674e-01 6.879112750697826684e-01 7.756996245921543576e-01 3.829395344189312489e-01 -6.629270638950837125e-01 9.081111750296739782e-01 3.752441771362902134e-01
-4.272009705521719880e-01 -5.181438495703081237e-01 7.858763084092430518e-01 2.099192318960525494e-01 8.496758024536312792e-01 -3.563393787346167407e-01 9.366682233202834329e-01 -4.986252754046411884e-01
-7.092738149061592612e-01 -5.104411237267403312e-01 4.306917500356968187e-01 -4.545707605814610641e-01 -8.549770035731887319e-01 -9.974847785760119212e-01 7.612425306900447719e-01 -3.324371274529309694e-01
-9.994492997765056508e-01 -4.777356580110998507e-01 -4.168821167818252960e-01 3.148573163856489554e-01 -7.739582466343590816e-01 1.154712344686534831e-01 -6.016572042938110876e-01 5.721955488550316549e-01
-7.196147830737240625e-01 -7.082705287401362959e-01 6.598532054624273169e-01 -7.395389596159436252e-01 6.343971875234044600e-01 -5.986390950352769025e-01 -8.659065631355882253e-01 3.075134484966932646e-01
9.308829488207313041e-01 -6.623311603211903265e-01 -7.751711668413714396e-01 4.893924357011671944e-01 1.350511477281335360e-01 8.065532042637535426e-01 2.213527076392218795e-01 -4.390665345660194063e-02
-5.884938903300327429e-01 9.956847036273086538e-02 -5.893180946619234195e-01 6.983130479981136673e-02 -7.296882781396463180e-01 -2.168264453984294349e-01 4.555316324468703382e-01 -4.491266716935184977e-01
-3.128197325703812037e-01 9.450213500285027379e-01 -2.507596230144408800e-01 -6.407167541669789301e-01 -1.258627554293423323e-01 -1.791341813957783025e-01 5.471658128885508177e-01 5.206188837450691498e-01
-4.620757820466143695e-01 3.288193597669595292e-01 9.581393185772422161e-01 9.033494276614120189e-01 4.470676205681978210e-02 -4.161180082342319508e-01 4.776792887348695338e-01 3.650850714158895283e-01
