-3.132666140683042499e-01 7.532898704003390122e-01 -9.963574459873170142e-02 7.696893183412618633e-01 -6.246383857323964950e-01 8.844344027415940168e-01 -6.817555138537956250e-01 2.181729897646640381e-01
7.969732685215313861e-01 9.965121797138993820e-01 8.805743234348011317e-01 6.420235283265018911e-01 7.185201593825958355e-01 6.567916851425759095e-01 -3.046398550898212765e-01 -8.589104806005198878e-01
2.292600530948860627e-01 1.670299031649513655e-01 -2.678808829497705268e-01 9.218998328924743468e-02 2.790106951522324241e-01 -6.543856698014001161e-01 5.447839619434888814e-01 6.210935803439840974e-01
2.307995547575014683e-02 3.146002636099534122e-01 -4.452464589792846095e-01 3.510527292598528692e-01 1.613819326024426015e-01 7.766118119632952066e-01 -1.446601239508360504e-01 4.527394483020925620e-01
5.653545412107023882e-01 -4.752607783057518631e-01 -3.621920798247226791e-01 2.065014307195967014e-01 -4.906619672098688767e-01 -9.247953257384826653e-01 -2.239633807571417279e-02 7.157985628322280913e-01
4.716532673783175866e-01 4.689396167511614699e-01 -6.892387630542371468e-01 -8.598725303293131006e-02 5.666573067304303546e-01 -7.492959662559603995e-01 1.986702109811138151e-01 3.255241768823320392e-01
8.687378418685389736e-01 -5.269743306645497949e-01 7.683423492881313877e-04 7.961110238706194941e-01 3.293369490370485764e-01 7.578814622429888015e-01 6.741898327162685334e-01 1.636161240254301319e-01
-2.429301074678740235e-01 1.027360451978951428e-01 2.612598586324514915e-01 -4.051877732602005011e-01 -4.810737096660184786e-01 6.407085511724985860e-01 4.849571631986515641e-03 5.724110588644821807e-01
5.827695302316375781e-01 -1.335981149380718325e-01 8.902220507090103929e-01 -6.084643190419685155e-01 7.218815010508841112e-01 5.564546947843092006e-01 3.631735280241299435e-02 7.860669942733806703e-01
-7.946289108363324694e-02 -5.436451748747572754e-01 -8.383447594419342064e-01 -5.969765618785294325e-01 -5.467541457095481672e-01 -5.395444267462945476e-02 -1.031469290155808682e-01 -7.739932663704229832e-01
