-8.781238644737787702e-01 4.681737546798201421e-01 -9.967936557972696399e-01 -1.350952851622599926e-01 -4.658305586276230148e-01 6.367468264196058936e-01 9.226908118698431416e-01 8.942159526595097052e-01
-5.194778004541451555e-01 -1.860252226889749227e-01 8.787076589010036631e-01 2.565191334328851269e-01 2.223814750458799061e-01 -4.378520280074784665e-01 6.613210031578848902e-01 -6.170941366782924931e-01
-7.952088660146194865e-01 6.806622147669740830e-01 -6.843893549999258141e-02 -7.371960276254165834e-01 -8.430128823805052019e-01 8.582772263404441215e-01 8.563141398050932995e-01 2.873053947471262415e-01
9.008325150113671853e-02 1.927808124085172992e-02 4.479472072014551998e-01 3.752126362039096552e-01 -6.777749753016821810e-01 -8.022338255018479636e-02 -4.565991443493291335e-01 3.344683271298274363e-01
5.640299402331427903e-01 -8.412173134196307966e-01 -2.021220218842294525e-01 -5.000371353657173668e-01 8.379355022166765643e-01 -5.400788051387823696e-01 1.611753559249988754e-01 4.171450142453603238e-01
7.918226600595779097e-01 -4.365403289941913734e-01 8.051361629057656177e-01 5.723340167268364809e-01 -1.360183480478986962e-01 5.304650500683967262e-01 4.541472525418019934e-01 -1.728654160882310276e-01
-2.284105311451734011e-02 6.176343043800702759e-01 -3.203495722818141545e-01 5.431742292657883997e-01 -3.367088144076946232e-01 -1.442274891687118643e-01 -5.009492367734751372e-01 2.268933481677921637e-01
-3.033646072714213382e-02 -5.947958560120556459e-01 -6.545117780559632781e-01 -9.144745759381247563e-01 4.748678744374812410e-02 -2.670640956939189792e-01 -6.606445124538562474e-01 -8.567804156511145131e-01
-4.249890964842650831e-02 -8.473781538287703530e-01 -3.550965769493632518e-01 -6.501055793393273330e-01 7.354544085318686086e-01 -1.180740067095971124e-01 3.771242340919043201e-01 5.930020425302673370e-01
-7.758475300779827943e-01 9.582045184920737757e-01 -8.952248422022845986e-01 3.229100438561680608e-01 -6.025004060137790773e-01 1.568074482748842424e-01 7.866015588156562988e-01 2.092600358415577233e-01
