-4.832632147136501910e-01 4.066160623833452448e-01 8.494184982927266425e-01 -6.088845177068968884e-01 -3.788368579370007261e-01 -9.461420778478357718e-01 -9.944613114705540546e-01 9.491611034072249264e-01
8.924108318410994833e-02 4.004942602226715387e-01 -3.229174057142381038e-01 -1.343623301887253429e-01 -6.085962896972525460e-01 8.081528015765078177e-01 -4.729258960689675106e-01 9.947840782995867048e-01
-8.566793783250685745e-01 5.723861131577052674e-01 9.895911868794569077e-01 1.833897886781477027e-01 -1.932642092395868705e-01 3.923632438893116525e-01 4.895960822733380624e-01 -1.838774218706662467e-01
4.177119990133397742e-01 -8.958627278714386133e-01 -4.448563597202503939e-01 -6.875442346473377153e-01 7.760872192064751651e-01 8.553935949030302410e-01 -3.937640124057204538e-01 -4.754309349425378528e-02
1.901626756502219351e-01 4.969822055869497213e-01 7.286734102749248265e-01 8.542589270161446979e-01 2.143566183200353858e-01 -3.350981047096457388e-01 6.016539290116811323e-01 2.500412905287643373e-01
5.815750667659251860e-01 4.676719486994662667e-01 7.342845110131923647e-02 5.021473884085760897e-01 -5.993910493534095885e-01 -2.255078706029018942e-01 -5.150204442656338699e-01 -9.926563755022035362e-01
8.262746998585048797e-01 -6.636827831374243480e-01 3.315492059200544350e-01 1.591228740031964684e-01 7.768140416734568010e-01 -1.073500006195493572e-01 -7.753326060277025977e-01 4.382117985683353645e-02
-4.028743769740890102e-01 -7.113388448057103020e-01 8.341028232106619811e-01 -8.616194611750835897e-01 -6.595540195355682478e-01 -5.282045743531083026e-01 -2.130117372840092393e-01 9.053741554048504447e-01
-1.232298226601158397e-02 -6.582620245776662493e-01 6.965055460667999299e-01 6.392431994793204009e-01 -1.262916459830096816e-01 -2.873616517025703310e-01 -1.511368119334721705e-02 -1.860558487212247147e-01
1.434349045492329111e-01 -2.536645973907600826e-01 -3.372953462269030478e-01 9.435693078279459023e-01 3.468037477019387804e-01 5.900253396313990262e-01 -2.900575043575686074e-01 -4.523851422288851509e-01
