-3.894060982555567207e-01 -7.079153757925218393e-01 -5.245046361135563551e-02 9.866412241937290162e-01 9.912198516713106589e-01 5.240067978657099168e-01 -1.060504253105223338e-01 -8.003338145447536078e-01
7.779794230590142412e-01 -3.150123571531291411e-01 -5.458465240678034291e-01 4.340257926141681821e-01 -2.600915785069952690e-01 3.130709166997243109e-01 5.965694354067572203e-01 3.836970963471442175e-01
-4.727410296207037455e-01 8.711517958225614144e-01 -6.523534671207107394e-01 7.655196715290493170e-01 -8.239636430865200367e-01 -7.207928956141103072e-01 -6.617283734598355949e-03 6.549361889334996967e-01
6.630706658340941306e-01 3.182838327429893255e-02 6.265086831457464811e-01 -8.949454164055592464e-01 -7.947835040205502022e-01 2.923261954900566728e-01 4.801278552259899968e-01 -4.731778503914649825e-01
9.223929640982322375e-01 4.410580967572717004e-01 7.744246067285274204e-01 -6.357084220946540576e-02 5.815622447537511785e-01 -5.313886306639559187e-02 5.047239953442697047e-01 5.567891533860125364e-01
-9.430764784728868921e-01 5.429090355587880001e-01 9.221824437250569773e-01 -4.738738838409473075e-01 -7.323694694428952712e-01 -9.053115484060891838e-02 -1.641365253088746812e-01 9.286662967610770369e-01
-3.277225782494952444e-01 5.374069451018037569e-01 -6.818504712415964786e-01 -4.793747006512998343e-01 -1.032139437616954591e-01 7.326782939106157855e-01 -8.277542025604356368e-02 -9.576806688151575653e-01
8.572296873713289855e-01 4.234856804035493916e-01 5.275083591429319263e-02 8.517405942395763763e-01 8.846035387706363551e-01 -6.015352939803755294e-01 5.322534177014293100e-02 8.285043221288759252e-01
-6.918369116706195587e-01 -7.448626708954837472e-01 3.330418841651527906e-01 -2.502676877732739058e-01 -4.998143226198179523e-01 -1.248053506135637925e-01 5.749404998900888852e-01 -1.387739487764376722e-01
-5.642118414410730587e-01 -3.448820631888382948e-02 -7.105618106560307456e-01 -6.753841249487184673e-01 -8.066365502749948124e-01 6.053423619314661774e-01 6.959108131775391115e-01 2.349522899710818624e-01
