-3.036361550776960350e-01 3.948329383278665894e-01 -3.839793958666060103e-01 7.627340203984380729e-01 7.382895442950399012e-01 -5.817629143207645459e-01 -6.540734040224283063e-02 -6.320674985466794293e-01
-5.267803595265265759e-01 -9.565785472321608474e-02 -1.275562107166854364e-01 7.290701502985010851e-01 5.266227918156149990e-01 -9.462286568578253121e-01 -7.594500655920342069e-01 -6.366452380254938870e-01
9.204837186863312759e-01 4.306089305625397934e-01 -3.011176309236285320e-01 -5.540900433542133019e-01 8.160806002900005129e-01 -8.013700537215495689e-01 7.558678957990141445e-01 2.773584643895570245e-01
5.813983794458923438e-01 -4.835914959827887216e-01 -7.203297429119648321e-01 5.987082667980212491e-01 8.222952997591101987e-01 -9.277006366967592843e-01 6.537482627527619883e-01 -5.841145972163639399e-01
-4.675209587093376307e-01 1.438419794443950295e-01 4.151617196403156740e-02 2.337145028653564438e-01 6.841305171574967314e-01 9.575278987168973632e-01 8.810386020762652759e-01 1.601804690484178728e-01
-5.151384718008866770e-02 5.553317512034849912e-01 2.342880746116970947e-01 5.692578723264716256e-01 6.825618011332061918e-01 -6.207315384890761401e-01 -5.035605899792372497e-02 6.081629599669722275e-01
-2.152842571910265068e-01 8.297048384059810822e-01 1.024459645074022873e-01 -3.159004900500570479e-01 -2.709828873376933789e-01 -5.807344759330161921e-01 5.367082814991259720e-01 3.202469430590813015e-01
6.380020520476255008e-01 5.860941506000716394e-02 7.932286066244875755e-02 -7.835187624593211719e-01 -9.526738787029505051e-01 2.109712252209217098e-02 2.241808125163444743e-01 1.022731442241804345e-01
-5.504097477144935802e-01 8.571514185101241079e-01 3.600949910841246826e-01 3.902860159297647513e-01 9.374205213629986932e-01 5.651261516933197004e-01 8.097949756590234749e-01 -6.094078273326091200e-01
-3.197327470498512181e-01 4.183428437443830195e-01 -7.102054750599087196e-01 -7.479731790480337317e-01 5.928949563684837720e-01 -4.974742556609517141e-01 -9.881799851055690365e-01 5.422876025247538312e-01
