6.775884865927468415e-01 3.301491265645573048e-01 7.357554892190336648e-01 -7.632081802404839799e-01 -2.105994905656944916e-01 -4.727408272198352357e-01 -3.429132939817125525e-01 2.979712561589502595e-01
3.256313277447924204e-01 7.774724983090146591e-01 9.465771073874940100e-01 -7.925566139044348812e-01 -8.205926150396216645e-01 6.538421363877295889e-01 1.640916919110850802e-01 -5.687921123220507358e-01
-5.837556064615754270e-01 6.604650056685215098e-01 -1.412610259203728180e-01 5.343641485321442008e-01 -3.815052412561146244e-01 -5.506394979752378127e-01 -9.754038763917933785e-01 2.328006163000815310e-01
-1.260805070629220648e-01 -2.916201439146013374e-01 -5.277481647102799656e-01 2.339510387152332616e-01 -6.177366451659456192e-01 7.416383889891906556e-01 -7.967107378344673307e-02 7.830134021896546503e-01
-2.291201065996513186e-01 -4.689227492409140385e-01 4.499108041446266970e-01 7.687435257392243315e-01 -2.073125727849838285e-01 5.035711189017830769e-01 1.475947485230322265e-01 -9.020064771920033309e-02
4.347622449003085698e-02 -1.134481446951092209e-01 1.943810894944839607e-01 5.743739513935979257e-01 -4.855912519994645127e-01 -1.207439740185478616e-01 -4.470416216203629833e-01 6.419631435422068488e-01
8.198818289746492294e-01 9.657212866211615232e-01 -8.030765551240603983e-01 6.094300005706987378e-02 6.474538703632926051e-01 5.382913070037356196e-01 5.044119085855145457e-01 5.483414886221447127e-01
-6.205592168655975627e-01 1.720094463090198200e-01 -9.208184115863549124e-01 -6.938875959280184080e-01 -9.235858794976385955e-01 -1.222872617854469102e-01 -2.238231199739273425e-01 6.784130203701395079e-01
-3.489226846717214947e-01 -8.857608410574342450e-01 -1.060722811178309577e-01 4.799264039005670668e-01 2.897150195487605551e-01 7.216318947265518702e-01 -9.282418033474426622e-02 6.620319021861598152e-01
-5.648634135481251928e-01 -6.467805883605286521e-01 -3.463979289366492242e-01 6.216683765756740865e-01 -7.252489120531939726e-01 -8.870021927963134267e-01 9.427006159275890251e-01 -5.187138683670418082e-01
