-9.572194648263778749e-01 8.076285834497938243e-01 7.314823928160845146e-01 -4.347379287186994290e-01 -6.389424797660139266e-01 -5.696771235720465842e-01 1.387771806634687799e-01 4.218000934324295237e-01
4.368449524351212254e-01 -1.523139851339578854e-01 5.573033381446994561e-01 -7.363066359918664094e-01 -1.901481656699033351e-01 -5.931687030536525462e-01 -8.036714916083478322e-01 4.233404266163578455e-01
-4.065622567062021631e-02 -4.472534485201062893e-02 -5.078451257414620112e-01 4.888217052941898899e-01 -5.360452620599909235e-01 5.096353982828738527e-01 -9.975554635745014220e-01 8.460532099745030621e-01
5.422129853452142267e-01 7.960729122815486392e-01 -7.515805245688886860e-01 5.988914777117428923e-01 3.359797873630201437e-01 -6.813443837247685764e-01 -8.193418594532686505e-02 8.363560000190042309e-01
8.094141031803214759e-02 -1.332632041401300427e-01 -3.291654841651741048e-01 -2.131150079233874450e-01 3.231144454443974912e-01 7.199605284076153744e-01 -2.265599594504457137e-01 3.883529196384913895e-01
8.322029712831213732e-01 -2.352607810530349397e-01 5.632632573703788559e-01 7.935113742863397768e-02 9.776443701590233903e-01 4.100986284812957461e-01 8.139549370179590682e-01 -1.146857286898983475e-02
6.786719690497944324e-01 8.054069226923890046e-01 1.411291619696035671e-01 -1.961595874166051079e-01 -1.964870387265416074e-01 -6.563311706927921207e-02 8.150460169996007753e-01 -6.898564642693820748e-01
-9.440645702582850518e-03 -8.813309128626070077e-01 -3.231740264481233194e-01 1.785884998127598156e-01 -3.925293370390117165e-01 -8.842080410294943515e-01 -9.010052706553037805e-01 -2.821661245685305186e-01
-5.058682447563682683e-01 8.006140715594236568e-01 -5.983597931213671117e-01 3.061897955794175008e-01 7.416052281221792164e-01 6.296721062900172416e-01 8.978551620401522548e-01 7.307867212987388950e-01
-1.725810383385852909e-01 -9.713614367238463387e-01 -2.242682089382443955e-01 -8.133330016222410919e-01 -9.041680122399025077e-01 7.387203298768074688e-01 -7.407301650241131519e-01 -2.160103960348027652e-01
