1.528470881706260887e-01 -2.009543764304513314e-01 7.857627539471996325e-01 -8.500346753928829102e-01 5.977412015861400807e-01 9.637285653956502163e-01 -3.190767271229519864e-01 -4.731343663410128020e-01
2.040770511019371902e-01 2.213554928453742576e-01 3.210831059937722110e-01 -9.582346266575749727e-01 2.904480405915323971e-01 4.112740873903195649e-01 -4.675392602151182686e-01 -3.693685841344613863e-01
1.834283818119681886e-01 -3.074069967970951556e-01 -3.861658169312840450e-01 5.500457163487511014e-01 2.531638420714874549e-01 -5.816249864646239054e-02 7.216949746781227137e-01 -1.551929112631689200e-01
3.993073335776322619e-01 -6.517111768390526638e-01 -5.578790708568726053e-01 -3.200489461222688625e-02 1.220153310268614621e-01 9.306663670218329187e-01 -2.184015607262845826e-01 -6.626837296570755598e-01
4.898841699472453737e-01 -3.349018483701029503e-01 5.080571638711006699e-03 -1.349448992440955841e-01 8.601367801106887256e-01 -9.741987264161104942e-01 6.604988987378819232e-01 -4.551912254605474661e-01
-7.329714854562128235e-01 1.955837882364837021e-01 -1.915483489469902434e-01 9.177044161324234839e-01 9.848076015517717163e-01 6.713122614776656505e-02 -3.981799681408761948e-01 5.900469536172952001e-01
-7.630940151896015156e-01 -8.285676204681249324e-01 -1.673362276343541843e-01 -2.428797302885667975e-01 4.565568637298191845e-01 -6.268228903375154815e-01 -7.140075458684820298e-01 3.003576737887538872e-01
-5.769749479873318432e-01 2.680305516693548551e-01 7.248626270779037206e-01 -5.576275637270513563e-01 8.768496036499398016e-01 3.995329361594861517e-01 -3.339965292338242797e-01 5.224102573540567729e-01
3.821605695694771931e-01 9.691184686703151474e-01 6.361501947831942338e-01 1.079243572818981978e-01 4.074067776172709543e-01 7.661507338111404053e-01 -4.701547933676777369e-01 -5.335081547587881001e-01
-5.268465224885492404e-01 5.482729851764440721e-01 9.417499598859431220e-01 -5.660330239456388135e-01 8.803285820943562712e-01 -2.613186935885067896e-01 5.281947916383060715e-01 -1.481186380457577556e-03
