-6.995381719735282999e-02 -6.077101113468208471e-01 -5.491512789097252600e-02 1.178952643978519177e-01 7.035116733071833384e-01 -6.148109111483965883e-01 -6.848676131633786301e-01 -3.227265398675982500e-01
-7.432193508520852365e-01 1.013378704351630688e-02 -7.244013996629896646e-01 1.011823433910963299e-01 4.574282286753115212e-01 3.935568487479390587e-01 -7.823954397328141130e-01 6.943318350381548765e-01
-1.826554782535094734e-01 -3.932694490924124597e-01 -6.694722926555014553e-01 -2.131822527414484192e-02 -6.464730993578919893e-01 -7.275160176686032987e-01 5.708166018391249708e-01 7.943913393902821696e-01
-8.813482219195707401e-01 -5.235537609098444012e-01 -6.211649279224957798e-01 -7.872790426361602201e-01 -6.252002872815638490e-01 -5.512143961475461929e-01 -7.049270133063298971e-01 -5.442669325502895727e-01
-6.347812536683867801e-01 -1.980945240138507479e-01 6.360532812131476366e-01 -4.585161325176467795e-01 9.920185319581273919e-01 -6.615706454751484333e-01 -8.141211469374358689e-01 -5.147098832265899482e-01
-1.550831634087543875e-01 3.499953510466278228e-01 7.909941621967666592e-01 -4.862917996641002993e-02 -6.911443998443205228e-01 -6.430872342577285128e-01 7.857067597576743445e-01 2.955331985665889949e-01
4.787435073272428010e-01 9.351734432798324281e-01 -7.806640698022313529e-01 1.431091381974283205e-01 -7.842042076495063796e-01 -9.168532437065408658e-01 1.134651865795111014e-02 5.202847165440438459e-02
-5.627781197856462914e-01 9.170115070537718793e-01 3.569425006295372516e-01 -8.108205564258814668e-01 -5.498023837402450376e-01 1.028041387592493194e-01 -1.849893756524014776e-01 2.449231909057900669e-01
1.406307119617662416e-01 -5.221333771240701527e-01 5.371445416861990729e-01 2.842117216869839424e-01 -9.283485635253874158e-01 -1.697442032915945642e-01 2.862981001745101839e-01 9.110252471788247153e-01
-2.662064816698517244e-01 -4.843920182129102248e-01 -2.399343988149122975e-01 -6.552059822619935581e-01 6.338575960930579178e-01 3.099516025196085156e-01 4.667121315877567067e-01 -8.711160373230453224e-01
