-2.109415713605771181e-01 -5.220435933584988142e-01 1.439720863234610349e-01 3.275895550986609450e-01 -1.107015575754461967e-01 2.898206945575179105e-01 1.788078946549278569e-01 -6.541341778278149111e-01
-9.046081590670884687e-02 -1.056270134531382965e-01 -8.028044987782960717e-01 3.579191792258646920e-01 6.304841272925059137e-01 -3.693525945547717626e-01 1.789376621672649215e-01 -6.176275523504435316e-01
-4.139298029570801507e-01 -1.459679219260405780e-01 6.430063405123254139e-01 -1.774552458744296235e-01 3.254848393885350077e-01 8.782509960997577636e-01 1.611344174804867357e-01 -5.482106381603195633e-01
-1.464517338328157336e-01 8.111082361048804756e-01 -9.436729804913026598e-01 -8.496302294618538475e-01 2.042190357456739047e-01 2.131237096710749679e-01 3.595368767978626146e-01 6.603044331197607253e-01
-2.197942310941485289e-01 -3.702036176290197655e-01 -2.052745648618747865e-01 7.238270010701095547e-01 -1.092947243905229016e-02 6.887881495923242614e-01 -4.384990601949230182e-01 4.475548876492665418e-01
-2.159546628653632450e-01 3.279069028337922020e-02 -9.162498401106096146e-01 1.857119133063522831e-02 1.102949568807365388e-02 -4.201389153909906859e-02 4.391236805407208177e-01 7.188939671598870707e-01
5.305906474037898057e-01 2.579838931404201396e-01 -7.308320700222143973e-01 6.326119404615322406e-01 -7.352905570317593842e-01 4.980501435619437700e-01 -6.042844353088994147e-02 6.586242594621172231e-02
2.406835118216883451e-01 2.641693805060494338e-01 2.557620463477450201e-01 -9.837034042925811850e-01 2.505307099940352611e-01 7.784516379609860426e-01 -1.919249035143821835e-02 7.465690672344298395e-01
-3.020023885700573452e-02 -2.346149703235607120e-01 3.551763673121581810e-01 -3.582250273056428735e-01 -4.687935742031998920e-01 -2.518884125843070532e-01 -3.442259814347674585e-01 6.158053224671631298e-01
-5.654940956596743451e-01 -3.991024495246413561e-01 5.590339294861705888e-01 -4.879773248610594916e-01 9.157814044805951958e-01 -3.296288165684702065e-02 3.980660448658970285e-01 -5.101340510025018649e-01
