9.443383865166055102e-01 1.085262184941970798e-01 -2.523839150662197106e-01 -7.756290855208773927e-01 5.002101362089890202e-01 -7.262341666001255192e-01 9.954720478230685288e-01 -2.620786682164883974e-01
-4.485111337877940585e-01 -7.428363070554722114e-01 -9.301475890648380762e-02 -1.608085718639877815e-01 2.485990443102263914e-01 -9.489132009514067434e-03 6.745995227563483798e-01 2.548898220348023713e-01
-5.770037347803391725e-01 9.143882622902190782e-01 -8.053870931659112831e-01 -5.254056704573863978e-01 -9.623193761296027215e-01 -8.584549325478150195e-01 -7.245010221188015187e-01 -9.627535533800599676e-01
-4.593917456550160594e-01 -8.443005888524697244e-01 -3.728264782341270678e-01 -7.363922614111089171e-01 8.107405774015341571e-02 -1.481371877814423588e-01 -8.406463652355977700e-02 -9.920454171076880101e-01
6.520997200294176288e-01 3.274415066479585690e-01 -4.659165198667361008e-01 -7.619733473639758170e-01 7.483102588404075828e-01 -6.024722326664750938e-01 5.099299839340787344e-02 -6.629423155181468630e-01
-4.652175983967050676e-01 -2.794107125009737125e-01 -5.323124135014269953e-01 -1.767798502880311151e-01 -2.510417180163013740e-01 2.796542093453149302e-01 -1.015409874588617534e-01 -9.769492850896850378e-01
1.529366343797864403e-01 -3.993088954600516605e-01 3.535785148250387699e-01 7.434371914836825912e-01 5.386376816412634660e-01 4.870322228327290670e-01 -6.395864779466191585e-01 5.032791390899200579e-01
2.576416082540260444e-01 -8.176223423512762878e-01 7.316500761779738404e-01 -3.766129880467139479e-01 -9.785455276040500028e-01 8.564854026433241785e-01 5.643011114209750545e-01 -6.074056742137239340e-01
-7.467467027705332328e-01 -4.911948495371678547e-01 -3.935399020640371059e-01 2.914841447502451999e-01 -4.798639402561695189e-01 -5.646841466564835876e-01 9.975377359494750351e-01 -2.527729948682111427e-01
1.764851500820086017e-02 7.802356383545365759e-01 -9.670880639933605583e-01 -6.342829271026528826e-01 -6.061501666175570513e-01 -4.294697663058284487e-01 4.113643019496300290e-01 -1.929844754584639777e-01
