-9.162382131326831658e-01 4.022203964156161327e-01 -9.572803440783732576e-01 -6.827722338942769920e-01 -6.331505931661673969e-01 9.342248159280353015e-02 -9.430566924978227572e-01 6.134434119396949825e-01
4.290721613283481339e-01 5.036721904285701434e-02 1.870236984924285029e-01 8.625799705530401429e-01 -4.398005353705853882e-01 -2.199433691469938612e-01 6.887614151140988294e-01 -6.724972807862714674e-01
9.526141210282774718e-01 -3.624664109051953798e-01 -8.671071885064003393e-01 -9.226030466217582937e-01 8.205886783871074730e-01 9.622358830687507414e-01 4.790041930462256570e-01 5.766367304902695334e-01
-7.543700629441776329e-01 5.471174523254189737e-01 9.016210483823758892e-01 -7.851625260082191193e-01 6.987734679544173044e-01 4.398693094911654278e-01 -3.749316732473206848e-01 -8.827608022833972612e-01
-8.837304828318104377e-02 5.247847827600431447e-01 7.151989744330702337e-01 -7.497807109111325197e-01 -3.142995541763573542e-01 -9.193858783605433072e-01 3.767942559872772268e-01 -1.809077024916820875e-01
6.768190230042576694e-01 -6.517463636883844558e-01 5.916881471610468957e-01 -4.976976629858083090e-01 1.497167667167773608e-01 -6.312163193363335978e-01 -8.629791986683050808e-01 -3.138106102041762213e-01
-1.637016719540103082e-01 -1.266621448923348492e-01 -7.330705099911909439e-01 -1.114911033253915829e-01 5.926303220804054472e-01 -4.548525119123356664e-01 3.080030756346237020e-01 -3.083707347539863530e-01
-3.429469407640854950e-01 -9.349458472702609768e-01 5.889055352886041206e-02 -4.748837783131532042e-02 5.033964406729454222e-01 -9.580959283314680608e-01 -4.173526450880489236e-01 -3.394687486579732738e-01
4.491256448731721918e-01 5.579221593201255658e-02 -4.142721593033582561e-01 -8.250190916113784301e-01 -9.534696946190619471e-01 -3.896789542954741670e-01 -2.969352614425186943e-01 -5.773500431806897204e-01
-7.128793656753829033e-02 2.368693051258232707e-01 -4.921820615616798733e-01 -8.690412803782423534e-01 -1.246689022350169207e-01 -1.030917480339399450e-01 1.362931018618105394e-01 -2.133870132337827297e-01
