9.270588823146266311e-01 -8.874170139618717812e-01 4.398574322329127373e-01 -9.580750289107684559e-01 -8.270059580791466747e-01 9.502919839005599112e-01 -1.256349384315342821e-01 -1.410504043537306185e-01
7.989428390908193123e-02 -5.554764350388605720e-01 5.430787065655184875e-01 6.192035606143457827e-01 -6.591907801047784954e-01 3.124245148236417524e-01 8.635001521614142916e-01 -3.862695414821670781e-01
4.411155434755342775e-01 2.529254751711813576e-01 5.464001534097613355e-01 7.737645530737107258e-01 -1.444208739298233901e-01 1.685168991706949004e-01 8.084759291392284997e-01 -3.732524139015502840e-02
-3.437031212817562853e-01 3.253417720224218712e-01 9.263949299158458217e-02 5.984638973052174293e-01 3.454171558293950284e-01 9.035123767248753879e-01 9.610276880694976764e-01 -2.917133949736285814e-01
-8.532830524452932330e-01 -9.425532280458106538e-01 7.736408086669279704e-01 -6.993505598033502579e-01 -1.575910853719435512e-01 7.865325837449237412e-01 -7.465451215103986460e-01 -5.686748479253582733e-01
-6.886229785616306831e-01 -9.958367434580974731e-01 -2.805454674080052335e-01 -7.876850977974247936e-01 -7.429251323727648071e-01 -6.933559746229234211e-01 -7.448826765993843413e-01 -9.626164292830363678e-03
2.013246549553147080e-01 -8.401483677835124286e-01 -7.561859302596196653e-01 -8.152168163281205970e-01 9.672683998532860539e-01 1.191070125948212599e-02 -2.565380906649707971e-01 -8.009069471691483422e-01
9.902751975989920741e-01 -3.180297170192776246e-01 -3.252193013207194117e-01 -3.667278469111654449e-01 -7.040369141422984089e-01 -7.005987282873349375e-01 7.969442654927134662e-01 8.111609236755379371e-02
3.333715236779011271e-02 5.769686171499184280e-01 -5.909683054800642932e-01 -2.433935815039811601e-03 -1.442993686123092978e-01 -4.196021884512959321e-01 3.661174833833893416e-01 -9.152445098995183326e-01
-7.451006011119598593e-01 -7.062735146644976147e-01 4.154719136834044146e-01 8.137553657439446919e-01 -1.715245639785811793e-01 6.763791204281406344e-01 -1.908966366448470175e-01 -3.217946676588245847e-01
