6.735772490858566997e-01 3.681366157043564069e-01 -3.149727384439078293e-01 -5.498319641056508278e-01 -9.997959031281378195e-01 -8.496978411359170646e-01 8.761891244690178659e-01 -6.626673068482775708e-01
-5.934976171817345492e-01 -2.521377672164000217e-01 7.453655777082082157e-01 1.731647566278011752e-01 6.220970600799280437e-01 -4.369811173749169608e-01 7.590842660948449172e-01 1.330438098073229991e-01
7.240344796373143765e-01 -7.931442861924422605e-01 -8.147916228848257614e-01 -4.791181679342255695e-01 -9.094103523073595596e-01 3.708466405532291343e-01 8.704131160556436431e-01 -1.479383376360865476e-01
-8.687583309200157533e-01 -4.337854894012069806e-01 5.729074399076350410e-01 9.665774760143299726e-01 3.660074872198231244e-01 4.330640263874934170e-01 1.554157248260961133e-01 -3.392235519277009281e-01
-3.732376555886587344e-01 -7.975806337860071871e-01 9.061027752293071558e-01 -7.489344044491583752e-01 1.828078219026372242e-01 3.057137892790136036e-01 2.768073699032536084e-02 3.985406117385559277e-01
4.678082907631366805e-01 -1.229577131716599325e-01 8.603033210633859174e-01 4.799040129097147389e-01 8.338899558958001723e-01 4.977954789459990703e-01 -1.788406637248913800e-01 -3.001586904164648129e-01
-7.294136686146370785e-01 8.797273983962390353e-01 5.897458441299028298e-01 -5.394687045649977364e-01 -2.366114903312248607e-01 -2.261842752954421609e-01 5.718137945813133172e-01 5.331015844988524766e-01
9.436164786128158344e-01 -1.211599968737764321e-02 6.173711078959847054e-01 -6.151141198306369073e-01 8.213949891460534669e-01 -9.619526186799112200e-01 -2.654132018058636966e-01 -6.497969002466843502e-01
4.877071641745338582e-01 -5.199472779298863756e-01 3.836556262512080817e-01 -8.765201785011766944e-01 -1.152820506177876236e-01 9.829520484322507023e-02 4.566045498389836865e-02 -7.702100408239731522e-02
7.563273521697568835e-01 8.951285861394913113e-01 -6.357422359627298292e-01 6.248823660837725669e-01 4.172332850764950418e-01 -4.465478662777340180e-01 -1.723012739087190770e-01 9.673622766893794633e-01
