-9.966172801104884460e-01 -3.298960086844109352e-01 -5.111400358164037705e-01 -4.804215585863651494e-01 9.435993821013231031e-01 8.317093574195821848e-01 6.725761217407200121e-03 7.580419497787784788e-01
7.929158131159141920e-01 -5.652404088068851973e-01 5.351697214899715505e-01 -3.845507725806824872e-01 8.045931257915870383e-01 -4.536401294995753286e-01 6.082987441957827812e-01 -7.705071107138736775e-01
1.090732466104400444e-01 -6.667749627929102640e-01 -8.379191782465942318e-01 6.844164173945821439e-01 5.171230539358926404e-01 -4.205417434198264193e-01 1.401773736697142780e-02 -3.992003863767117355e-01
-2.936476080871783800e-01 7.297638011996849805e-01 -1.866358256801428084e-01 -9.880829245342033218e-01 -4.912958580184745294e-02 -5.737991284504320166e-01 7.528477759832248317e-01 2.842322963570773631e-01
6.840133588172392365e-02 3.057276529867727355e-01 5.309328419640930719e-01 2.116865028740551047e-01 -6.145134750703393767e-01 -6.272757974767715350e-01 3.399645436896894246e-01 8.730177522109634491e-01
-5.267584365155455473e-01 9.823149715782018010e-01 -2.074518260001414482e-01 -5.815905330179806931e-01 4.359718966813441732e-02 -5.804758554751237032e-01 5.983644422491454229e-01 4.757740437506563502e-01
-9.058291485779914609e-01 9.482611564750953459e-01 6.204233394790008571e-01 6.483235097192125984e-01 5.098848802931621460e-01 -9.243598223484736920e-01 7.374928790838142234e-02 -4.762707160739290124e-01
5.914513022352565486e-01 -9.574351624069106226e-01 -9.145412275787507816e-01 3.673175386906919471e-01 -3.609076617183206714e-01 -3.032608417419309088e-01 -9.148001883335252771e-01 2.668356859940113068e-02
-3.349791364748493372e-01 8.824298396381822229e-01 3.193848829310257376e-01 -6.099615188499301066e-01 -7.086064948381189943e-01 7.846035754294811149e-01 -1.759680933921343726e-01 4.027179244216827492e-01
-4.257534795153394835e-01 7.852599671834850081e-01 8.823889634662922532e-01 1.969822484420749031e-01 1.693701912736167436e-02 3.082428154268528342e-01 5.572070262718411549e-01 -2.711483410166919406e-01
