-6.552334640014911837e-01 -1.377478202424289311e-01 7.378563313349939534e-01 -8.461478592990292480e-01 4.871337974381484415e-01 3.179307840431144783e-02 -7.524625816629963992e-01 1.739842198281744690e-01
-5.953903820690202853e-01 9.462503556284358464e-01 8.657430825881817782e-01 1.790421527281651493e-01 6.564633092269784864e-01 -7.170980658706211930e-01 3.928223647865869417e-01 8.716714373607963307e-01
-1.094779678736457207e-02 -8.669116310312265927e-01 -4.208039861551087224e-01 8.037912420442072658e-01 -6.471359372472049731e-01 -9.766999070440818276e-01 6.137046970153843262e-01 2.917965057292490894e-01
-5.139999525210541265e-01 -1.245628985499287467e-01 4.045578682302266582e-01 4.419299175231439225e-01 -4.975560242276426681e-01 1.728401697960402217e-02 -3.583283492553779315e-01 4.660077483044307023e-01
-2.985988409019080247e-01 5.043181669512089016e-01 8.694284852962963495e-01 -7.953706491120307032e-01 -2.619462861457313441e-01 6.908586537927785542e-01 1.719145712973344509e-01 -1.846195297391044488e-01
8.190544201948153358e-01 5.470968161302123267e-01 -8.230780336129537300e-01 2.999672375556052817e-01 6.056647853126075898e-01 6.787200220251532468e-01 -3.687495521561878764e-01 -4.419565464915862218e-01
-5.074053647039902248e-01 -9.146648015430105527e-01 -9.388658950665322855e-01 -9.248937599973634516e-01 -3.802254207654189866e-01 7.343790795795210880e-01 8.766715184663489424e-01 -4.149966813976957436e-01
-4.746299626400809490e-01 5.269790066137163276e-01 3.183381443651840392e-01 -2.710804341802313111e-01 9.603841372545802724e-01 1.313125611455439046e-01 2.801658263246424863e-01 8.845810673263811985e-01
8.219767417437413570e-01 -6.876369816162322124e-01 -2.518310815073865339e-01 1.697746420081915897e-01 3.454835720154774137e-01 -9.010794530963783799e-02 -4.195468813887344162e-01 -4.768162752134006421e-01
6.917777574625956216e-01 -7.544108370670854491e-02 -1.941888925137185140e-01 -4.309577584902879455e-01 8.227651448441841708e-03 3.855815810277758438e-01 -3.660584271938240875e-01 -8.708640119854496042e-01
