-2.571298530861807485e-01 -3.843119800486849424e-01 -3.041915697675261487e-01 6.061299975208316315e-01 1.859417845360582522e-01 7.264478810475396564e-01 -5.580423266397314119e-01 1.203790532127955171e-01
-3.675710314352853558e-02 3.401860377859302620e-01 2.638484293800100744e-01 2.226481131797874990e-01 4.226489180469181761e-01 -8.789032184462763908e-01 -3.662266446298749756e-01 -4.852427218968480283e-01
9.758430592046281049e-01 -5.924471294090476459e-01 -9.164873131796051897e-01 -3.733948027260201030e-01 7.755163313588233631e-01 6.905854163618752040e-02 -2.270342358809229744e-01 4.815993733441927827e-01
3.919916097419158252e-01 -2.289818683561426482e-01 2.308478731518608384e-01 3.918947629936122556e-01 -8.588808140772774546e-01 -8.408443491044816920e-01 -9.430233128667242504e-01 5.271435090348601804e-01
-1.828631094164496762e-01 4.632460475791226884e-01 5.723455503678733791e-01 -9.644441116206909914e-01 -9.473176189658825130e-01 6.857870937049552751e-01 7.234521302594429937e-01 -6.308151033193429846e-01
-4.531008424467188878e-01 5.358707417861596767e-02 5.356310042523635406e-01 -3.806230202882527891e-01 9.637389691119349067e-01 -2.623953080740337729e-01 4.278581076728786847e-01 1.931305420733056000e-01
-9.364400425023302610e-01 1.665751316423995654e-01 9.792675168098119443e-03 2.189768119367794252e-01 9.016581368964904364e-02 -8.001042900319343953e-01 -5.265055457547789253e-01 1.384504585639636520e-01
4.687624263109408940e-01 5.515034144083568179e-01 -6.693379577827320848e-01 3.995992698101160645e-01 6.263570934510824806e-01 6.389728296018799547e-01 6.327795906208504295e-01 -5.619356960047225957e-01
8.761136595489869006e-01 -1.295359785463292557e-01 1.242298593999644485e-01 8.922441896288302310e-02 3.662792924484872259e-01 -4.660875680771927598e-01 -5.864180439940003264e-01 1.318194495083966356e-01
3.858992183104221763e-01 -2.145445119012183710e-01 3.649626673906680718e-01 -1.324662697057439331e-01 -5.266221416695193724e-01 -3.359206336614759536e-01 5.936323309349433863e-02 -4.071191529413296095e-01
