-8.493502608871859039e-01 -6.200172395207337317e-01 -5.279477950832618394e-01 -5.558619860897673348e-01 5.645073508123716888e-01 -8.523575477237248510e-01 6.528021196694611117e-01 8.079516264628250344e-01
6.044438958884836843e-01 -2.253101397291452646e-01 -5.994160927387208737e-01 9.158564543623333165e-01 -4.329052891956137739e-01 6.501152313092730672e-01 -2.914278901019751178e-01 6.630089315837173203e-02
5.889011511111963415e-01 8.991979072286402364e-01 8.185508744645908497e-01 -2.734483517755492699e-01 -5.490859271045436252e-01 6.993120568219017841e-01 9.666367553529084944e-01 -8.004486311174328073e-01
-7.342390959430951103e-01 -6.380143517786405205e-01 1.353412898953865184e-01 3.605101132780845763e-01 8.152917249243658571e-01 7.222309764342540461e-01 -8.605298525986571079e-01 -9.855519262759000476e-01
7.546707800834548951e-01 -4.507722878864217630e-01 8.096886904069844348e-03 3.939730041269493555e-01 8.868372450662074247e-01 8.559751197816756196e-01 6.499220272890493533e-01 1.755584991261218697e-01
-6.990549001391799244e-02 1.726194166101779892e-02 2.628204509651181908e-01 3.310351269844062916e-01 3.266282915780556184e-01 7.534160987336517845e-01 7.293767191503186531e-02 1.241568683958336194e-01
4.650887593694394972e-01 -5.491790980111039833e-01 5.963050665848657061e-02 9.912214817955700141e-01 3.020584536468247094e-01 6.157212887235246068e-01 -1.097020488632109991e-01 -5.465266781913566962e-01
9.304491707146538282e-01 -9.513112111334551813e-01 9.158947875155010188e-02 1.134348360286840940e-01 7.692114440321018431e-01 -2.185461739118332858e-01 -3.297305789561613132e-01 -7.060214236888124884e-01
9.900436076307446154e-01 4.436878105491066648e-01 -9.005271953470865842e-01 -7.948222864063758664e-01 8.865433616254261295e-01 -2.218344571772548068e-01 -7.464429266017493791e-01 -8.399894097893028100e-01
-7.585884172110342050e-01 6.239987793094305957e-01 -2.801603688883218535e-01 3.887655080284879716e-03 -1.767670714120002096e-01 -8.919407202701723492e-02 6.613225070809147788e-02 9.020597179568772273e-01
