2.929955032527744585e-01 9.703801626372805522e-01 8.461847109693776403e-02 -4.824082406923608790e-01 7.853057731357724336e-01 9.163222392023508966e-01 -1.074543870099489151e-01 -3.916342024096477470e-01
1.840297239719950184e-01 1.093244781875983840e-01 -2.796568861108119641e-01 3.922609432161294762e-02 6.698291042644961557e-01 8.273877490860481743e-01 -3.606680292896577988e-01 -8.529251776443604882e-01
4.584132052205025509e-02 5.430048920865537809e-02 1.761018889863061876e-01 -3.040842737196329804e-01 -8.849310244114874102e-01 3.357007991582476869e-01 5.953697062733074308e-01 4.264987744263737390e-01
9.909223469891093039e-01 -2.547044665578335199e-02 -9.356719785502694009e-01 -2.538933896190045392e-01 -9.655205839928515665e-02 -2.443488255999166636e-01 -4.087340351708599329e-01 -7.965258366220455688e-01
-7.401103403937678848e-01 -3.961090454096281022e-01 6.998712389039714044e-01 2.051472545935153491e-01 8.011300537828285329e-01 -1.336825992417565168e-01 4.234107323196263373e-01 7.171031283662543387e-01
-7.674080232596192097e-01 -6.394528216655048780e-02 3.596151340035791399e-01 2.516865076054346506e-01 8.572073048585406863e-01 -5.138706000370367732e-01 1.675798187032537800e-01 5.738608774116182865e-01
6.604900581643047275e-01 -5.647050614284407910e-01 -3.538606124794685392e-02 1.554568023482938433e-01 -2.749354564387307409e-01 -2.844555101981545153e-01 6.962370770625494476e-01 -7.153954979432812777e-01
-1.548660025299084531e-01 -5.193649242140148115e-01 5.649928093743381563e-01 -9.419236749212227533e-01 3.817651958860479589e-01 1.972276845010045854e-01 8.550049738762104390e-01 7.038773607827701895e-01
5.195040908316530537e-01 -4.020235432588958879e-01 -9.717963647543479411e-01 -3.586621745367568614e-01 -7.477822107719012124e-01 -9.575886260294896868e-01 7.154142291176395219e-01 8.417556948753468493e-01
-7.860551658006809106e-03 9.137545885340963014e-01 2.000674589797664105e-01 -9.565333219031617595e-01 5.408070679750980325e-01 -2.555966167580430159e-01 7.867232493647891012e-02 -8.161724023414422824e-01
