-3.457379693015065758e-01 1.531560667441549395e-01 -4.861505929531855230e-01 5.359069080504588189e-01 7.209280442907777253e-01 -2.768914663506099050e-01 -2.761449619402640554e-01 -2.243859541507848832e-01
8.721058792354363653e-01 -8.608582611597013212e-01 7.775292789852736863e-01 3.197614485102753257e-01 -8.500456423172038090e-01 5.375020993806265412e-01 -1.749459561159123488e-01 8.358850501693586565e-01
9.331047822563693916e-01 -7.154094567422841777e-02 2.361631398706978135e-01 -2.721223087719299993e-01 -6.017493358613974497e-01 3.712636866825733684e-01 -8.296867051754894806e-01 2.332487918950278960e-01
2.182333895908556975e-01 -4.087487700527985268e-01 -8.802944426782088883e-03 -2.468594017539540442e-01 7.539206533586439996e-01 2.466522161135773494e-01 -9.472021189607500169e-01 1.383829459415200080e-01
-3.254000374163585896e-01 -7.946574403540118681e-01 -1.485538602775944295e-01 5.236678599778732401e-01 8.211946607209272830e-01 -4.520492664760857870e-01 -7.046990792850837959e-01 -2.321868136770339763e-01
-1.388138980294306712e-01 5.952907804796951918e-01 -8.389432176728370827e-01 6.165353646407258914e-01 -9.822633736666572801e-01 2.780040863811443774e-01 -2.333744263202865987e-01 -4.207985642066796039e-01
-6.209394555806782012e-01 8.009122571325262285e-01 1.606813100042474574e-01 7.103305713580867486e-01 -9.729770768898287070e-01 -7.922272909138359243e-01 -3.337451241280895431e-01 3.250922310515884650e-01
7.827818635426528893e-01 -1.927962904527729116e-01 8.335300320229681592e-01 7.613632034238038138e-02 -8.879189376872973494e-01 4.065481986841084083e-01 3.377953822293005004e-01 1.165376286970822850e-01
1.342675905081680554e-02 2.486396679315008296e-01 -3.502704378312770928e-02 -3.728184923483990332e-01 8.365187569805354606e-02 3.934790777947028140e-02 6.398593755397077310e-01 3.042793186578141018e-02
2.521310497600164346e-01 -4.537854015032019017e-01 6.722882473560298777e-01 6.298813937052918366e-01 8.591258191621196083e-01 -1.205911524326721551e-01 -6.432010104267646966e-01 -9.764289975596487370e-01
