5.851017110174792091e-01 -8.000847830290025442e-01 -4.037171506191050696e-01 -5.627760402987367350e-01 1.947894400395366876e-01 7.972358700681769772e-01 -6.527171079867482018e-01 -8.487092443183632540e-01
4.404263967557882076e-01 5.103529816353873372e-01 5.913132453265250721e-01 8.871458539509928798e-01 -4.051813503951495754e-01 -4.177603466172459257e-01 -5.231912762960968521e-01 4.342992010178572393e-01
4.695219813109188234e-01 4.773473043254576886e-01 -5.280818312687853844e-01 1.182522532669889603e-01 6.133081446110577595e-02 -7.143214734641747388e-01 -4.708270844147877110e-01 2.691889759671441951e-01
-4.156389855404436506e-01 7.263662693555301697e-01 -9.038486027126597655e-01 -2.421913591915625386e-01 -9.106051155148811027e-01 -2.080887122433643377e-01 -4.972850537788886527e-02 -8.625033022017525308e-01
-8.781572632981848869e-03 -7.299401048412206272e-01 -1.390641038471651658e-01 1.113343973099512052e-01 7.094681081654177213e-01 -3.211549690755832742e-01 -3.456634097431365849e-01 4.523963689430654522e-01
-3.756531584966964488e-01 1.764326683291663755e-01 -3.609203022147529083e-01 2.853790367981812182e-01 4.568142806203445705e-01 -5.363178132543626742e-01 -5.519326413881553428e-02 -7.352197720362043665e-01
7.837690073903686994e-01 1.156463624050694250e-01 4.527921225569058183e-01 9.210252671976792982e-02 9.633113560432771116e-01 -5.689456883537291620e-01 9.769723501463913884e-01 -6.718795329516216164e-01
-3.603951859833876004e-01 7.672437160663923006e-01 2.489869957481753993e-01 -6.153818964485278098e-01 6.961785157923183753e-02 -8.567178239419788177e-01 9.773242967628270605e-03 -3.298405831869111182e-02
1.396375318979314883e-01 -6.678467097776024097e-01 1.096244855171852883e-01 -1.086206156131863665e-01 -8.114009196159859272e-01 -8.499764458678922274e-01 -2.957299208328683093e-01 2.133889211749471215e-01
-3.476647821926077686e-01 -7.644617883212774245e-01 -3.763323931595250471e-01 4.257839455311172028e-01 2.159378830838407648e-01 -1.935871320960191877e-01 9.437725504657132891e-01 7.292659813536699343e-01
