-1.055783296997088172e-01 -3.398694321351143355e-01 -2.574085483119064044e-01 -5.218446957943165820e-01 -9.184729258308383937e-01 1.247918664304297209e-01 3.930122273254033072e-01 4.662948430167677127e-01
-4.866471679391262128e-01 -7.917927890339164776e-01 9.631885006783418302e-01 -5.478437746048618884e-01 6.912012367577389238e-01 2.069027453140988015e-01 8.945146675051220964e-01 1.197611449578184217e-01
-5.284095658500298498e-01 -6.777810231950824882e-01 -1.747633372808672370e-01 2.665241850538988544e-01 -3.069362844035536941e-01 -4.897398076211740836e-01 4.404064920122272575e-01 7.585805176969842023e-01
-8.784922147453795294e-01 -8.211446362551066969e-01 -6.484823158355135231e-01 6.403222400834573946e-03 -2.507660403996077036e-01 -5.527322279302075980e-01 -5.952875823303260816e-02 5.523401895277302298e-01
-6.427813702773879090e-01 6.128686777875889113e-01 4.397166457147663188e-01 4.236814514131737042e-02 1.263818816206208062e-02 4.503291429693427883e-01 -6.723207458414619531e-01 -1.225560422865290544e-01
-4.730817675662375432e-01 -6.783859180774496345e-01 3.345692727639197894e-01 8.897649981102861982e-01 -1.757541500220565212e-01 -5.019806682835741274e-01 9.720902921503413729e-01 6.670651870744090939e-01
3.064294021890181519e-01 -3.895354863614246543e-01 -5.622104190917287525e-02 7.598467841536014067e-01 -1.870697941817436316e-01 9.441550939577092461e-01 5.542287343639864527e-01 4.344070671305471087e-01
6.583809422068451767e-01 4.991766628405569506e-02 -9.411402709580511949e-01 2.030162927547141116e-02 -2.470919161855369417e-01 4.030884635605167521e-01 5.670443447332251807e-03 -4.323132173921566679e-01
-7.460119002484426609e-01 1.649338586257123040e-01 -3.010315631059954367e-01 -3.872856199004306443e-01 9.950016873414218033e-01 -2.769713612079744980e-01 3.535959888554629504e-01 -1.106285718364790061e-01
7.006640630127414227e-02 -7.517510070066311112e-01 1.750151825647507930e-01 -3.183339941569467424e-01 2.006104651245528281e-01 -3.362775888685105574e-01 7.316807125622339925e-01 -9.453323718809707454e-01
