-6.700185349820440006e-01 3.573333082492122781e-01 1.150176340272117681e-01 3.806879346849116885e-01 4.788715765833913007e-01 4.725686660657189009e-01 3.334693554977887775e-01 2.130883578320159621e-01
-4.267414563631988234e-01 6.667261524450407428e-01 8.389662037405256623e-01 -1.593928695043902444e-01 1.806160769733378135e-01 -8.643315054989779700e-01 2.928692929783536236e-01 -7.844841982858774543e-01
4.137661778291714665e-01 -8.265615669205894633e-01 1.467406792267056392e-01 -7.939379741766428022e-01 1.688415103993903266e-01 -5.193121679599961293e-01 7.205452812310608746e-01 -9.420784864589637486e-02
-7.177230862068753048e-01 -7.519533058037115580e-01 -3.034917609981555575e-01 -4.221909060182160722e-02 -1.278063825828770206e-01 6.927253950375855673e-01 1.510032702545636152e-01 -5.925306038275159892e-01
-2.342643000206907633e-01 1.663160649376849154e-01 -8.641044491735843103e-01 -9.254441422488701718e-02 -7.203383679154282682e-01 4.420656948612828874e-01 -9.428848202141129065e-01 -7.129052070435484278e-01
-5.169881543996173168e-01 -4.106830765254700921e-01 -6.486891552060396471e-01 1.741085621669291594e-01 2.406398587120672783e-01 8.172279782467850584e-01 -9.550592008299019220e-01 -7.894208783340859181e-01
-8.215495314039640284e-01 1.550554506559811418e-01 -4.204666348767429618e-01 6.354709053840255084e-01 1.846536748957654517e-01 -9.270667078899088587e-01 -3.822352011542808903e-01 -8.836633778517990478e-01
-4.652541221645933867e-02 -5.964383551581540210e-01 -5.444367725889414089e-01 -4.021287524554422177e-01 2.800894498739741056e-01 8.945718376315152653e-01 -8.451312570038382876e-01 -8.284020114794961032e-01
-9.156037505667617982e-01 2.754734339162026036e-01 -3.729344262986400427e-01 -2.504798627672197853e-01 -1.636021380789129953e-01 -2.921180441401816097e-01 7.090017522548384132e-01 2.384088971654794165e-01
-9.633773537796774811e-02 -1.459021114977299138e-01 -1.315906884859268100e-01 7.285850061853946791e-01 -9.151359532650165107e-01 6.213328928261498962e-01 4.177513565076111934e-01 -9.409509681290608718e-01
