4.972375063478455814e-01 9.336027947740539457e-01 -9.677811908920861406e-01 2.791401394693402427e-01 8.143528759478981804e-01 8.235177909282562769e-01 -1.723848399317566837e-01 4.540877701885264184e-01
-5.546340568221341805e-02 1.714059853583440596e-01 9.498008412748903950e-01 9.549876258375122884e-01 -9.204548120232460828e-01 -1.699916263091776347e-01 8.095919276914631535e-01 -5.181733615839270168e-01
-2.339404806503728729e-01 1.260241343501351530e-01 3.724411080355862769e-01 -6.091629031270706651e-01 1.739436039555379843e-01 8.214453256175189289e-01 -1.061921344666254541e-01 1.434833593705542309e-01
-9.478398482449579276e-01 -7.111829481005373932e-01 -3.954922729617142974e-01 4.322264179815098473e-01 -1.579185475289581753e-01 3.625549248043400397e-01 -3.992084609713413279e-01 -7.384837843920213363e-01
2.726834176611283578e-01 7.951725266949827287e-02 -9.954833320048426248e-01 7.499827802849428071e-01 8.377840376144383150e-01 -2.921597144228842424e-01 8.516855919041130818e-01 -5.856671044897072687e-01
-9.719405475506415204e-01 -5.009375251314678312e-01 -2.743253101633700286e-01 6.983886527642144681e-01 -4.905796824525725519e-01 -1.981100650742346758e-01 -2.706635410601330172e-01 4.124766317522616799e-01
-9.817539867361402273e-02 -2.827261659330564392e-01 -8.488303126328649029e-01 6.902570454140444234e-01 2.664963364661778744e-01 -3.006966852599164408e-01 7.278223254582054658e-01 6.393520729776902556e-02
-2.506903215956868269e-01 -1.901592590951906026e-01 2.287483647164856304e-01 -5.095628243519394474e-01 -1.760168959706063241e-01 -8.605303843000768893e-01 2.521409624536494753e-01 8.765588942416235874e-01
-8.959770379071712032e-01 -2.863083573264553205e-01 9.475722650666562608e-01 1.645147573990537460e-01 -4.895932419616590980e-01 7.801130776131346423e-01 -1.234294356259486580e-01 8.371699078222212265e-01
-8.102143773176098129e-01 -2.396972321016273000e-01 5.652502377649675225e-01 3.484260853009446546e-01 3.326635674916806895e-01 8.603561836316320210e-02 2.918302502611764826e-01 -8.835401995018181687e-01
