-6.194376492017072966e-01 6.165190819264496636e-01 6.006127559837453056e-01 1.521157539402062664e-01 -3.615327441642124384e-01 2.094283116777937437e-01 -1.578206587246291370e-01 8.825233156352951802e-01
4.915695554357273345e-01 -8.449933675497398600e-01 -3.077034601222063959e-01 8.034879349893526701e-01 -6.928899436271638290e-01 8.839874651050683152e-01 6.033446146090648554e-02 -8.401498432919496384e-01
1.931825344650146548e-01 -5.116556114100174746e-01 -3.191040549259152037e-01 -3.677932202889975244e-01 -7.032467968984250639e-01 -5.194896443748833192e-01 -6.261025209398078939e-01 -6.974107077802538246e-01
2.366906296763375828e-01 -6.371036992107250718e-01 7.794839949547873736e-01 7.195271926076181046e-01 -9.408022133879934135e-01 2.270905716122273432e-01 -1.092618388477670788e-01 4.731235136750095993e-01
4.414495136644409623e-01 2.323273749366374652e-01 -2.059789874792965492e-01 9.707851126746398496e-01 7.124138443853815783e-01 -8.359519580410672557e-01 8.501634986082049483e-01 6.744699952145747357e-01
9.311995008433986420e-01 2.354913781296110731e-01 5.365321817064439003e-01 7.804148670656316789e-01 2.427476377781305761e-01 -8.891811357711409958e-01 5.256887075497229667e-02 9.116381522264713766e-01
-2.823842532568991981e-01 -6.323267950814601690e-01 9.221406401550027443e-01 9.038175442509575053e-01 -6.152192577947031005e-01 4.769695190352412073e-01 9.294178011702136644e-01 -1.912874323363193962e-01
-4.611951187057425905e-01 -4.795079658407477297e-01 -8.067258445396214839e-01 -8.133232565321828478e-01 -6.471805526773135586e-01 -9.963944369391954936e-01 7.315201737701970686e-01 1.307880205035472088e-02
5.862690457435726366e-02 -9.534296300235058919e-01 -5.645810185524808844e-01 1.912245452443499527e-01 -2.460079716743415190e-01 -4.630732640331336469e-01 -7.518052188932951019e-01 1.688361087893275325e-02
-9.077863168110011927e-02 2.157012419069428422e-01 5.696338864843306649e-01 -3.448672690720910872e-01 -8.271052135994527710e-01 -5.065928963295061038e-01 -2.278979940665060155e-01 -7.334324590123888488e-01
