-8.086532208324053173e-01 -8.002895691415758961e-01 1.672059184598000403e-01 5.393140750136375949e-01 2.137112757492583004e-01 -9.661877888068228781e-01 6.167509499631262937e-01 8.084506790175232105e-01
3.501893893525624968e-01 -3.426870661762173587e-01 -3.378429314506721237e-01 4.536498311168302155e-01 9.074942092971087781e-01 -9.045846837952369324e-01 -3.345248996886436288e-01 -9.920938539568551207e-01
-6.238858716191812981e-01 -4.218206920583762454e-01 2.995657055807012803e-01 -5.757305597924218254e-01 -6.480170340236155457e-01 -1.904350836948107695e-01 1.692149481571350034e-01 -1.165424461126285394e-02
5.284169326068315353e-01 2.647677946144759709e-01 -5.886690707450710214e-01 6.742360991656126679e-01 -9.539497097929934277e-01 -5.337336675538153496e-01 -3.691594890082314784e-01 6.839979265772277994e-01
9.166318192776623519e-01 -2.388055537520439309e-01 -4.897609797564357326e-01 2.284145365302343578e-01 1.481854097491477340e-01 3.411432051937961507e-01 -9.475899905708848880e-01 -4.598287097153157532e-01
-1.303185934002297763e-01 1.948691216423492634e-01 5.309501917319008335e-01 -4.039708345565662384e-03 -7.116421479307943887e-01 4.290994252517932317e-01 1.628605173388011362e-01 -8.962249653526823678e-01
-3.545836999040674620e-02 5.050676156496041180e-01 -6.564537017457983126e-02 -2.902832235652372805e-01 8.215913730188639796e-01 -6.371733828844958758e-01 -4.627824497808477044e-01 -3.154707310687701050e-01
8.318619589090243682e-01 -7.924015384581786225e-01 9.098984053226963908e-01 4.275952763902517439e-01 2.683538207629263539e-01 -4.606109220162499795e-01 9.633305791552930764e-01 9.208594422024340975e-01
-9.766159287214655205e-01 -1.260534383256282087e-01 -1.283715056874370486e-01 -8.472118492310649618e-01 9.889862452621478450e-01 6.259633754861049226e-03 7.221917587895194668e-01 -9.789766020664121271e-01
9.238449442292895331e-01 7.645059979661765759e-01 -8.429560600837917583e-01 -5.405180190874976365e-01 9.926804183530995029e-01 -8.797715115977517986e-01 1.140182160554075175e-01 5.556017363098157968e-01
