5.708158210912470665e-01 5.301471346754360603e-01 -5.717155258043742361e-01 6.605189591011442207e-01 -9.430355585923968498e-01 -4.048287037218076811e-01 -5.513982986388388241e-02 -2.461398578202724785e-01
-9.679659371103921384e-01 4.153404770012780745e-01 1.497178584188167960e-01 -1.433942654617090806e-01 7.400674307664034668e-01 -8.966143601698615129e-01 -3.926532577993251394e-01 -2.866893861616803818e-02
-1.403138137727315549e-01 -8.745060486415447976e-01 -9.652844068538155575e-01 1.977502262708736858e-01 -7.488591545483807010e-01 9.108853988050420458e-01 1.810587808703991719e-01 -8.016533390525846237e-01
-3.902143116024014979e-02 -4.601005754000642156e-01 -1.287899867306674384e-01 1.734703852375607536e-01 7.530187103824625972e-02 -1.681678030184148298e-01 6.614501812638955425e-01 9.078910521703242864e-02
-5.168924789098339190e-02 2.053065632076069846e-01 9.320268520898153941e-01 -7.988680466083770693e-01 -6.558414758336916783e-02 -7.768672969619916380e-01 -6.856416980958859320e-01 5.694887108021262634e-01
1.576905675299404841e-01 5.509491739190670589e-01 2.997887208504459444e-01 -5.875275243827060567e-01 9.244616302814536724e-01 -8.241158223739373234e-01 -3.894928305368257071e-01 3.663451121903789076e-01
-7.180476057212223928e-01 -6.486767596128786284e-01 8.007475122905618470e-01 -2.201249252858734629e-01 -4.557516504579948169e-01 -6.014083963430587598e-01 -4.073389747803355387e-01 2.157474315124836561e-01
5.276563089741963530e-01 -2.242986105266879804e-01 2.398821470584706628e-01 9.772836391847250503e-01 9.953326503596990893e-01 1.219462252548564329e-01 5.454160632807518727e-01 6.325143995729956004e-01
7.336611321260373408e-01 -7.928824436717560875e-01 -4.381768093690598942e-01 3.685429553273154024e-01 -5.807742045201178538e-01 9.873477713908884734e-01 8.192925100789334447e-01 -4.130231009563982703e-01
-2.639266595581126751e-01 6.467079676342444294e-01 4.135061403794251245e-01 -1.388711239542241849e-01 -7.795159680302163885e-01 -2.949059821559556482e-01 9.860281052072497054e-01 3.122125147197047923e-01
