7.807411596206219606e-01 -2.093870469383687372e-01 8.082038545926750750e-02 7.550875075205556453e-01 -1.454572576500601233e-01 7.168055300325124612e-01 -7.628828129220404097e-01 -9.911862963064657084e-01
-8.269232799544363743e-01 2.095087719009940397e-01 -9.875503617793215394e-01 -8.668137632693582173e-01 -1.665031205438898265e-01 -4.852274915520624621e-01 -3.113520100528703871e-01 -9.992021013484078118e-01
-2.721113440076898815e-01 -1.627281278152525879e-02 7.520125331551978931e-01 1.135428651805840961e-01 8.563936459874852414e-01 5.679308680047745472e-01 -8.188855859207238019e-01 3.946593885449598549e-01
-7.275970151950921228e-01 9.872096815182485052e-02 -7.678783001601803271e-01 8.127799272297757671e-01 -1.770506599542822634e-01 -4.585520769339315184e-01 8.831107388535126557e-01 -1.976897269739550378e-01
-5.305151437563511152e-01 4.909416452289261379e-01 1.448760131017290398e-02 1.806708434244710393e-01 5.330944588194941325e-01 -4.810103183254077486e-01 5.776299190057367916e-01 -5.009290323866331107e-01
-7.272404200084205961e-01 9.375735103441757978e-01 1.526305859678735999e-01 -2.643239692017185227e-02 2.176433531700137092e-01 6.144118783182319632e-01 -3.556100162450483992e-01 -2.498064528306453980e-02
3.603109770070196394e-01 -1.231925508171782813e-01 3.316515598515121788e-01 -3.909669845288639145e-01 7.214093960365854930e-01 5.317388620140690580e-01 -1.517405164871099554e-01 -3.871419231830210972e-01
1.563563149302535926e-01 2.849822079610557779e-01 5.791514330327034443e-01 3.256992494563368812e-01 6.036650226219515414e-01 -7.534749247284779905e-01 5.895097227559944475e-01 1.925653480561129172e-02
9.480246203429179008e-01 6.495288679151585143e-01 2.157147420420055806e-01 -3.359365949696311304e-01 -5.844636807240450871e-01 5.637338148571293672e-01 -8.388177666404719179e-01 7.582102599709632518e-01
-6.745816678740674810e-01 4.355558961145369334e-01 -9.597810904669457077e-01 -9.495592685439033787e-01 7.269292738998078818e-02 -3.686997043680340091e-01 9.712416918544886091e-01 8.492786327442063410e-01
