3.268510060494203007e-01 -8.664347412163342366e-01 6.578549266515594240e-01 5.523591275046331184e-01 3.518679975673080218e-01 -2.344854121266435332e-01 -4.985892382121552835e-01 9.448913621957737430e-01
4.953016056260719502e-01 -6.833244231109560918e-01 -6.396106488054975614e-01 4.474183653518899462e-01 -2.004045245583727652e-01 3.697227874128101721e-01 -9.359298425558013612e-01 3.650548385771228421e-01
-3.807953530562375732e-01 -9.196368245593204982e-01 -3.320890979341000193e-01 -5.815134318165677829e-01 -5.179335423559117135e-01 -2.555673263494777636e-01 4.010709925020647937e-01 -3.355636498896179543e-01
3.662482223911420753e-01 4.796624258768587001e-01 -3.212755513854306244e-01 7.830492668419788416e-01 2.108905481442284735e-01 -7.972763432037139886e-01 -6.838024797401773824e-01 3.499610527143544036e-01
-5.458009637166694183e-01 1.263736985164545246e-01 -9.256109576852218357e-01 -3.312288085452763653e-02 -3.866193112578588664e-01 4.232563376134290678e-02 8.898823820188732636e-01 3.681104575488907127e-01
5.268084051553700853e-01 7.076627735709131173e-01 9.459595635274735681e-01 9.220036414989980500e-01 -3.918419592387341055e-01 4.535186868112845993e-01 -4.475357713153931272e-01 -6.983086639472380064e-02
-7.210798201651127393e-01 -5.063382034982530921e-01 5.419815828957137427e-01 -6.647317534030825481e-01 8.694396475735333141e-01 -8.539758334966007780e-02 6.091775681754383331e-01 1.342916073930640053e-01
7.799573672269348723e-01 -1.781906258000043319e-01 8.957181709368400302e-01 5.096006939407780045e-01 -6.721201579540687643e-01 6.086527750543886395e-01 -4.012740211650136501e-01 -1.912119964422074325e-01
-8.334735598806757295e-01 -2.914125243615117711e-02 -3.100930673674304749e-01 -3.455212494996493522e-01 9.966439145260290733e-01 -2.290956688706318189e-01 -8.557065474821579087e-02 -4.542647108947186485e-01
-6.232511592461316141e-01 9.829461736657629789e-01 4.383076540428265666e-01 -4.623047009207907898e-01 2.433670111917138890e-01 7.887987087036842926e-01 5.044600105247438737e-01 2.761153814274681650e-01
