-6.555239215810537701e-01 9.984446152733401636e-01 9.603127891553844275e-01 -7.787524088989561388e-01 -3.057788178409068802e-01 8.616091024799741316e-01 -7.842094734703697334e-02 8.760408245325734811e-01
5.649680928727105478e-01 2.322327371203944946e-01 -7.053109870515350543e-02 -3.711012469625487586e-01 -8.104068467155178812e-01 1.978612620951543111e-01 1.017235498056541232e-01 9.394596929404412933e-01
5.889136243454802244e-01 -5.230991099179347348e-01 -7.528041020639888448e-01 6.495831031651380094e-01 -9.118059520554799846e-01 2.720144215874116256e-01 -9.943891378082352350e-01 -9.263350167951858172e-01
5.906124708599436168e-02 -4.270929786186665744e-01 -5.653587368615746733e-01 -3.887637376502819375e-01 4.972084986012261787e-01 -3.511817207214587011e-01 -4.228547819814492126e-01 -9.552337564194208763e-01
4.926094672748069225e-01 9.050817640359254401e-01 4.976575094702395674e-01 2.148331601697976989e-01 4.583316287779077847e-01 -4.595993431066625057e-02 7.074794500982495293e-01 -4.923230397559108518e-02
9.902555455863766287e-01 2.897769821460878248e-01 -5.061166756125474731e-01 -5.995816746092061944e-01 1.481548801431209483e-02 1.223459104394786223e-02 -1.142471774468474255e-01 -3.202001146375688112e-01
-6.343383351290685646e-01 -4.672786907936987699e-01 5.210223669338185370e-01 -4.141000023157999088e-01 -7.181745042479437124e-01 -7.106736410766971712e-01 1.837172929941297550e-01 3.476156672195047648e-01
-5.381821432879174694e-02 -9.632650147955268416e-02 6.088147183522263362e-02 -7.034704530441115988e-01 3.503315066319812043e-01 -5.219483282416970127e-01 -6.001392144380133242e-01 -3.494357272832326888e-01
-2.784703181077037293e-01 -3.573825418015819100e-01 1.964899069556402811e-01 7.533631721986751018e-01 2.989265147788189303e-02 7.365267986074461870e-01 -6.491541981067343592e-01 -4.927093256073469263e-01
2.015123155305520442e-01 -1.207799316740398865e-02 3.718111544864322049e-01 -4.762820620318009013e-01 7.094586554735693440e-02 -1.102262847027317694e-01 8.011824386699701872e-01 -9.512316181278441807e-01
