-3.295831424531023846e-01 9.891637335579148704e-01 7.132381928822377759e-01 4.467278721584699852e-01 -5.149150839981093686e-01 6.999803726976954188e-01 2.822239519331040114e-01 -7.458849337106849831e-01
-9.446021060972291661e-01 -6.321080769132330079e-01 9.817026961371426719e-01 -7.076087379949118628e-01 -1.850287198983546766e-01 3.810061043569112904e-02 5.891312789076768031e-01 3.908823748437773027e-02
-7.980818003453071796e-03 -9.919348816229023313e-03 8.188797955741522472e-01 -6.663413760103316097e-01 -1.164860756889229965e-01 -1.998781645129583673e-01 3.496693446238949843e-01 3.691203272600662721e-02
-9.186729848260024589e-01 -2.713772172599182575e-02 5.294153926870892590e-01 -2.460982062513912272e-01 4.420565452001370410e-01 3.012189677315357805e-02 5.121489445152842546e-01 -2.536720373929211014e-01
9.707847591350786676e-01 -2.268078383097884565e-01 7.993928454716447973e-02 8.489751621490466693e-01 5.429220152989655546e-02 2.612988584864595065e-01 8.113313195114777443e-01 1.985752391845609921e-01
7.309819157531727285e-02 3.867483772935802477e-01 -1.002827940828714404e-01 -4.234317033657661877e-01 7.396834841955606255e-01 5.384987293727927504e-01 3.676763619161143026e-01 -4.997024837631229843e-01
5.333481914778095412e-01 8.802198564987131491e-01 4.695989789298966599e-01 2.518179767907160471e-01 8.102473491088528768e-01 -7.744187652939038546e-01 -4.581274445672149920e-01 -3.769607224742501650e-01
-4.171233797471682880e-01 3.332752959890203925e-01 -3.747215026749497468e-01 -8.056224660271262827e-01 6.854039079054519146e-01 -4.361443737217614025e-01 -8.008003714406786155e-01 5.115693407031161044e-01
-8.138138478702114931e-01 -6.448631683939307635e-01 -6.956599848353843818e-01 1.208706807771502412e-01 6.777951830516735221e-01 6.263758293354102502e-01 1.133374569850822411e-01 -4.054223698672072551e-01
-2.433230195700346599e-01 4.091815343277382944e-01 4.189645609570495921e-01 -2.006971657974339074e-01 -6.714568566574199426e-01 -2.488911804075597534e-01 4.853928123391599847e-01 3.095332215959318845e-01
