-6.295719965638573168e-01 1.618538354908480859e-01 -9.740862798776739329e-01 4.165489182753112640e-01 9.062546940790654482e-01 -4.393027954305435134e-01 -7.078381718238362375e-01 9.857201414983813859e-01
5.524336448057345361e-01 -7.310840200313477588e-01 6.240302698737962839e-01 3.741083361082031544e-02 6.039465436550948141e-01 5.057818555075035416e-01 -7.162388165745425805e-01 -9.580934152254316771e-02
3.875471084714001702e-01 -5.470841691721681777e-01 7.425905605970903878e-01 -3.576407024072094654e-01 7.342394432600252152e-02 8.858536309857203417e-01 -8.492203546025947070e-01 5.836393130417938391e-01
-7.809177144709593676e-01 8.552620440015692438e-01 9.610448625352130403e-01 -5.239023773501552128e-01 -6.021130652179467191e-01 5.963561284416858399e-01 -8.892718854246384197e-01 -5.026156011101754473e-01
-2.920365353507681228e-01 -2.871521559099097232e-01 -5.920618933693808650e-01 -4.099178658661404295e-01 7.198757310931276354e-01 -7.659960653617843285e-01 2.309822957595450976e-01 8.736238887429152999e-01
4.181664132739666417e-01 -8.501253219881330647e-01 -8.318272483473923007e-01 -5.435235788347048125e-01 8.000830733155746000e-01 9.036451301522736568e-01 -7.362152885351203047e-01 -3.627867793371446492e-01
-3.818054402325266050e-01 4.958580823717291253e-01 -1.881886963633498944e-01 -8.649629792962576502e-01 -7.376448801600723471e-01 9.139372048646117186e-01 1.261533402724561714e-01 6.716560805685831692e-01
8.917403086423669745e-01 8.166821265366746019e-01 7.158134433248828365e-01 -9.880323386922651441e-01 4.792779247781522312e-01 -6.693677890728686464e-01 6.238573698685270230e-01 -7.588194725230210658e-01
-2.018966523094476440e-01 -9.031755184091259103e-01 7.291782281215910544e-01 5.884779577522434302e-01 -1.353795251669336341e-01 2.427745139272285968e-02 -6.639820796533770775e-01 -4.334592221242150600e-01
-3.529856618274516133e-01 -9.082330361280521736e-02 7.223523739171655578e-01 -8.589879810327503140e-01 -7.971561342873476619e-01 7.362308024876536017e-01 -1.898748665045504325e-01 -4.391564207163323186e-01
