-4.996186656125016778e-01 -6.717230852642961381e-01 2.928870277470838612e-01 -5.318172369156217716e-01 5.360070369187963646e-01 7.166016196449047637e-01 -8.630765970779963325e-02 5.424137952170724475e-01
-5.005285187876375996e-01 -9.574589816149010613e-01 2.661460582354771010e-01 -5.328026640232281785e-01 4.575467797481993504e-01 -3.566539977803320216e-01 5.122882955380374526e-01 9.470685812979982021e-01
8.530950875352480978e-01 -3.691603566842227568e-01 -3.000158221222117838e-01 -5.178991471095661936e-01 -1.959108810240359766e-01 9.973918699750972117e-01 2.496001108430472293e-01 7.114375880844781008e-02
9.673550995897981508e-01 4.878010990785002221e-01 3.744827553504603834e-01 -9.746635521280544445e-01 -8.890013773442857481e-01 5.245217208780461604e-01 4.286758150475666884e-01 7.286078407628613363e-01
5.547059691247697710e-01 -6.146216721622375090e-01 3.129328503422230678e-01 2.349634756619614073e-01 -1.256520997324259703e-01 -7.950070643529791869e-01 6.005788374896079418e-01 -2.485839639302813708e-01
8.717284801285940521e-01 -4.296337697128265187e-01 3.094915553223751559e-01 2.890378490820904034e-01 9.853010026107149599e-01 -9.740223645501260297e-01 4.688951646415651098e-02 -7.544527725058078893e-01
-8.691785101918325651e-02 7.170472981014386349e-02 -2.416977347914062157e-01 2.581649198877267182e-02 -9.693442618189613835e-01 -7.557689504964753002e-01 3.365139037434552449e-01 -4.140462440480547901e-01
-3.823870368964010780e-02 7.792920859127023814e-01 -6.001925215908476829e-02 9.962216654217550538e-01 -1.061452175740429382e-02 -6.587403041407964288e-01 5.721972645521335998e-01 -8.726125792367054324e-01
2.532268795694936347e-01 9.775897213124415952e-01 -4.638585768874612381e-01 3.796700207886047895e-01 5.364161094812422981e-01 -8.024130952088355251e-01 -7.302923217751611240e-01 7.576472871331165759e-01
3.977579371960697774e-01 4.713187554789095568e-01 -2.527549170862730676e-02 -4.512599398745613666e-01 -7.756896670023067930e-01 -7.713901037380770376e-01 -4.730553252835216771e-01 9.777715703752776211e-01
