3.182385614900371529e-01 2.764090316357381560e-01 1.118202370075422891e-01 7.511806620518268751e-01 1.612632568450205195e-01 1.351042633631376333e-01 -8.205448557234347184e-01 7.209332680324493925e-01
4.091214643650464833e-01 9.599521877731407304e-01 7.395061595856866621e-01 -7.292879958639120197e-02 4.301405769893149600e-01 4.168207958895391307e-01 -9.141128679281436131e-01 -7.905385519850960385e-01
4.109182796807164806e-01 2.039207406348433338e-01 -7.122748155087155197e-02 -7.268812109525299991e-01 1.650962066805523598e-01 7.178194266687176750e-01 1.539195408868119230e-01 5.132609134810717233e-01
4.612701463796127221e-01 -8.953771651288180422e-01 -7.025898225747440051e-01 -7.967933244558003114e-01 -2.952641713286598968e-01 5.691624470671790004e-01 9.283034966769341256e-01 -5.147713328865388682e-02
8.922341888296276835e-01 6.141368520713736956e-01 3.009280575310246952e-01 8.171165082181601758e-01 -8.466937386318202918e-01 -9.831002286212986441e-02 2.242747934742201910e-01 4.089345334526965914e-01
-7.079717846661726099e-01 -2.930435123582157964e-01 -7.865029133964822616e-01 -5.292052542402561066e-01 7.707334301298873758e-01 8.255889271307454980e-01 -8.447821830166770685e-01 2.523477404546470293e-01
-5.636031992251191447e-01 -9.336822769272865585e-01 -7.694780755726582377e-02 -1.427511336244746687e-02 1.221138988948615722e-01 9.919912194365738678e-01 9.237060590694616824e-01 1.315129766628206909e-01
8.532143338548197065e-01 -6.448260290783642823e-01 -7.046070709891016914e-01 -1.500938085414231793e-01 -7.959894595890231184e-01 9.842778424073139742e-01 5.487190977881351017e-02 4.609325875758241153e-01
9.180435543947873533e-01 7.529339518242350593e-02 7.852506702184660625e-01 8.931796754268312988e-01 2.437309373823381975e-01 -8.650094989161278836e-01 -9.571632309867976751e-01 7.519591057919972066e-01
3.253401593437763584e-01 -6.687987483738362382e-01 -9.382892822999640003e-01 -1.056886248685926510e-01 -4.164796457198627344e-01 -9.503709661257162544e-01 -8.930139302321113970e-01 -7.540782956409315396e-01
