-9.851495851100420253e-01 -6.436192363806492178e-01 -4.327999163502069813e-01 -6.497777374671989126e-01 -4.613554518993558951e-01 1.271376550952654227e-01 -2.864134651392304942e-01 2.434682744446154956e-01
-5.385911431206533706e-01 -6.331038200274783367e-01 8.588795869690764029e-01 -5.305856093662386641e-02 3.466319732902367612e-02 -2.065490493858113119e-01 9.967122048356866770e-01 7.454527481114163745e-01
-4.624687589498372997e-01 -9.351481274569861668e-02 -1.778492394027191281e-01 3.628732297745533852e-01 -4.634915153983105718e-01 -1.886909422984626161e-01 -1.412276531944081093e-01 9.934443064403009060e-01
9.455359230901565493e-01 6.390967748724836195e-01 4.617297441703582805e-01 8.324441776332633935e-01 2.527004668493819661e-01 5.561154287714433764e-01 -6.177601424393259766e-01 -8.282443788650655225e-01
-8.160055216663897326e-01 -1.150129014815253203e-01 6.538165502451671607e-01 1.782281913133769713e-01 -3.426600262911243533e-01 1.372183314378143670e-01 -2.754489653556437823e-01 -4.975697393636182575e-01
-2.687338551914852935e-01 -4.548860496664142161e-02 9.106720728670929521e-01 8.228801393564961764e-01 -1.753248727748986102e-01 -1.350192739070559256e-01 -7.321634836495587439e-01 -8.739354700359405204e-01
9.469723495819992731e-01 -1.349236783610601176e-01 -9.419435346536624287e-01 3.031445015332485671e-01 -4.682013676843570504e-01 -7.142604745867786598e-02 8.201078455735655304e-02 -2.964243683579044220e-01
-8.982570565523717576e-01 3.897078176193309318e-01 -1.403996695223788116e-01 -2.887278831549300318e-01 -6.294191825154638043e-01 -3.068080092164149342e-02 8.883896619132192196e-01 -4.406813576443429081e-01
-3.800781272720363813e-01 -1.037727703617004060e-01 -9.633060095192649275e-01 1.286345734433256283e-01 5.251473316522279333e-01 8.470337636284710481e-01 4.576292452732566574e-01 3.318007229901052124e-01
-8.983915527306547411e-01 5.416421286350279196e-01 6.558755430587470681e-01 9.625909994008166048e-01 1.095053854003356086e-01 2.126882515020922515e-01 2.427565469996133540e-01 9.127294374282688416e-01
