4.085126439643691487e-01 3.350186453444585766e-01 6.681993792719009839e-02 -2.561308931484385099e-02 -1.304398846601551032e-01 -8.129801129816922600e-01 -2.011126075105980071e-01 -7.692913082158823190e-01
5.830250755449000177e-01 -2.963061336704981841e-01 9.340175092168423454e-01 4.917000776305036069e-02 -7.882154130965535188e-02 -7.064018335246591285e-02 7.089960946318725199e-01 9.603669145928026563e-01
-2.400918949861918783e-02 -4.587534883886323911e-01 -5.418805477853678720e-01 -7.225301608802756625e-01 7.437529866142684742e-01 9.670643240892458081e-01 -9.524888288994848295e-01 1.656856549501701803e-01
-5.475380083843290890e-01 1.680653607837829799e-01 -9.310983107699195571e-01 4.614886145584953248e-01 8.005921460881315621e-01 6.758732466919183945e-01 -6.240217321757763891e-01 1.864316541656951820e-02
-5.799835212113262362e-01 2.891928404425840871e-01 2.571532564115814878e-01 -3.053926690112414022e-01 -2.427350269095915891e-01 -2.557600717802295254e-01 -9.586177485491345074e-01 2.598041477222494677e-01
-4.814957640289605489e-01 -7.295751742272462703e-01 4.527737207679050080e-02 7.986946603226936503e-01 1.024091706685630321e-01 1.774885221764184173e-01 -3.567485854795393596e-01 -1.972952643666106010e-01
-9.161750813341420496e-01 -1.001910454716787857e-01 9.904110669705290526e-02 8.290827390812030018e-01 3.791598748173199418e-01 4.054353622184343475e-01 6.664435799008234795e-01 3.451467858787546916e-01
3.163475630735874677e-01 -1.699816390487154383e-01 5.290428516687675220e-01 -2.357638050377830474e-01 4.805425305537560643e-01 3.283756423410291170e-01 -5.667648590712381917e-01 8.515125392240152635e-01
-6.007954047168551082e-01 5.629242769196702856e-01 -5.656017374224222571e-01 -5.205641862742382830e-01 -7.571040205932284550e-01 -1.979837519277021229e-01 -5.938056392837554043e-02 7.722875564544728899e-01
-9.872939544938152956e-02 6.737866178953777485e-01 3.836411449938639251e-01 2.066562063036869734e-01 -1.570715481203397434e-01 5.598371495518055241e-01 4.033187105763269553e-01 -8.015649900163259733e-01
