6.268516291461490031e-01 -8.914431892889762565e-01 9.442169305914815958e-01 -5.334454343866419368e-01 -3.391938971108823253e-01 3.959179085711046486e-01 9.267426555507496388e-01 5.130124938986013738e-01
-8.863250037510055357e-01 -1.309027601336205660e-01 2.002286314144576806e-01 2.418473211996687855e-01 -6.452873638422553793e-01 -5.226689920160458858e-01 5.796117327042984435e-01 3.638547043019919602e-01
2.842206230241011156e-01 -5.378967510434602417e-01 -3.701919124946284612e-01 -6.198558858364067170e-02 -2.757296567057698766e-02 -7.823331977252774294e-01 4.616226364488655864e-01 -1.829308381371252956e-01
9.906414129573439808e-01 6.888758976366848863e-02 -9.595728570517376710e-01 5.747662760566250029e-01 -9.808478514481089316e-01 -3.874402781503514248e-01 -6.845393431907593751e-01 -3.340146890892936593e-01
2.102206877900061333e-01 -2.117354437172824788e-01 6.015072622098096566e-01 -8.247551423645833601e-01 8.413523830962317263e-01 -6.364083313803383657e-01 -1.981389863226135084e-02 6.412278645959057499e-03
8.741389739427014582e-01 8.290710622541648256e-01 -1.506203055532704393e-01 7.069531717336940968e-01 -5.488893287719156522e-01 1.365308441640940007e-01 9.250512455522459376e-01 9.297080027238673328e-01
1.702603842190748562e-01 3.196892820494565690e-01 1.016976846465549311e-01 -2.700320188606750715e-01 8.800537756865929317e-01 8.573456344511238836e-01 -2.115116923526969561e-01 -2.746273227914550752e-01
-4.810692853188840434e-01 -9.564075349449050467e-01 4.446897672508420829e-01 -6.300707043231490445e-03 3.316680572889154632e-01 -6.302156726707532908e-01 -7.736363592553772150e-01 -7.581596740538716350e-01
-9.355172272025258362e-01 1.148326691946106592e-01 1.656772155503298816e-01 9.830395809295753295e-01 3.202200810559727717e-01 8.800489866357978919e-01 -1.383792307294569035e-01 -6.092608759062809742e-01
-4.895415930327087217e-01 -5.592060486223460192e-01 4.085189196492264863e-01 -6.306257986303649421e-01 5.873173231378892023e-01 -6.844495194770461310e-01 -7.893908340505957355e-01 6.250026375828732217e-01
