9.335625379268259749e-01 8.361332164832155911e-01 3.734660765750910105e-01 -5.721127486286106123e-01 -7.168525183624063768e-01 4.173271352668084244e-01 -8.727449921976546676e-01 -5.296705753491051105e-01
4.742439951346066884e-02 4.372317721009444380e-01 4.836220534324719988e-01 -2.021709038447732087e-01 2.280106581209930816e-01 -9.354217942392155649e-01 -7.818405211365333507e-01 6.422480817322353541e-01
-3.452053304692048741e-01 6.342462097138863442e-01 -2.336701613575502545e-01 4.030861338145192985e-01 4.016549548030297068e-01 7.400122139842228997e-01 -3.298781806752335566e-01 5.661401889399990672e-01
-8.237031618532981714e-01 8.574332025496946841e-01 -5.222079776729775524e-01 -8.324275251394794850e-01 6.479058873952188158e-01 -6.701977654776647420e-02 -5.361187995018044106e-01 1.358107807841493209e-01
7.134733325879254462e-01 -9.529344393355592135e-01 9.486092492341526849e-01 2.610850376158406760e-01 8.283880828551577480e-01 -2.825449255763741174e-01 -9.833542503465853013e-01 -7.403505827099206016e-01
-5.274262574126364900e-01 3.513396421432215533e-01 3.029538797959900887e-01 6.731306438322945951e-01 -4.512301633568016612e-02 3.189394954065249976e-01 -4.614297254388348701e-01 -3.806472592614871253e-01
9.838461788867414182e-01 -7.096454302120160929e-01 9.479547260912566387e-01 8.107245801176119482e-01 3.423280762949034717e-01 -1.327771365105134826e-01 -4.126604318503135360e-02 1.019642835815264270e-01
-9.991253607348526966e-01 1.508367110789923249e-01 9.885704804701052062e-01 -4.686171423436198413e-01 7.387172214689157190e-01 -3.930054746739495286e-01 -5.755585826295637197e-01 1.696779919048474472e-01
1.475088892624105696e-01 5.576681535942136225e-01 2.441732799096429929e-02 -8.762147099469992373e-01 8.417555158361733625e-01 9.622856281282903268e-01 5.890649048799647680e-01 9.346485539003099863e-01
-5.392437990571230522e-02 3.980673475743488066e-01 3.101199546763115933e-01 2.586032834912244116e-01 3.589299343891532157e-01 6.049203657050086225e-01 -8.239592295023745461e-01 -4.591364351478126604e-01
