-2.827436354538217511e-01 -4.573631394988701970e-01 -4.235248972586487248e-01 -3.205671533192271383e-01 -1.506076509389790985e-01 9.736003180138383950e-01 -9.582079196198027837e-01 -4.018505496858084669e-01
-7.491004822638789307e-01 9.586046569048254362e-01 3.957311120108109037e-02 6.715155837484998447e-01 6.138462084160802856e-01 -5.387258086648478717e-01 -2.206994923636229622e-02 -1.463832245872269677e-01
9.405876219297606422e-01 6.710790450215433633e-01 -4.279492681227947681e-01 -6.960613037474481235e-01 -6.625829394623057311e-01 1.958805084257055906e-01 -7.519965781725970189e-01 4.717294816337362917e-01
5.063787721133024000e-01 -8.917008137509860877e-01 9.820202050436142027e-01 -4.001406474075797082e-01 -5.481238782098141193e-01 2.772010822477735115e-01 -4.024524161128661959e-02 -6.317258594329260291e-01
-2.039541938880646832e-01 3.985264154738783482e-01 2.257858986848237937e-01 -4.332532557457426936e-01 -7.436603956672640514e-01 -9.350299559200143662e-01 8.973654825636900867e-01 2.584195135224931494e-01
-4.105168437901853817e-01 -7.995095429319376557e-02 -7.845673345230834705e-01 -4.359436991303653475e-01 8.229087705620437010e-01 -6.375111335503178545e-01 -2.488505801467693068e-01 -5.265162988244909137e-02
-9.356688205978753725e-01 7.898763243455604321e-01 -9.828877417888948198e-01 1.915280664662393217e-01 -9.416660550533246798e-01 3.025732885142407014e-02 -7.015447063866859789e-01 -8.408146532787101890e-01
-1.621288801405502689e-01 -8.459375604361738521e-01 -7.607466936479663211e-01 1.608576117529672000e-01 -3.743939196522538815e-01 5.121867160451443191e-02 -4.874984413972112129e-01 -3.208061222624243314e-01
2.052144857207978124e-01 -8.732060452924184091e-01 3.512271707663565667e-01 1.649343524861832666e-01 6.523282356736599397e-01 8.867030797456110225e-01 -1.913812176388698383e-01 -2.226096694498345130e-01
2.029729116490857077e-01 -6.690796396589377970e-01 9.366045466050465507e-02 8.899807064838405335e-01 8.302416409750876802e-01 5.916730853340270713e-01 -1.814443986690057464e-01 -1.972952007925157236e-01
