7.378544439339149719e-01 -6.104080015477826304e-01 -9.854438825999212170e-02 3.060695554712753452e-01 1.929360134667768012e-01 -5.230581867182126921e-01 6.369907582160543313e-01 -2.660697613750901969e-01
-2.449307421060427092e-01 8.116117703374448045e-01 -5.273414451082834020e-01 -9.654326555377152896e-01 -5.357589225987122727e-01 4.090204636773953073e-01 2.928026457656438541e-01 -3.473314727510881106e-01
-6.692418020381307731e-01 5.498529530985019065e-01 -1.622348769742538721e-01 9.299091592142789686e-01 -5.710907470079169546e-01 -1.802889403342744501e-02 -3.375172472216496633e-01 -4.869480838451378801e-02
-8.342713350487929169e-01 9.490216543127374393e-01 -1.494808799535536359e-01 -7.599828792940213074e-01 -4.129457290162119598e-02 -1.216194253415454618e-01 7.408246047376663146e-01 -8.592561699958343180e-01
-5.452985744699103687e-01 -6.714135566862216020e-01 7.050429849531878457e-01 -2.251470739160867929e-01 -3.718601312397984415e-01 3.094574713131530430e-01 -9.376385374567264286e-02 1.736817556772107807e-02
2.572367450506778397e-01 -6.662713441790113489e-01 7.115428844749531745e-01 8.713226677152645649e-01 1.453796723907134769e-01 3.351668181142586356e-02 -6.241078683216536582e-01 -2.098753201750458430e-01
-6.390824916975001990e-02 4.817303581810137292e-01 -9.462208858739984407e-01 -7.029675254022662578e-01 9.492910069091968772e-01 1.324463588555266913e-01 8.735635524506659699e-01 -2.459687199964279980e-01
-8.745255485055256628e-01 -2.237469571407026958e-01 -1.828744004392042211e-01 -9.048830330562687152e-01 -2.841126903186657060e-01 -8.570494968451274342e-01 4.933299033439366710e-01 7.909333287065534179e-01
1.628320622028089915e-01 -3.222381814055783611e-01 8.231943410239470627e-01 6.865752922513268519e-01 -1.604480863947572722e-01 1.073327631866716203e-02 3.792114336415175480e-02 6.869789889163357977e-02
-3.311956835301161917e-01 2.817562963874915560e-01 -8.921156906917881990e-01 -8.093054466510347655e-01 7.651610018684973369e-01 8.339797199330842847e-01 -4.211702431841808369e-01 -6.116947446009375344e-01
