-3.906876546641679937e-01 -3.325748037864233453e-01 1.206264977954314421e-01 2.326062941261890504e-01 8.133221321540107240e-02 5.259829913513891508e-01 -9.306336395627650138e-01 -5.556432261810106965e-02
-4.284305788010660532e-01 9.967702250115804130e-01 5.039039763554464813e-02 5.241122024179629690e-01 -3.383253415468627789e-01 -2.296456105665012348e-01 7.918283664935326094e-01 8.741235162858453922e-01
-4.745908006719943284e-01 -5.140377312066659599e-01 -3.937306935330002755e-01 8.375276936043944964e-01 -9.173285630692069592e-01 -1.537908908660936547e-01 -1.722777106312936013e-01 -9.692084077474063530e-01
7.790668694545141992e-01 -1.831557373380279241e-01 4.700820734501125475e-01 3.374921821665775035e-01 -4.047547850097867883e-01 6.568598588269101146e-01 -7.322670098212606948e-01 7.658520817565652727e-01
2.686206775237984790e-01 5.969810139111131342e-01 4.103205907524136720e-01 -9.191461226286647967e-01 1.292059463261736596e-01 -6.639214854102652996e-01 3.351084555725862835e-01 4.487498479729421508e-01
7.397623153304344612e-01 -6.799301526236116722e-01 5.872298977130518960e-01 -8.124101395375895596e-01 -3.231278561486532475e-01 9.526613239746621886e-01 -7.368434639229723970e-01 -2.410197264185809374e-01
9.698440701556185761e-01 -9.133515292259093421e-01 4.443544018181859734e-01 1.476345022199323509e-01 -2.348598317385670597e-01 -5.305519307550849994e-01 3.820912354326277960e-01 -5.942580723504635731e-01
-6.670178439411686977e-01 3.880282137091684014e-01 3.654986948354659315e-01 8.621698498512795350e-01 -4.557743227672719222e-01 9.696977014130518935e-01 -5.801558153767623072e-01 6.293627480037240485e-01
-5.150466656186061254e-01 -7.857325499517853196e-01 -9.162684807062775327e-01 -1.547367245105120137e-01 1.109936523538130881e-01 -4.308121782400098354e-02 -2.312280725238640144e-01 -3.102018047259655908e-01
9.581426939250243802e-01 5.047373599267899191e-01 2.828003506184850746e-01 8.816827909929414453e-01 2.412378101798837715e-01 8.718888838602849578e-01 5.509658993079742384e-01 -9.120811204994450083e-01
