4.956773279090553874e-01 -8.150993379547109008e-01 1.314064819141651519e-01 3.577133818916373720e-01 8.414343506521149152e-03 8.549117149369658275e-01 -5.579123302299082710e-01 -1.820133454007888396e-02
8.073839581873187843e-01 7.523388548054950054e-01 -7.870755158378519578e-01 9.092372204159313576e-01 -5.770388444372678283e-01 4.919928561300213055e-02 7.613068846321042749e-01 5.025224122938514171e-01
-3.077407483723133552e-01 5.217067739096137302e-04 -1.966400673565038559e-01 -8.359123559906624923e-01 -5.892562102935361423e-02 -4.482918934026227653e-01 8.423137707656720430e-01 8.735563777632981974e-01
7.795892815548643995e-01 -3.429802490702793527e-01 6.499323825474858651e-01 6.182463627874648093e-01 3.256270825966049998e-01 6.249608175061709403e-01 1.025571794015462945e-01 -3.450536172796621059e-01
6.969834115264412766e-01 -3.407105969027792725e-01 -7.715404735177324724e-01 9.860138597420498030e-02 7.352920364143713527e-01 -3.623882229386850007e-01 4.330338834725466768e-01 -9.751350410207695329e-01
9.722556487745526166e-01 -1.507003407796405625e-01 9.356044952454056762e-01 4.944528495861637563e-01 5.084649802607772440e-01 8.581076313828754909e-01 -1.652949590657299961e-01 5.128915721893203550e-01
-5.415327458787067005e-01 7.549536720918348376e-01 2.923642609767751477e-01 -5.319816435799236132e-01 -3.772187314378894207e-01 -8.391141272320399302e-01 3.929436278443931840e-02 -2.185029870711954203e-01
-9.392605301175742660e-01 -6.807852269350251895e-01 5.680237852627845196e-01 -8.741966656506319211e-01 -1.369550010923266115e-01 -9.490260128553003049e-01 -3.366698652084028076e-01 2.789659845860881227e-01
-4.351557634562119858e-02 -1.778763608256410667e-01 -5.711286076157804370e-01 -3.420417977599869985e-01 -4.804185630687376474e-01 1.974233761879724547e-01 -6.777447055404068887e-01 -9.953791104827200975e-01
6.020053399010412143e-01 -1.847772959543036997e-01 7.790197733323234175e-03 9.572553713726472679e-02 6.998068668419643590e-01 4.605315487859709123e-01 -7.174013739451947647e-01 1.392725619142631821e-02
