7.950325188691067524e-01 4.472115999118442264e-01 4.942926262553495320e-01 5.395083382400573946e-01 -6.536593009962126111e-01 -4.715691868562246203e-01 2.716717366766419062e-01 -7.908744125650923884e-01
-4.879010304198001524e-01 6.132649723726988356e-01 8.156908275669061403e-02 -6.808305226464235194e-01 7.754951043142592759e-01 -5.486969478809176071e-01 7.447998368061090613e-01 -4.738254425489509813e-01
-6.770940227715791515e-01 6.211419230187356089e-01 6.666837843834783062e-01 -2.168070768682246463e-01 4.214055780609249346e-02 -9.535768817313214907e-01 8.676781309485994687e-01 -4.326251536812582010e-01
9.698376506409676079e-01 -7.692238054992728280e-02 -6.990680606229600080e-01 -6.030958542113353804e-01 1.237508931803210643e-02 -3.290579029999871619e-01 -9.408601379038379342e-01 -5.806729956606946352e-01
4.641599994170086951e-01 -2.467258303235864147e-02 -5.616435435942888077e-01 8.122702532204681969e-01 8.362849016987858874e-01 -9.359975999701148908e-01 -4.691033682964182994e-01 -3.770750143697125800e-01
8.183760826168808844e-01 -8.802821283673367692e-01 -2.225031099733696394e-01 2.343923814932689087e-01 3.187728623910119907e-01 3.276704215681323085e-01 9.526894547312725336e-02 -4.314265396029643984e-01
-2.366339590422317229e-03 -3.021077412901198578e-01 9.994356779315030082e-01 -5.518391575304237850e-01 5.015933365454476878e-01 -9.154343257716839322e-01 4.505364932055442306e-01 -7.161351508776032659e-01
2.166743248540436984e-01 -8.109758490275875698e-01 8.646533171758630232e-01 2.435559508149729435e-01 5.070690698093325288e-01 -5.937730409297108380e-01 8.177314119093370692e-01 -1.387539558324331068e-01
-9.840635648748201625e-01 -6.416334159120387071e-01 1.680414205503999447e-02 -1.090199872421027116e-01 9.766482757205099396e-01 7.094194301838661065e-01 -2.952367788324226083e-01 5.122556623087139993e-01
-6.971614613840173558e-01 1.446895946065065441e-01 4.032947912117790246e-02 -1.552275114892698316e-01 -9.975333906861176825e-01 7.855922596558118087e-02 -8.829347152138933286e-01 1.592389053941281052e-01
