-6.671447554662666146e-01 7.282618710352117830e-01 -3.446821670970330320e-01 9.969918655737104451e-01 7.770386398308382070e-01 4.611590602056425681e-02 -7.553209623266641248e-01 -4.659746046514494644e-01
9.320015633460629889e-01 1.568543771463122294e-01 -5.531657675752255088e-01 6.454559883177428681e-01 -2.572883701603114748e-01 -4.462182640707192949e-01 5.817738568813615174e-01 4.465745619277401435e-01
-8.846357041233250396e-01 8.264519286936840015e-01 3.532993951561214097e-02 -3.012275527592203073e-01 3.624033565503115284e-02 6.427146397804610611e-01 -1.484282834940775508e-02 -9.949974327356105874e-01
-2.517924419104533573e-01 8.482856424828848496e-01 1.759280696740808114e-01 1.688712064236008725e-01 -3.200409268504929017e-01 8.063443576849649297e-02 9.475825599439018365e-01 -1.760092207069636761e-01
1.194689256741483518e-01 -6.693998494969626289e-01 7.825925662379504821e-01 1.046139648691208901e-01 -1.659085717297863471e-01 1.882373558911658584e-01 -4.525872463592697237e-01 -5.098240115798118310e-01
9.380588619067184997e-01 4.680062563436464540e-01 -9.266758981851457300e-01 -6.810349614002391139e-01 4.760196514632468734e-01 -1.173687846558628678e-01 4.382856153908174512e-01 8.062006388186648831e-01
4.020783297973424819e-01 9.628370591735664341e-01 -5.494169987765062935e-01 -9.230514331678785211e-02 9.848799544501862790e-02 -3.377682765379315111e-01 -5.621220296366196134e-01 7.548640053110349246e-01
-8.710357205219487753e-02 -2.222231352697625617e-01 -2.084858352575702511e-02 -3.747748590294790461e-01 3.482286852409357536e-01 4.830086019319315138e-01 5.592642928347408837e-01 6.768695330837330992e-01
-3.791256279657460038e-01 -6.237373149118921045e-01 -9.253969927819825081e-01 8.380473598125457446e-01 2.550075270762650614e-01 6.496607987768809878e-02 -6.858002731746266623e-01 7.385945134735141249e-01
5.007837906738155098e-01 7.106993184468990421e-01 -8.529016897060741620e-01 5.770365837350692750e-01 5.177433207855284270e-01 7.755426184331670747e-01 2.045101221337883857e-01 -8.025295224952500028e-02
