-6.469601347479403408e-01 -3.464428405146291468e-01 2.594834615660772670e-01 -3.653935330570077245e-01 5.103069756353173503e-01 1.918763360024295928e-01 -4.357439923200809861e-01 1.387571715764741587e-01
1.829930401379169513e-01 -6.324248851336464750e-01 4.241167473788642894e-02 9.621330926211519863e-01 -7.168259916620334238e-02 -3.835757311847243223e-01 -4.458477622353349545e-01 3.515372600578934303e-01
8.624157548152120434e-01 2.312376908872315617e-01 -2.657161915274650621e-01 5.887146716147710901e-01 -6.153959500601691168e-01 3.380756177579264943e-01 2.502296048507637316e-01 2.471685310218136866e-01
-1.367660586248033994e-01 1.564281621129433031e-01 -4.938562031320481438e-03 1.273090723409187053e-01 -3.725341694068382559e-01 5.697252938987540372e-01 5.153632723687149308e-01 -2.722878258853922429e-01
-7.646883938929183167e-02 -2.549254892357226687e-01 3.537827189752731361e-01 1.252598545393257545e-01 9.272197772458208309e-01 -8.577770783161078327e-01 8.066696118943943450e-01 2.028734948913784031e-01
-3.043518460686527316e-01 2.364757283778389230e-01 6.852443795692586548e-02 6.581118106714394234e-01 -9.242070533085433581e-02 9.192848883211888200e-01 7.535086434836955060e-01 -9.423189045337572178e-01
1.093716978448318056e-01 -9.796603918159463298e-02 6.472003385287947719e-01 2.754865220245656943e-01 4.743661301882600156e-01 7.917932034837229516e-01 6.127871067761998525e-01 -9.784618904551043439e-01
1.850216800327937339e-01 1.037442968908575125e-01 5.010056586349751484e-01 -5.049131161590219019e-01 7.664888146784196721e-01 -8.524900217813586867e-01 -1.044210173237014594e-02 -9.908333480772173463e-01
-8.916690579103496717e-01 -2.268097243832691845e-01 1.183703643326639021e-01 -5.892956832346862850e-01 2.289547605849444611e-01 9.657165588460396854e-01 -5.451749679081459021e-01 7.473493862966034129e-01
-7.385237003391065258e-01 7.739141592605660591e-01 -4.524429336693225334e-01 -9.911937070148848505e-01 7.689720953557990235e-01 -6.489221632603239254e-01 9.020404422647212428e-01 9.726596265553073550e-01
