2.143605603996134867e-02 -5.347991760067405398e-01 7.968953479474762958e-01 -8.699113146218500070e-01 -9.654898909676805641e-01 8.195178825708793191e-01 -1.871881941071700250e-01 -2.259078821971685080e-01
6.462053468453659022e-01 5.453960847370693532e-01 -9.863911215659992848e-02 -1.556620870127567446e-01 8.917669239703067685e-01 3.354043552292402808e-01 4.355664249035045010e-01 -1.865757200834863294e-01
-9.820455476215343982e-01 2.318780606054446913e-01 6.467358056219940643e-02 -4.834218165685022495e-01 -2.531062768908534100e-01 -5.490090818841131259e-02 1.202843321339197580e-02 -6.677729431204424415e-01
-4.678050499340062895e-01 3.489042078444364314e-01 2.010858931488712642e-02 2.330110426343672270e-01 -8.623604594838707449e-02 -4.110405050192598164e-01 -5.074648514081894213e-01 2.472234050993469268e-01
-3.392730487123511995e-01 -5.641809750221808972e-01 7.846908681231052896e-01 -9.668383045578035073e-01 -1.109665869107128167e-01 -9.180016577403073974e-01 -3.875820571245616186e-01 -1.130857554778226248e-01
7.082835200031798450e-01 1.362111849642826389e-01 -3.558441149196656106e-01 -2.270148144305874638e-01 8.419499171055053743e-01 -2.120197106452348379e-02 1.210171668189155003e-01 -4.858295901909228665e-01
-1.813844029902562660e-01 -2.867518737769052528e-01 -6.616731368006907310e-01 -2.821632870713097763e-01 6.856538742757118943e-01 7.865575929917005826e-01 3.057834252200999359e-01 4.453723802570461743e-01
4.753111538623422394e-01 -6.023854297047306350e-01 -9.316412199181940412e-01 7.400891861941318872e-01 -4.689861795873322414e-01 -9.001694179998187550e-01 -8.479969890876870586e-02 1.966098350191065602e-01
6.637139952349677685e-01 1.361128280792132106e-01 9.522703959523119988e-01 -7.513085197847324537e-02 -1.349756445681922212e-01 6.634042643286550689e-01 -3.790884454712200036e-01 1.840140862421300039e-01
-4.412189182414851807e-01 -1.716849844469316988e-01 5.227841076454675662e-01 -6.878000177162515438e-01 4.342194113836288505e-01 6.359989202186127066e-01 8.392244036716209887e-01 3.998354463977298323e-01
