-3.748423500752671167e-01 -2.192849994178478479e-01 -8.439258657247268314e-01 9.476043226311234857e-01 -8.843353310513286658e-01 8.775254981005806698e-01 -8.961639852645786330e-01 3.728222470815776290e-01
-8.983359031833821895e-01 8.198429825961479622e-01 -4.908267494656948227e-01 3.785281003918967713e-01 6.836216280316005367e-01 -9.128752452175250554e-01 6.539426967598915841e-01 -7.767246764946733606e-01
4.193713389324857932e-01 9.291877890263671169e-01 1.635135647827177241e-01 1.884950031147352156e-01 -9.121217675337092157e-01 3.266332433235283883e-01 2.455427990874246014e-01 7.896544059500083534e-01
-1.963469852708326080e-01 -3.333927793258406602e-02 -3.240379314476360406e-01 -1.922288645747232128e-01 -1.401908814038845819e-01 6.445278898984392324e-01 -4.929337509633173742e-01 -9.236095216329980317e-01
9.507799204117748371e-01 -9.490002517788345138e-01 -1.650416873454068067e-01 7.504986456943745221e-01 7.858609317657516691e-02 6.174775184134944084e-01 9.980266926348033696e-01 -2.212682130910379463e-01
-9.198784674669724382e-03 -2.789399004504604651e-01 7.918572133357448806e-01 -5.969806470451732849e-02 -1.235538150207537988e-01 3.281145970755323660e-01 -2.139438573038132674e-01 6.680588049329316824e-02
-4.109200532194026145e-01 1.980640640283071185e-02 1.758707371025003408e-01 1.889131187026000802e-01 9.184073175175553327e-01 2.654139239027726305e-01 -9.792088377089427365e-01 1.777952871376837773e-01
-4.047189095201588760e-01 -2.823198392471004681e-01 -5.077704611428128789e-01 3.483164381184706837e-01 2.635578001726359698e-01 7.325834087075753231e-01 -8.131792624196150232e-01 6.012660387338322199e-01
1.969620736788466608e-01 2.387999120321966373e-01 -5.365631675231201658e-01 5.084281922657214459e-01 4.024052389941878971e-02 -5.028554657644461745e-01 9.941271722587472492e-01 8.320336281999569650e-01
9.271633579667775127e-01 -9.227967940001546854e-01 8.193940514904409778e-01 6.073800816049466089e-01 -8.477873528955615079e-01 7.869187206521719435e-01 -8.482480956697848740e-01 3.358368084675069642e-01
