2.445862212062059893e-01 2.617641959879188907e-01 3.548385826631934581e-01 3.183094993202328915e-01 3.960231769963902249e-01 -1.167893327451512420e-01 7.778835840841307192e-01 -2.297931346356902882e-01
-1.889920286459114696e-01 -2.834946894571763742e-01 7.608968068819355057e-01 -2.832899117544251943e-02 6.320207707307825551e-01 8.320033973210607670e-01 6.091513506822390234e-01 7.489992752079883687e-01
1.885699748558498090e-01 -2.985279651163443848e-01 8.095551127080455878e-01 -9.837003705560265487e-01 5.150863955209046274e-01 4.303360045635309383e-01 -1.085171016038000147e-01 1.573171507681121462e-01
-6.053032194762320017e-02 -3.946569627477012343e-01 8.172768208912686294e-01 6.451256894699217703e-01 -7.819942512644921795e-01 -2.001226497978467744e-01 2.736556418503788279e-03 -2.473684444087109746e-02
4.411513360018186614e-01 4.501675763090011717e-01 -9.027591817303914912e-01 3.263377682146670899e-01 -7.450007566291914074e-01 -1.294925654190515196e-02 -5.472502104748635521e-01 -6.996116364605007298e-01
-4.791083391037358474e-01 4.575298284561979401e-02 9.403197825458551318e-01 7.446519230867192363e-01 -1.058206011149542825e-01 -8.056593787015646768e-01 6.032294475699770953e-01 7.970821089752422317e-02
4.864516309940898342e-01 7.015197965848234407e-01 9.238526427942781449e-01 -4.161074669301512152e-02 -6.135870829918876890e-01 -7.215807625521617474e-01 5.568392141942286599e-01 -6.466264642831998088e-02
4.187976695681923101e-01 1.761431379119873242e-01 -1.871714344068797775e-01 -2.399760038272471530e-01 2.228146968547584095e-02 -9.881285610955445886e-01 8.675168350615991564e-02 -5.762994676912813752e-02
-5.844164288941746666e-01 8.044945062745598729e-01 5.692519612611361968e-01 -8.340737402787770094e-01 7.014068288866721623e-01 7.955193730654162021e-01 -3.681163845493564679e-01 -3.278149566294028538e-01
-5.743027833513940639e-01 8.371376545553927961e-01 6.292654285558814120e-01 -5.296144421916395562e-01 -4.800472781475200179e-01 -8.970754266144671529e-01 -4.482702609920143910e-01 -2.116328818064674433e-01
