6.678610989792130859e-01 -2.695380666055700036e-01 -2.502985564057949031e-01 -6.288921401528058119e-01 -7.510015923563795326e-02 6.797986871980006285e-01 -9.941406619770714048e-01 -6.955941127958606973e-01
-5.207024511746394246e-01 -1.098806866068831045e-01 5.817276185919839637e-01 9.543546401516227462e-01 7.206105338589094966e-01 -9.171260653998638546e-01 -5.593931903108706472e-01 1.836666474869417254e-01
-7.210470020477743880e-02 -8.711731090253389542e-01 4.655113924634357581e-02 7.320527499719207132e-01 -8.671535200404645316e-02 6.176451145706138846e-01 -5.329624874423011249e-02 6.305694992921111464e-01
9.322693641724191238e-01 6.258361546203048409e-01 7.006702603522698691e-01 4.791114843010890745e-01 -6.092669427534016524e-01 -4.172674875226991542e-01 -4.269951947185459673e-01 -5.429723146133391687e-01
-8.121692714652819500e-01 -8.515232008158988286e-01 -2.634426864087078268e-01 6.632018924713656283e-02 8.260292475315755834e-01 -6.605999804249251817e-01 1.450261085666046945e-01 2.201587067205250658e-01
4.930770327660785046e-01 8.309358991984994169e-02 4.958847003344197812e-01 1.078247920724040299e-01 -7.022861690127164547e-01 -8.565559467469545663e-01 -8.684060145749745718e-01 -8.131541173750296281e-01
5.763233143323949204e-01 -7.239434762388701206e-01 -3.877119847117982410e-02 -9.603634946744830092e-01 -2.373610189902755074e-01 2.379303964003656180e-01 8.129750977124590161e-01 -4.372124481681010089e-01
8.291245122020056701e-01 -6.474137896800233882e-01 4.734594009393400249e-01 -3.359323259587418953e-01 -4.014751519752493003e-01 9.271025308704874401e-01 -5.190778229896453322e-01 7.597217764913570814e-01
-9.339796101435666742e-01 -6.720055993655889015e-01 -1.410938489367818960e-01 -7.795398572793519332e-01 -6.652823540933572311e-02 -1.791203155454468288e-02 -6.027919825172851631e-01 2.204499726137942872e-01
-6.749745700545743965e-01 -4.381324053101929294e-01 -1.170737146325611100e-01 1.221542713316923212e-01 9.305329267123372272e-01 -1.352981293085939729e-01 7.136786693922814173e-01 6.193187320037965016e-01
