-4.444370988130463829e-02 4.667502550793107829e-01 7.362843101826845871e-01 5.941435553401674952e-01 6.325922080865691299e-01 -7.071681480094431649e-01 -4.928767589086968659e-01 5.101594448324888731e-01
8.318399271278769103e-01 -3.908315387267626839e-01 -6.606027188317349363e-01 4.472689748930289699e-01 -9.815699968538564857e-01 -7.263014131887328695e-01 5.890836725462413881e-01 -1.031956906893363168e-01
6.420800681404057464e-01 -3.225543205045224848e-01 8.484860569806009778e-01 8.287530851670577015e-01 2.821377330671244188e-01 -4.830352082506712552e-01 -1.175286785588725014e-01 -8.072757714549880781e-01
-7.775194089979569068e-01 5.567660210285751976e-01 8.790787499533316840e-01 3.270920894855200434e-01 6.459653188211607056e-01 4.895962857844033955e-01 -2.190099610182085765e-01 -3.190536566768160665e-01
8.566734449224200354e-02 6.867349890876428553e-02 6.700695492145580801e-04 -3.743904391567021150e-03 5.851714174490507681e-02 -7.173075019134407260e-01 -9.319740223684958025e-01 -4.655825910906099541e-01
5.844914189431289486e-01 -7.204316599969893264e-01 7.530690298320386056e-02 1.059230256664411840e-01 2.827058464598961596e-01 -6.905543705806538313e-02 -5.027772365476257388e-01 5.314237257453886532e-01
-1.271557571961814403e-01 -9.574487602660952668e-02 -1.776164258232362236e-01 8.366503719486579893e-01 -1.154677867580884421e-01 -9.728407006766266463e-01 -8.388956409858563390e-01 2.250573060248430846e-01
4.814011462395650920e-01 -4.401913542178004235e-01 6.431672569775124249e-01 6.688660213033448265e-02 -2.287735602883307351e-01 1.981824980093296329e-01 1.281545730933042471e-02 8.726290081062795245e-01
-9.801630953484739006e-01 6.343800260940168911e-02 -2.907442541252467372e-01 -1.936231338251419576e-01 -3.440260369891154912e-01 1.596389341315620491e-01 -6.848449535450600312e-01 -4.921329424184672785e-01
-9.557364241435510888e-01 4.148671146511369034e-01 2.426853084211442191e-01 -8.684898673951526593e-01 -4.709114168985086835e-01 -8.315130944125483925e-01 6.190239812093039085e-01 -1.567435328891242374e-01
