3.115765430682628789e-01 -6.601596021964659666e-01 -3.198056568816285417e-01 -6.831391163257989341e-01 -9.664755224322174598e-02 -1.520146464320188961e-01 3.724328875441806908e-01 -6.629322342441441585e-01
1.052977640991341612e-01 -5.496229186196210925e-01 -8.374228750307461944e-01 -2.216516270861026427e-01 4.491935787798844171e-01 8.933908144706155241e-01 1.707603825534200759e-01 8.064960209684124415e-01
7.589198468726705560e-01 -7.245506410617563731e-01 -2.775565566022599739e-01 -5.012345944133940190e-01 4.518766196499757193e-01 9.950381739033491435e-01 -8.910193936370978118e-01 1.199933247446873796e-01
-6.540384846858704471e-02 5.366503654312952953e-01 7.055219702499910817e-01 -7.238069502320478854e-01 -8.385612252847445269e-01 -4.120057965084411578e-01 7.797004981341826291e-01 1.295467542153290186e-01
3.143310186535808182e-01 3.833762449753654877e-01 7.643609007907992137e-01 4.906379437407475397e-01 -1.272863487844793084e-01 -4.358704430231719051e-02 4.609057439334252049e-01 -4.620971705444223421e-01
-2.911023697295354040e-01 2.877241651314537130e-01 3.303902259576692035e-01 7.816175440578918554e-01 5.262458998177645952e-01 2.880440900984893027e-01 9.791726850405768623e-01 2.831301595044999342e-01
8.850855388149607705e-01 -7.953498261895279864e-01 5.820256184695202784e-01 9.648624126824745240e-02 -9.071927824258989581e-01 3.869289643041913251e-01 7.192570152240600478e-01 6.081137751445511164e-01
-8.010351804140936061e-01 -1.712844141821201482e-02 -6.717710260058313843e-01 -3.993656663013189778e-01 6.820115111047762024e-01 3.968763188626718286e-01 2.574983769825751612e-01 -8.038360828471384778e-01
-3.475368352125141058e-02 8.845688297308660353e-01 4.361568860084032995e-01 3.868205672158959718e-01 4.972302763801887959e-01 7.835426941860492711e-01 -5.269835784961844904e-01 6.034334961502532124e-01
9.528369831419158942e-02 -8.062272743662726171e-01 -9.236235290659959851e-01 -8.731926478447342710e-01 5.535505157304179136e-01 8.102133479540092331e-01 -5.719616656989123804e-02 3.207210974470207088e-01
