-2.787294417828323212e-02 9.256809742446892031e-02 5.503281939952786583e-01 -9.875247737572943052e-01 -8.374409342285573654e-01 5.682409205459035828e-01 7.547023562670456265e-01 6.103354423906188764e-01
-2.531254957697466335e-01 -1.670227644918413912e-01 -7.613918203592084932e-01 -1.187836488237912214e-01 7.704417517500181667e-01 7.824505635831504602e-01 -2.514094180735939599e-01 -1.182984456302123011e-01
-5.936813345025955257e-01 8.900808211352071453e-01 -7.557037628492033754e-01 -2.821160538156612940e-01 -9.456197158375216905e-01 -3.039848294389049244e-01 5.074204300295883652e-01 6.676902245680969017e-01
-5.957280644481535159e-01 2.103609386640126200e-01 -5.837340673170898775e-01 9.368934364238108436e-01 -6.855565661566407343e-01 -5.821303984615058269e-01 -6.155692019962371031e-01 -2.996457820421840612e-01
-7.793193449233186687e-01 3.490791019492023306e-01 8.714005625726146675e-01 3.467481159954264314e-01 -5.244318723251033543e-01 9.989414563401255442e-02 4.364283340501646791e-01 4.400318242403642444e-01
-5.863317853320229034e-01 -9.676867583508454995e-01 -1.772395040110490427e-01 -1.343759234131325364e-01 5.964839691155745527e-01 2.239693279477683596e-02 -4.348199392871008317e-01 -5.709048604000697136e-01
-3.566934524400326989e-01 1.171488942348912765e-01 1.633763920086264143e-01 -2.259709874072604041e-01 1.276635742457312706e-01 -6.562045983779845049e-01 1.773310700116526029e-02 1.194761049355275162e-02
-5.541394909629422383e-01 9.517194843359610967e-01 5.103154463471102353e-01 -2.548412989354620350e-02 -1.700603841928705062e-01 3.646920185896691535e-01 -1.471070172209065774e-02 6.802027365175664642e-01
-5.366898662204317993e-01 7.794091904531124104e-01 8.731086116498960603e-01 -7.633410837484797540e-01 6.034804105693867271e-01 5.848421717160581235e-01 -5.285348900389716942e-01 5.687558191473875979e-01
-5.300935617586068904e-01 -7.581463549592644124e-01 7.972592895957353321e-01 9.401329158839832889e-01 9.775997912052258876e-02 -7.076899489699746137e-01 1.611297552592558802e-01 -6.858647828220363341e-01
