-1.946602887677473248e-01 -6.837620230953531664e-01 -8.536469817884426714e-01 -2.143846599030283517e-01 7.396921095403476976e-01 -1.703252602288458650e-01 -7.962896977314952718e-01 -7.513895101073726490e-01
1.312816519052717457e-01 -7.189513897464672176e-02 -4.814030785797371870e-01 -2.818072888862670489e-01 4.156485641938754139e-01 4.937243724085069729e-01 5.253328717567082862e-01 3.955137420434524653e-01
6.334345320767644782e-01 1.627802570161493989e-01 -2.437794437985960627e-01 -6.215346165362847231e-01 -3.093294735224310088e-01 3.995228010610718528e-01 -1.372109844639088916e-01 -5.228068579986069331e-01
6.512064483839752338e-01 -6.063020827907834587e-01 -4.364072609309515016e-01 2.546491195648843409e-01 -5.203489085532302383e-01 9.092842778794125724e-01 5.085760350118162521e-01 -5.105660584762561349e-01
-1.792220111025777385e-02 6.660868495482934470e-01 -7.530167798217641817e-01 -8.409480285190289450e-01 -2.339173348847500833e-02 1.026064520652842926e-01 2.793105197533449768e-01 -8.216138092588387565e-02
-6.379449893471969002e-01 -4.332545027650469560e-01 4.604127434333493696e-01 -7.483806268173560650e-01 5.527896798275966361e-02 5.262388409445550863e-01 9.631815112097028564e-01 -9.177564642971811626e-01
-3.357394173246621705e-01 -8.314689488367930092e-01 8.586470774430385866e-01 7.814698909481530009e-01 -4.997962460856713030e-01 -9.248488606086420205e-01 8.616030430835428522e-01 -8.868177429955566016e-01
-2.810372575780195614e-01 4.456990876397055601e-01 8.501952892585145083e-01 -7.943152639687849348e-01 7.585054585264803251e-01 -9.380841623689697428e-01 -8.816118775325192392e-01 9.275848429560751285e-01
9.607088268747814297e-01 -1.757049735671634139e-02 -1.402555892366628143e-01 3.291123293135700401e-01 4.534165934643832330e-01 -8.323619307301597381e-01 3.871399956152115074e-01 -5.746776446276198325e-01
-7.196400975194279237e-01 9.420813187943433142e-02 7.665645732916768207e-01 5.736772574045967410e-02 -3.107599460284640180e-01 3.476230928255228392e-01 -1.519180523212420031e-01 -5.283048539549017875e-01
