-2.503612801902008744e-01 4.195093625738435250e-01 4.384772615364609383e-01 -1.853243915629816385e-01 5.754253433213194491e-01 2.823926227476454276e-01 -2.291930180224128755e-01 -1.810294323416787865e-01
-2.983806263855623975e-01 -2.184650414585738165e-01 1.170108897074466636e-01 3.311759639173630365e-01 -4.152606583081888125e-01 2.279808288099505198e-01 8.223152874797283740e-01 2.107243165516603511e-02
-6.841857233074462030e-01 5.319886124081827372e-01 8.299509914404004096e-01 -2.660966849385459909e-02 -5.421832836115545451e-01 -9.844659799531152444e-02 -9.043465211966157380e-01 3.399459914475175815e-01
-7.179306633619433331e-01 -6.237494720505152301e-01 -4.562807531031420893e-02 -8.786046803131941640e-01 -6.192251963684409777e-01 -2.542647576233285633e-01 4.826803563912733797e-01 9.945509581741553973e-01
8.938305233960102125e-01 -8.316150772644674838e-01 -2.290174150074992809e-01 -8.891107617501146088e-01 1.453375303968709176e-01 7.082361557744207836e-01 6.965126531891898676e-01 -7.898954652725143077e-01
-8.242375357042774908e-01 1.277100213392625694e-01 6.823996191776202647e-01 -3.835848164752757583e-01 1.750543359980076819e-01 5.998113225755157263e-01 -7.739084674381646600e-02 -9.200182014709459288e-01
-4.852885549013752353e-03 1.203043733290802830e-01 -6.405510552100368571e-03 -3.953379607937175244e-01 -6.713013788438928486e-01 -5.697221452810345976e-01 -9.288967902287572631e-01 -2.225262840428239297e-01
9.305080927939635149e-01 -4.864076923980291678e-01 -8.204664170029318804e-02 8.903992980025738913e-01 -3.991857282580686395e-01 5.314097092507203968e-01 -1.832049746503940924e-01 -2.326383927774500204e-01
9.666396388446703014e-01 8.159859654370837934e-01 4.426378396839192320e-02 7.389544367749023568e-01 -5.506187540530684821e-01 -3.135553359868161749e-01 7.018829831524568963e-01 -3.418248465420952176e-01
-2.199200041560867014e-01 8.594092472455314713e-01 -4.297103499826868678e-01 -1.556595981286612584e-01 -7.621067902312772535e-01 -6.722668467961532279e-01 2.522688977644300667e-01 -5.309034227152000796e-01
