-8.315550406861496047e-01 -7.567556548694676088e-02 -6.058006298564915237e-01 4.292965957058301196e-01 3.381001251823951836e-01 7.770846690719341865e-01 -1.216748501371927027e-01 3.243263573131696109e-01
-2.910121659764157709e-01 -1.440750117827227506e-01 5.459526150928444288e-01 -8.149237610111503827e-02 9.067969251859415714e-01 -2.324299724564216074e-01 6.835053979440788297e-01 3.643319598236949286e-01
-9.183197699084704180e-01 4.038405431707141613e-01 7.866912024393897251e-01 9.449782694059682964e-01 5.759413663266839123e-01 7.300390492224400063e-01 -8.122846834983610265e-02 -7.280975997521506038e-01
6.110255380572426898e-01 9.231452907234101168e-01 -4.609900076619490861e-01 -7.487963555711081298e-01 1.002257745547601164e-01 -4.740571400137714164e-01 3.717463763566135615e-01 -9.516017474929603370e-01
8.082866025690393919e-02 1.248333469615214852e-01 9.675909857143463189e-01 4.876146123069218241e-01 8.208634942279795510e-01 6.785842582028356329e-01 -6.836245341512163787e-01 -7.330279599089755127e-01
5.396931763194692255e-01 -4.525535455668618923e-01 8.699349116779138136e-01 9.931158750101634070e-01 -6.231368773647836257e-01 -4.822026892354669414e-03 6.392206764934040830e-01 -7.378344845379074535e-01
3.258795772561089432e-01 8.896112691218667212e-01 -5.607827317370162046e-01 4.079096401881108225e-01 9.686264191945712643e-01 1.736016311935340006e-01 5.248341778199538954e-01 3.447205661965584422e-01
-2.770965440686801173e-02 4.557883720799704719e-02 2.614569795388841378e-01 -7.645211336866004626e-01 4.328701727640655861e-01 -8.260541214626881956e-01 5.493940471471610021e-01 7.249735120167077884e-01
6.953006087268300828e-01 5.146613411747047451e-03 7.935406107814886312e-01 -1.481448646212157882e-01 -8.916240631460818911e-01 -1.905702523707015761e-01 4.804768594473991516e-01 -6.756962845720189126e-01
-1.117908556200559733e-01 -2.807554291402249991e-01 9.141968661379522576e-01 3.091452214986376568e-01 8.284624304707275400e-01 -3.736371031474838844e-02 4.204143579928971697e-01 -4.487935181334543611e-01
