9.644290377742827935e-01 -2.236609627640120390e-01 4.754248382113865912e-01 -4.111818071792827656e-01 7.203838115029199685e-01 -3.180726503872672861e-01 6.970512205688823570e-01 -4.814257994756672154e-01
-8.976673158490089399e-01 -1.548365623885228359e-01 5.188982572409903682e-01 -6.919522880248851759e-01 7.661393528602895575e-01 7.020248393863359748e-01 8.179679953469904952e-01 -9.392123625564703371e-01
3.357028462656435064e-01 8.731755082430792125e-01 4.770671846300467145e-01 6.609363923622930681e-01 -7.545020045361083838e-02 -4.170728531044536336e-01 -5.412941710099936632e-01 5.976878536169949463e-02
2.732136446926447526e-02 8.055050535073888796e-01 -1.188758726234877550e-01 3.217738977793704880e-01 -3.547141314500579234e-01 2.640578209179558211e-01 7.706585179982248235e-01 -7.659235705523348425e-01
-6.268273922899130213e-01 9.701420745275999291e-01 -6.582636004405786334e-01 -1.436650005128350394e-01 2.605704934914683246e-01 7.592259198493522820e-01 -7.890478934457465510e-01 -6.970129608301542934e-01
1.369555980038392740e-01 2.773644936390029514e-01 -4.564077800731543011e-01 -5.301610414394304360e-01 5.372960692116142134e-01 3.102968412705942036e-02 3.354724037849248219e-01 -5.551043278080258769e-01
5.830905495596268029e-01 -8.363501043607539653e-01 1.192297401679567326e-01 7.295706925299516588e-01 -4.801824285314695295e-01 3.868087773648687389e-01 -6.106904840200377826e-01 5.404329420233062731e-01
-9.289556774154101859e-01 1.882634015465081134e-01 -3.581380640822040551e-01 4.302469497788141695e-01 -2.735190228024024783e-01 -5.988393753090959226e-01 -6.971086391012568662e-01 5.635378909121615543e-01
6.442780403114518606e-01 5.430458337437118477e-01 6.425328994343841860e-01 -1.936326677261956952e-01 -9.251746676442511585e-01 -8.727943101638817591e-01 8.483951752176592809e-01 -3.398371370558581628e-01
-4.031721611541918548e-01 -7.666249730021625908e-01 -4.064433323370924001e-01 -4.090621162371987918e-01 -9.399740543812873383e-02 3.740222645670170376e-01 7.373373483067746648e-01 9.153312056467788338e-02
