2.896077578243958506e-01 -4.314177894413153691e-01 -7.504199560830653315e-01 5.585704267112643340e-01 -5.433154760358684943e-01 -1.551555163606848087e-01 -8.216987827763972962e-01 9.876907525570908231e-01
4.179469148001013767e-01 5.002624883495951913e-01 -9.360310211095759225e-01 -6.580859709957311843e-01 5.866576692470635290e-01 5.182426165230347159e-02 -9.234894074803163821e-01 -4.767778150609396359e-01
-6.308264722199694585e-01 -9.519915133766205795e-01 3.163817022787360767e-01 3.533113601129678205e-01 -2.311903461927782288e-01 -5.371087258446016754e-01 -8.969368836747948492e-02 -7.365755149285679870e-01
5.653669412559370056e-01 9.607100232793592820e-01 6.000074284639598243e-01 1.069705540180889702e-01 -5.739088202220070656e-01 -8.210100645589608614e-01 -6.855260319781659728e-01 1.529357948862897221e-01
3.102115877076621064e-01 2.856881769817511962e-01 7.772547892058254693e-01 -9.770733683191994423e-01 8.705129668431099699e-01 8.214982473609944158e-01 -6.488024547954398535e-01 7.087473147619343106e-01
-9.712916613813014077e-01 3.191958424004357475e-01 -4.501538069296493472e-01 3.606144043833001689e-01 -7.934194918348793646e-01 4.880606601112775778e-01 -3.525941618306993597e-02 -3.701527859855582303e-01
-2.944826821846235898e-01 8.697003583081852618e-01 -5.397415863669643432e-01 -1.673283948053638781e-02 -4.102700211363514704e-01 -6.913975016421129993e-01 -9.415477099402811412e-01 8.538239481292220212e-01
-2.800182633212722205e-01 -5.039339795957200607e-01 6.461648884545991844e-01 6.880099940363317845e-01 -8.894303007752126788e-01 -4.589873547797631570e-01 -4.986198569245627876e-01 7.124303948760337679e-01
-4.643083007614867697e-02 2.897654912942868588e-01 -4.672228567211860195e-01 -7.796024833389658681e-01 2.377814803629572094e-01 1.137426876229983286e-01 1.787229655045914356e-01 -5.066209698976444908e-01
-7.125538251506782217e-01 2.972635235312659496e-01 -2.384278659965157754e-01 -1.614908988492373965e-01 -4.313420331971820065e-01 4.052959005808849380e-01 -9.098334397641363314e-01 1.043525687189432727e-01
