-6.503383423037074618e-01 6.491587381321322070e-01 -3.897625197409804176e-01 -4.254250835829911370e-01 -7.408339991037431460e-01 3.389541361421009036e-01 -6.191056000560393180e-01 -6.087415194766434556e-01
1.260000557206546468e-01 -9.709275155608325658e-01 2.935787446060318384e-01 8.522135696087469459e-01 -3.707142232432392159e-01 4.239526547960323910e-01 -5.369321845113357305e-01 -8.407744258781131297e-01
1.568681066002541868e-01 6.468774068400953148e-01 2.010196339199186166e-01 9.200697999699773977e-01 -7.825528399407957192e-01 -2.904041199203808432e-01 -3.728753062594281076e-01 8.041193911713557796e-01
-5.081569589213588145e-01 2.263100209550636954e-01 -8.336219537675537694e-02 -9.972235991687441459e-01 -7.793757189678456321e-01 -6.478313322240190075e-01 4.416959609580497492e-01 1.655412588750075908e-01
9.001441513638241965e-02 8.005537182657520567e-01 6.047351159074829674e-01 7.560946024156933731e-02 2.192882801587445751e-01 8.458791993434191525e-01 -4.759247730378690644e-01 7.146415265891969959e-02
7.430651041461617812e-01 -2.145136388427006935e-01 8.464658212399909232e-01 3.965337296307454018e-01 -6.189918654559434241e-01 2.705701976172802947e-01 -9.100217528852994064e-02 -2.204927151383524464e-01
9.369739241995564960e-01 8.344760788361329507e-01 2.935203078094072993e-02 3.252734335602263105e-01 7.201959949884018108e-02 -6.706359780889559197e-02 2.285139917365088813e-01 -3.639174415309411881e-01
4.106292874524224423e-01 2.114680316999779652e-01 -8.178961754061011558e-01 7.245910305559861708e-01 -4.563858911493892112e-01 8.300724157515906310e-01 -5.017533109980321093e-01 1.475785790004611187e-01
-6.229378044248039537e-01 -4.283255164027790496e-01 -8.114311503073652343e-01 3.428021741748428219e-01 8.583075147335501587e-01 3.638260371031365459e-01 5.108664789124550687e-02 1.399599141249634471e-01
3.409478168905979434e-01 -2.729225427282682137e-01 6.586692985681352752e-01 8.330181993999483669e-01 -5.114600521600931593e-02 -7.378804779747818454e-01 3.743367623575988290e-01 -7.316613503074722580e-01
