-8.387188485418557438e-01 -5.174994786758020382e-01 -9.872732257022684976e-01 -3.705824945124345238e-01 -6.024315538651459079e-01 2.963887704398395773e-01 5.282696110068083595e-01 9.061862557608211244e-01
4.193598706982131219e-01 -5.526902776002000639e-01 -2.523188846268265007e-01 3.807654509972895340e-01 3.907712713077793332e-01 7.272445111112129101e-01 -6.312251605545258215e-01 8.061301496044055437e-01
-2.769821803177165975e-01 2.609288150406754436e-01 4.308268934346330958e-01 8.169939419874345798e-01 -2.125854309936039410e-01 -2.663793994051184555e-01 6.062182128041548879e-03 5.304797800718041856e-01
4.107989734411827687e-01 1.937521413990477281e-01 -3.440892896297447212e-01 -5.792788278415919034e-01 6.874608201801954976e-01 -6.777746107443545220e-01 -9.120963641359058904e-02 8.808884218845609571e-01
-3.330242328275854202e-01 5.941988160861733093e-02 -1.476408083128839532e-01 -1.274494494011535473e-02 5.510733942964036736e-01 -4.570361253191879136e-01 -6.283930454052917280e-01 2.588153059340894124e-01
-1.757876173406884845e-01 4.576151407449178254e-01 -8.008446511032407678e-02 9.476643224124818854e-01 -4.225217958430018683e-01 -8.060667801315994918e-01 6.253506348795223602e-02 -4.855178474096468744e-01
3.607977467970990837e-02 6.404971299667721052e-01 -1.199686391433998356e-01 -8.773858451499598754e-01 2.173239057240259342e-01 7.315085605913731470e-01 -9.663754421436869801e-01 9.062042076525578249e-01
4.817206819115171790e-02 1.926366270813031356e-01 -2.040318149210809118e-01 3.603809790868044427e-01 -7.231430206700815155e-01 3.939014418297794862e-01 6.708310693214345477e-01 -4.918600152193430830e-02
-7.488760353216634691e-01 1.322434484136210120e-01 -9.004917031301424846e-01 -5.935536507966685527e-01 -5.396903764132250370e-01 6.983179904283172146e-01 -6.183837288792826126e-01 -9.688986759429596418e-02
-1.087209957358801216e-01 1.349117401102530867e-01 7.273043781629959792e-01 2.334481040210585334e-01 -3.358365752357388434e-01 4.082021585679636022e-01 7.896642242032705372e-01 7.250758496707390144e-01
