-2.114609931515394337e-01 -8.211457231352312647e-01 -5.747408576005685887e-02 -7.313202888052117157e-01 9.942560646382050393e-01 1.932059375455021932e-01 -7.042907478109510233e-01 5.892973466075432931e-01
1.309162494990083747e-01 -7.748183576853153731e-01 6.444496716420491378e-01 -7.472188233427030646e-01 5.624906001770211272e-01 2.086232173106363774e-01 -5.876729126752464616e-01 -4.419274860863131593e-02
-9.118229909790063203e-01 2.521693300280403172e-02 2.778526816271986721e-01 -4.133941089378763145e-01 -7.345088674001609697e-02 -3.202669705524667787e-01 -5.204609314434245348e-01 2.302559351939656995e-01
5.788528865129494161e-01 1.487063838957627393e-01 5.600210877525142461e-01 5.126354569305395792e-01 -9.128514044342863620e-01 -4.523536771214884400e-01 2.438685836554710384e-02 7.692170898383055011e-01
-1.303024756679305174e-01 -2.371988256538870576e-01 5.156283432158803581e-01 -1.595842749558618046e-02 -9.726448830366218878e-01 2.528665839709232088e-01 -3.184913226377454887e-01 -7.607123828451582970e-01
-5.294683087547724654e-02 7.093912194854237185e-01 6.381867665361091735e-01 -7.958239937161406541e-01 -8.743295674596682776e-01 -2.787174379810488656e-01 1.021833955502589042e-01 -5.968272212535103982e-01
-7.461528385228481941e-01 -9.818007514114048817e-01 -1.050265095156377448e-01 -6.140956864890911859e-01 6.688272060354811810e-01 -6.837032393900281946e-01 -9.144602983176319810e-02 -9.973884589990789085e-01
-6.555538762530968011e-01 -5.406768700635760094e-01 8.133253879079767046e-01 -1.872370868691635160e-01 -5.669576505483695517e-01 6.685602436748530053e-01 8.605250188678434942e-01 1.888884250414823995e-02
1.242901484274769874e-01 4.395178820280842835e-01 -4.867038282972457885e-01 -7.722721366565461487e-01 4.475019883726172321e-01 -8.218535398821154025e-01 -4.013454504450870708e-01 8.310253533481919419e-01
9.623138732953517849e-01 -5.973148322767660723e-01 -2.590728442099250461e-01 -5.045195717805595059e-01 5.871429469213715890e-01 -5.364748690487359806e-01 -8.784184123392779764e-01 -1.523145904825222718e-01
