-1.648542286891876429e-01 1.873376014125360811e-01 -2.747021705121310831e-02 1.609671430759511690e-01 2.702987188729042423e-01 -1.068221730122569380e-01 3.785416252470206189e-01 5.569185520894204267e-02
7.076944645478986384e-01 9.148268245219433048e-01 -7.350830403350203657e-01 6.681037686781157170e-01 -4.790330826020352539e-01 -3.974093703965073665e-01 1.775217750019388863e-01 -2.742389204915847145e-01
2.163794739936033551e-01 -1.250602066669348478e-01 -8.538372503031184113e-01 -7.381622251699038184e-01 -8.157693743947611598e-01 6.192006670465350915e-01 -4.936216879488330989e-02 9.253593153943395766e-01
8.467682553284427982e-02 -8.197528119084014353e-01 -8.690508108689398714e-01 -6.886996774420872658e-01 6.722580535352233877e-01 1.023268747263332834e-01 -5.190134310060432465e-01 -8.885667444704290485e-01
5.130905989623106844e-01 -8.106126567572482511e-01 -9.017788970841416063e-01 -9.001809754855512047e-01 -2.606084931205843169e-02 4.590921506975271793e-01 5.526975726305967118e-01 -5.012971029956236890e-03
-9.604249229675279054e-01 5.674143182083324355e-02 -5.635933430464878935e-01 8.915565143406785076e-01 3.027283774482387724e-01 -1.854322292644163817e-01 -6.720403115487516565e-02 2.677387251822185288e-01
2.487712942651287840e-02 7.487245670541080589e-01 -9.977370821641511345e-01 -8.383923695052604153e-01 6.223089638322722994e-01 2.528103399684593633e-01 8.966774124305154636e-02 5.346897292500363275e-01
-3.104457985403492604e-01 -2.777651035651782507e-01 9.050382699423167310e-01 -5.039389717493174548e-01 5.365996729531949949e-01 -4.640199760175629518e-01 4.881881707733004561e-01 -6.906273697375369114e-01
4.328636657345350525e-01 -9.680995515429402509e-01 -2.096819162983032392e-02 -4.659232571526770172e-01 9.239536699378581019e-02 -1.746679113253206683e-01 8.664569300476570035e-01 -8.212607595047805020e-01
6.703783696736635989e-01 4.083254486340901490e-01 9.569888325063040657e-01 -4.950975544849962606e-01 -2.283766728007132762e-01 5.762842412011073279e-01 -7.307316831831283110e-01 -2.162927631898785563e-01
