3.868241617858576564e-01 7.700824905633880668e-01 -1.997675826410809652e-01 -8.383714997134843472e-01 -7.036818918553355839e-01 -3.972120270489765126e-02 -7.939469993688077487e-01 -7.862965035509152933e-01
-1.448882319916755534e-02 6.137184933908850226e-01 7.515052857237702888e-02 7.579410474454628677e-02 -7.804249830325493686e-01 -4.832601910949883006e-01 -3.281076214360936216e-01 9.351424828800689593e-01
3.303934986222296644e-01 -5.354355549212819199e-02 -2.355790073617018976e-01 6.233302596356982139e-01 -6.544794191742859812e-01 -7.441959283186749818e-01 -4.107187949825745754e-01 6.222178450484359136e-01
-8.258361527111506284e-01 3.711081867543748469e-01 -4.088901016004400368e-01 -3.677954980807029983e-02 -4.237367880504223638e-01 5.759097437227451710e-01 -9.161770919612262087e-01 -2.679636746287772375e-02
7.118223363088649336e-03 -3.155680798974322965e-01 -4.000330014781641186e-01 -3.970712135758240890e-01 -8.907803198821837576e-01 3.167530631776049876e-01 2.217388577456673726e-01 3.635746880179857587e-01
9.751667076497414488e-01 7.109759745274917275e-01 -8.955010819322690718e-01 -7.591987177329850844e-01 -9.737751805265046912e-01 2.864828539678243580e-01 5.818864946127808579e-01 8.424331712862191957e-01
5.047848953640923231e-01 1.831763183571695208e-01 2.060805138332035824e-01 2.346331244368498048e-01 -4.236303293702998740e-01 -2.251093013826377387e-01 8.569199502608320085e-01 -8.411201472423817105e-01
9.412774763732407735e-01 -4.947211431555675887e-02 -5.110529892891111370e-01 1.515779051248309361e-01 3.494389252977485594e-01 5.252731412078270878e-01 -4.825136216478262963e-01 3.794914018224004870e-01
-5.813347834848758833e-01 -7.100756863156525434e-01 1.944758577947669487e-01 4.821337320548628735e-01 2.839609507685081358e-01 6.006707155009509691e-01 -2.548987335488368533e-01 -4.126635640933917770e-01
9.232774015145097657e-01 -5.580731632590705260e-01 7.961468859544669208e-01 3.125718298987210098e-01 5.722615840627545136e-01 -9.241417050048574833e-01 -1.458776253317650706e-01 -3.137831826898085374e-02
