9.694831370649448221e-01 -1.030156351739612841e-01 -8.650965622952206946e-01 -9.212223985356327027e-01 -4.323422775478131808e-01 2.600866642916688232e-01 2.163484507676629587e-01 -2.841097922287305622e-02
4.854317526989841980e-01 4.263941436146572173e-01 -4.560526054779103777e-01 -3.953431546435608457e-01 -9.769458556482886191e-01 1.999493697373531109e-01 -8.756166365405848584e-01 -2.762003469682434709e-01
7.926995470407294242e-01 6.539144950348509955e-01 -8.727291297716635032e-01 -8.373227604755479891e-01 7.589751607862538219e-01 9.418763190675838448e-01 2.976716295388870392e-01 5.608212185645260472e-01
-7.663655620117961753e-01 5.515902099654912405e-02 -9.745190066688718122e-01 8.480089397306800336e-02 -2.437189768346046392e-01 5.069183889339188287e-01 5.355924415023789464e-01 8.223071628071325634e-01
5.933557604500867555e-01 5.153938102056427883e-01 -1.411163340662859866e-01 -6.582232405571901701e-01 -1.789184393798721739e-01 1.098547466057004929e-01 8.105624472420782656e-01 -8.217491149164426467e-01
8.008357055611841080e-01 -3.006998267471039377e-01 -5.651767494597192965e-02 -9.275337572853736834e-01 7.934665211922398154e-01 -4.193930122505540314e-01 -1.683054209902767884e-01 -1.767261415987488871e-01
9.702890996059299056e-02 -8.679207220210449769e-01 2.316052596500237648e-01 7.811387617029323938e-01 -1.768599865444049346e-01 7.930845324762469950e-01 9.042731816668778677e-01 9.972180014393174918e-01
-4.416089427990559368e-01 -6.986180788669882347e-01 7.423414547870568203e-01 3.487813272935746944e-02 4.502669721474443776e-01 2.082631974306488054e-01 4.433162482356383105e-01 -4.954079766040853094e-02
5.257673968519371854e-01 4.454650432218751899e-01 -8.991146957523457051e-01 -9.573105084199708958e-01 -8.668879922877179567e-01 -8.139704811493668757e-01 2.217889287524892339e-01 1.782658766757028168e-02
6.369000808333979968e-02 4.369440935638140289e-01 6.578686847832504458e-01 9.990112369158485883e-01 5.678358526995030964e-02 5.832733488945109901e-01 -2.644437748165586743e-01 5.577135138905913170e-01
