5.147075809565377913e-01 1.577976513234040645e-01 4.381340005799501114e-01 -2.439904728706328019e-01 -4.736974210096187576e-01 1.261570001403211627e-01 7.285625244785101096e-01 -6.049597064757337161e-01
9.269647371584734952e-01 -4.965969852372758009e-01 6.771394373015822143e-01 -6.395558692097871312e-01 1.230481231239395346e-01 4.922477602090489235e-01 -3.654224870967364147e-01 -5.219722368836472448e-01
-9.775958281565366725e-02 -4.948175404444377090e-01 -1.112182887208568172e-01 -5.400100473456546091e-01 -8.185965138160704591e-01 2.690346077777472367e-02 3.012238207219934960e-01 -8.322225331158077388e-01
1.336887392932184504e-01 3.692655108167619549e-01 -5.932948934833814914e-01 -5.279851806257720437e-01 4.612410905617907453e-01 1.813900998859676594e-01 -7.158253399012062257e-01 -5.991414870716760266e-01
-1.135962402273624772e-01 -5.505667028782956773e-01 -5.922969357136580459e-01 2.387734677202373312e-01 6.544874148766575139e-01 -2.021818229168408365e-01 8.130420948131531489e-01 -3.672162505893239448e-02
9.700202154074333283e-01 4.001405545460432478e-01 8.512625146391001874e-01 -2.782493557818599417e-01 7.119500885537588530e-03 -3.254197137091108250e-01 6.622837530789749128e-01 -2.981380289317590027e-01
9.945247052676238209e-01 -7.050494662577229121e-01 -2.987606515555070175e-01 5.678994460113087062e-01 3.521567177599194132e-01 -3.350257039242559021e-01 9.060647765631757444e-01 -4.470249990933572448e-01
2.824743489586583056e-01 -6.230922114533561373e-01 -2.251479120234176623e-01 4.224214857608419305e-01 -8.463186959567501333e-01 2.944504558186118448e-01 -9.916078261552205841e-01 -6.851175881406437185e-01
-2.148590085654307202e-01 -1.266066198414934618e-01 -2.455515987887773033e-01 -9.338301219857898516e-01 8.805096999151393877e-01 6.644689681208337806e-01 -7.104614544713809821e-01 8.232468610782228691e-01
-6.731548457568730104e-01 -6.144246494759448840e-01 6.055909107288188764e-01 6.069183297603135685e-01 1.006461220852048477e-01 -6.019352490572225101e-01 -9.272818325626210889e-01 4.287289785197296865e-01
