-6.290278089670897632e-01 2.744017892831975836e-01 -4.496734577426733104e-01 9.874801232853107624e-01 6.310764547946756675e-01 -2.873703395794922066e-01 8.099191161787653304e-01 8.951771587243715356e-01
3.583194992012139757e-02 -9.021351889747379893e-01 -1.511536842043854634e-01 3.397206794150973153e-01 -8.946344815803022321e-01 9.522854036203716177e-01 -9.887294680974043626e-01 -1.483186807133225482e-01
6.443158843939880143e-01 -9.546027431373798056e-01 -2.543781670398814754e-03 6.318688185510312749e-01 8.442976832708815049e-01 -8.004900986394858364e-01 -1.258697955274996616e-01 -5.220193588348887026e-01
-7.829446495810512552e-01 6.421482619812519665e-01 -8.871478303377950958e-01 9.437969044297271903e-01 3.042425702685376265e-01 4.760441176087073512e-01 3.736470761426282650e-01 -9.603783914871328875e-01
-5.888243116155158496e-01 8.838141366496139462e-01 5.130610241894753010e-01 2.888654083990926935e-01 -2.682936830960616081e-01 8.598986875489054160e-01 4.039934856081390802e-01 5.649479143738256326e-02
-7.218247787584255448e-01 -4.765302904711588017e-01 6.509837318582745169e-02 -5.790833346675512416e-01 4.454101361505065082e-01 2.822122562454854044e-01 1.811718684651271172e-01 -9.167419019361178201e-02
-7.066261681693644103e-01 8.340254860941007653e-01 9.773084917188494813e-01 -7.967927636395877311e-01 -5.889217948818321613e-01 9.310694418239910952e-01 5.335146411946400935e-01 6.364157320623258229e-01
4.119800447524730735e-01 6.032405608437694244e-01 -2.391913934920337770e-01 8.557430115790829461e-01 6.105916661881565233e-01 -4.808160460911226064e-01 9.659858325051919881e-01 4.110118121921968459e-02
1.954140417681833330e-01 5.516511685386649155e-02 -9.613319837584797245e-01 3.466434448496011900e-01 -3.428745003163382599e-01 9.429540737400790018e-01 8.143870731499978088e-01 7.318023236426187683e-01
6.387880897014901471e-01 2.993323969182308808e-01 8.267859318699111171e-03 8.554623905472040768e-01 3.829569482621897336e-02 -6.019723716496938604e-01 -6.710639318037567858e-01 -1.593574676930822331e-01
