3.469462442956330328e-01 9.804576067387253957e-01 -8.154875257079221562e-01 7.509396255513729468e-01 8.481980119055569922e-01 -6.012588780443162140e-01 7.918261918031748170e-01 7.742887173105164056e-01
-9.073216709404885449e-02 8.658923391471662345e-01 -5.214263715963087797e-01 -4.497727904807993227e-01 8.981874304584123170e-01 -8.468920632460714693e-01 8.448281391287912889e-01 1.070990772793229961e-01
8.627939127822883414e-01 -4.125142326709516638e-01 -6.611711528288588546e-01 -2.321470075090930063e-01 -7.496684564483941937e-01 4.422252787552278797e-01 -5.736913563183065889e-03 -7.518714695875456933e-01
-5.960362923814250813e-01 -4.658132029221773163e-01 9.688990863555484445e-01 -7.974536650885191147e-01 -8.231601077922123810e-01 2.467832904250504278e-01 -4.105648262725500874e-01 -8.711844503699546216e-01
-6.518084518274058770e-01 1.350941535917993264e-02 8.116715247531240962e-01 -4.962178126522056587e-01 9.753076643205571550e-01 -3.111233345528758854e-01 2.390918241414849987e-01 5.924694407618353864e-01
-7.504669419761924587e-01 5.303733628999545147e-01 -8.626372927335725915e-01 -1.531451159703594023e-01 5.297890539467031701e-02 -2.128858487161493507e-01 7.806768517031936749e-01 -8.941154862100544332e-01
-8.073090738954218359e-01 2.489457511346815366e-01 -2.443473591320737270e-01 -1.069987088517077023e-01 5.028688899935955803e-01 -7.067509515968057876e-01 8.560763913543776304e-01 -6.377934592286575999e-01
5.300226993616576898e-01 -1.914010255788300974e-01 -9.807212218753957877e-02 8.765926466071696233e-01 -2.975428096627104058e-01 7.617657168471645424e-01 4.782521473531804457e-01 -3.316374460765576515e-01
6.748755388713447712e-01 5.255615031314575525e-01 -5.770486036353745796e-01 1.344155276235632357e-01 -4.218485701456460291e-01 3.929279542750085952e-01 -7.028140074035804652e-01 1.232922206962121514e-01
-8.346561317859602092e-02 6.421536446246249863e-01 -5.242777177856765558e-01 -7.484390696463329995e-01 -1.215633375479838740e-01 3.126036468195640960e-01 -6.287980997112172510e-01 4.432977870786469765e-01
