9.874527607038319221e-01 5.922988095747736548e-01 -2.219846694027007850e-01 -2.940091537457572013e-01 5.772695426803100549e-01 -5.972904031242398659e-03 6.191588878304197241e-01 1.280915633669967857e-01
-3.725876777744048240e-01 -4.296715678379248171e-01 -3.973077513269660521e-01 -7.605887258791967920e-01 3.620976788428518223e-01 -3.719057121609226080e-02 -4.108739744092966273e-01 4.174269568314823431e-01
4.606055584894765964e-01 1.837454819853512333e-02 3.262395774385629110e-02 -8.669242876231979533e-01 -2.685327498973288929e-01 -9.599117264902725655e-01 3.741739238598733586e-01 5.303501943432920029e-02
-2.641648945500174595e-01 -2.600962404124598226e-01 -3.630459263100489498e-01 6.638597955826499586e-01 5.379666983943189873e-01 1.157955421498395587e-01 -5.776761419518146035e-01 4.614519743499838622e-01
-3.894890054196298301e-01 -4.229947982716395494e-01 -4.328155046498833869e-01 8.251062795424297658e-01 2.508815648877416038e-02 -8.963578170116326405e-02 -6.354043498877983698e-01 -3.882228440106749723e-02
-6.106810133731297441e-01 3.009876486249920546e-01 -3.669393632472197631e-01 -9.175244603640102525e-01 1.029011576048950438e-01 3.135049938822229709e-01 7.945532909873973537e-01 9.431602239694791834e-02
-4.021243670186775976e-01 9.705679165328544578e-01 2.455116604255032087e-01 3.653931623593340561e-01 2.025648027389563843e-01 -6.818537787042169285e-01 9.190596256419345522e-01 -2.174055064127478065e-01
-4.164803216174812750e-01 9.826438555494432237e-02 -9.158170570035368829e-01 2.588553937928868010e-01 6.651391191583542195e-01 5.294619760535224096e-02 -3.379979516426383501e-01 -8.406699731826696720e-01
7.411187071672709070e-01 -4.467252672385140233e-01 7.147438151031604292e-02 -5.319174766662968512e-01 4.353363641182095289e-01 -4.747273103098672564e-01 6.516879761409224425e-01 7.571527560403352730e-01
2.733131493458338390e-01 2.805965055767438709e-01 6.963694895575818222e-01 6.012555078127057584e-01 -3.416448600367489874e-01 -2.036246741192337950e-02 8.567897892606264332e-01 2.055836880832311309e-01
