8.818430182553194108e-01 3.717764405049241994e-01 -1.994528227434966272e-01 -4.367468587883553965e-01 -8.586672212442938434e-01 -5.883059640768495413e-02 5.247706644235496931e-01 5.999162062837248843e-01
7.865645722768734860e-01 -1.797982920315102096e-01 -4.863995056895475955e-01 -5.110582946491848411e-01 -6.415906928986434554e-01 7.954967112453896760e-01 5.081038976268015261e-01 4.894872970453765237e-01
5.329558303076242787e-01 6.890800145135946853e-01 -9.869081612891155153e-01 7.452742272325023620e-01 -6.998556792673367166e-01 -5.515560649137711824e-01 -9.097401205342203756e-01 7.770982632517571265e-01
-2.882334948774971650e-01 4.769943829342939701e-01 9.512858519089046894e-01 -3.875705840190086793e-01 7.511386313467429687e-01 -1.972738930226005660e-01 -5.548970949427627364e-01 8.443793932744489972e-01
-4.977097286393752373e-01 6.062073026869587711e-01 -3.425895747189866558e-01 -8.998597415652982434e-01 5.131018936005231623e-01 2.767535206238453949e-01 -1.310953875043863182e-01 -9.006205361697756651e-01
-2.446262608365028512e-01 8.977293229098817218e-01 -5.045994256542827294e-01 7.962602049684655015e-01 4.377077815314975862e-01 1.137303667862243906e-02 -3.806454485610408778e-01 1.918102904464842329e-01
-6.965368997686633978e-01 4.361479472965901216e-02 -6.924033164558629494e-01 5.279718833747166773e-01 -2.139917721923862981e-01 -3.274359414344236718e-01 -5.336986259881753014e-01 5.151043850221019849e-01
1.347609322047920166e-01 -1.821078714522605946e-01 -7.778166183932757605e-01 -8.005731190549749687e-01 -9.636767450668335400e-01 -8.535854870746235612e-01 4.227722183536453127e-01 3.468443921688275644e-01
2.205941524504724249e-01 -6.307458686292366501e-01 -6.194683428051215301e-01 9.576438731331360366e-02 -5.970253211853626674e-02 -3.767113045119034886e-01 -9.722213490556068649e-01 -8.839627740687479029e-01
2.839605131137081795e-01 -8.690890498670897912e-01 1.207437383566281053e-01 9.824234097253223830e-01 1.337052610336948444e-01 -2.165944762326295070e-01 -6.753214637325599679e-01 5.534097807096747257e-01
