8.035240177274216578e-01 2.245929114779359193e-01 8.549169937109364348e-01 -7.353294883110050861e-02 -9.966013091300618409e-01 -6.373590487214388922e-01 5.606963012937125068e-01 -5.364033053059324985e-03
-5.162090612096894571e-01 8.652928061926072889e-01 8.464782156230321597e-02 -5.928180333540893354e-01 -8.178452644061402488e-01 -3.932823536689458166e-01 -2.032214074112259627e-01 2.789660939620794977e-01
6.261691234636421743e-01 -8.234124462360004060e-02 1.292816066503514882e-01 -6.731328605520816577e-01 -2.819737025240298678e-02 6.437542553662967126e-01 7.589413783407614744e-01 4.281984336536726055e-01
-1.205825522301151587e-02 -7.971414874148430307e-01 2.175560281061093004e-01 -9.773312631059383193e-02 -9.917079497681124955e-01 3.303574051433488812e-02 8.276233175079863447e-01 5.021809899821534362e-01
4.057393965493183430e-01 2.251376696738711658e-01 -1.964961221597092411e-01 -5.467991084583083694e-01 1.214438888841005149e-01 5.531691023645883831e-01 -8.514763733991408401e-01 -8.569872154617903526e-01
1.741635126609968331e-01 6.904928732959203508e-02 -7.674213433747003599e-01 3.336793988400794664e-01 -6.161331003366901093e-01 -4.967200053825753248e-01 2.979348147442222317e-01 6.762153664365795347e-01
-6.973036304709745448e-01 -4.221514952965008671e-01 -8.188683732454589137e-01 7.209260932136476452e-01 -8.842540030149415031e-02 3.319049118997412506e-01 -6.102675110287563154e-01 -3.825517515572351979e-01
9.957821532904773676e-01 3.295211943731612969e-01 4.775040883703107752e-02 -3.465325652291950664e-01 -5.296973583248953954e-01 5.320531450726777578e-01 1.767880383064972527e-01 6.469974934171165426e-01
-4.635788037893175950e-01 -9.481133476221617062e-01 -9.222948957422061333e-01 -1.958936517227038987e-01 -2.749338205162257243e-01 6.583403571619461658e-03 3.585207480772074629e-01 -2.708939998595558674e-01
9.899030043457546224e-01 -9.601172421295545156e-02 1.870990727185051217e-01 6.576166128590992255e-01 5.117037889811975049e-01 2.248003565737237697e-01 7.197950024347645748e-01 5.608421219432704330e-01
