7.407023603301452486e-01 5.233366327395827522e-01 1.635891188667111251e-01 8.314971353419020605e-01 -3.639613711652855965e-01 9.507978226771187646e-01 6.316861868751186826e-01 7.470614499625494176e-02
1.122601548512267566e-01 4.288622176608956060e-01 2.322431083996205903e-01 -8.864775416598646984e-02 -5.536577231405876987e-01 -2.989708876857091191e-01 9.275188070723590084e-01 -8.233266054119268151e-01
8.200991374710107085e-01 9.361674158977562055e-01 3.037955191239092301e-01 -8.090832448746949623e-01 9.144473770938743584e-01 -9.769352699718731881e-01 -1.049895892610075432e-01 -5.735105000794469277e-01
7.603715502284495997e-01 -9.353733235142214220e-02 -2.060910281898764573e-01 7.583815517919825222e-01 -5.510850816492252058e-02 2.630311976782939709e-02 5.464666643770357268e-01 -6.374350453450234877e-01
5.150906533931429720e-01 -7.037886549277145853e-01 -7.258336163000234098e-01 1.911481961951084774e-01 2.331831042874255022e-01 -6.615568171488854787e-01 -2.936962984094138029e-01 -3.093308474870986036e-01
-8.820323424293827763e-01 7.737766198579634214e-01 -8.924221270928920369e-01 1.784472729226871390e-01 -2.669361903272464698e-01 9.179663139228055879e-01 -1.957429481647043890e-01 1.338932669319927715e-01
2.009028907834053967e-03 -5.271980978112025262e-01 -4.085666725468404259e-01 1.350167098741814620e-01 -4.526486219486807183e-01 6.110005367260780140e-01 -5.859668096741648124e-01 -2.005143964175377658e-01
8.715310809729341912e-01 -7.815655640327046072e-02 -3.308333375019574252e-01 9.252586767203085927e-01 -3.047712286474060228e-01 -6.660121160865619672e-01 2.170278308954196600e-01 -4.448705692600098960e-01
-5.336254744406019324e-01 -6.054577950625850136e-01 9.281990433408315866e-02 -5.264466112138308507e-01 1.287897377506088681e-01 -8.899052569955285819e-01 -6.252552717464410215e-01 -3.332200363785307040e-01
9.997635506819719797e-01 5.140875169190997074e-01 8.230778600780528365e-01 8.275966561162295676e-02 -6.000769518794040192e-01 -9.751371140663287473e-01 -6.231840138761706172e-01 9.611296764537156090e-01
