6.540705302410778632e-01 8.116510735875248628e-01 9.149265172363674203e-02 2.607666086867785893e-01 1.361958586233771307e-01 -9.555305367803641481e-01 1.040548995507923902e-01 6.087209388182879266e-01
-3.096658722041363276e-01 -5.848777647258325274e-01 -2.031015851813608997e-01 7.150177899419409844e-01 -9.513769976257608896e-01 -7.097148774732662257e-01 7.614101702628597312e-01 -8.856879085310120914e-02
-9.045099532074583060e-01 5.116333274181150692e-01 2.057820928756664003e-01 -4.202853303632945181e-01 -3.403536985002530990e-02 8.872716919166427907e-01 -8.419727255288209644e-01 5.520835434005264553e-01
-2.731972741855173137e-01 -9.439305328164080411e-01 -5.721903283577289834e-01 -9.342918267686994849e-01 4.584811623735636221e-01 9.444337948000789407e-01 -6.157915519158776441e-01 -6.304945910113357588e-01
4.394446629300567952e-01 5.680161594979964423e-01 -2.394771421697081681e-01 -9.240316116570617133e-01 -1.420370680154392495e-02 1.437690210104978217e-01 4.328713237804491243e-01 8.613169230602382154e-01
7.719490499159622487e-01 2.372239678704421983e-01 -5.794668639313682590e-02 4.623992161452210592e-01 3.798579059132991542e-01 -2.144134006600737496e-01 1.422064436221095463e-01 -5.771386177934003658e-01
6.053290782328659692e-01 -4.613389077406080396e-01 -4.568297021807858904e-01 -6.882033194448873292e-01 -6.031334698398427285e-01 -7.893032338476391185e-01 -3.735658356348430242e-01 -3.604644002746002496e-01
-6.741625115917990740e-01 3.685029062747791073e-02 -2.878672623620177617e-01 -5.556699003460143782e-01 8.497675172968937041e-01 2.521571034628078412e-01 -8.642888275287281541e-01 -1.392616574761038617e-01
-2.151810178246342797e-01 -9.282635594822128411e-01 7.089739510915000764e-01 -6.188472717021498148e-01 -6.391474923334161673e-01 -5.971097584508140432e-01 2.443050018187125083e-01 -3.024894809668099427e-02
5.903247513884282149e-01 2.574973024540430089e-01 -7.111003972472758061e-01 -6.369031504364524032e-01 9.301878372960030728e-01 -4.885767820484210322e-01 -6.187313987946665428e-01 -7.261799157379331682e-01
