5.095893701000142606e-01 8.254301178534080297e-01 -7.248218408443556360e-01 -5.779763385074043747e-02 7.962932376936739942e-01 8.815981350964894325e-01 -7.952821072010387571e-01 1.241834893806497142e-01
2.638121225171126127e-01 -2.512564583982777044e-01 -8.088357080628174600e-01 -1.008335681260918992e-01 -8.116776556456839486e-02 -1.020188083602002749e-02 -4.451950341093848795e-01 9.333434414880481533e-01
6.929304107482612274e-01 -3.431671234485449418e-01 -9.437233142402392527e-01 5.246571674317832557e-01 4.494877316252794408e-01 -7.495990477829279630e-01 7.564095973477686918e-01 -8.750455854037981762e-01
-2.130314134631607903e-01 -3.518878024043963215e-01 4.323471209198495036e-01 -5.348714096798334872e-01 -1.847603058313149749e-01 -6.465086819495373671e-01 -2.901370721495037941e-01 -8.965242773228241369e-01
2.293670232408600018e-01 1.570342685628713930e-01 8.522134923020507902e-01 4.683887306545522211e-01 3.581726747740887618e-01 4.824575880397761196e-01 3.538529995564387853e-01 8.952037239203927133e-01
8.508923674125037362e-01 8.905023589688421115e-01 -8.175415632315741199e-02 -9.714912138535771735e-01 -8.284260481222469608e-01 -3.095293753686236826e-01 -6.868104446274658770e-02 -1.361476795930505190e-02
-7.557109954032295018e-01 6.092660825373310551e-01 -8.026016977001315666e-01 -3.758215051851327981e-01 -3.241476897910839927e-01 3.537035353599438103e-01 -3.937418135870718316e-02 -9.246777727612707221e-01
-2.368476304800604115e-01 3.068435968960163684e-01 7.062675412162535693e-01 7.480875654697785038e-01 -4.289782206636583162e-01 -2.854121782408636232e-01 1.330337994615677921e-01 8.824045523320462880e-01
4.951004028447991701e-02 -5.565253728868968519e-01 -3.497844973159138782e-01 6.828128237391408728e-01 7.432581871403300955e-01 -1.417526955988532844e-01 -8.187899403005471921e-01 1.231603164255208327e-01
2.252640756602275474e-02 -9.634261438919462517e-01 5.752834232306067719e-01 8.399488758959643420e-01 -2.307200323705063116e-01 -5.916968452570252612e-01 5.293729861862939146e-01 -2.310799672231496071e-01
