8.099920702776250980e-01 -4.580630422691973624e-01 -2.109265694154958126e-01 8.097264212668071615e-01 5.890269365336120444e-02 8.962696936482266175e-01 -1.959832503470135823e-01 -5.183209433871427407e-01
3.910819457088194895e-01 -4.425833588403946806e-01 4.059203009160008424e-01 4.802439778049587549e-01 3.200968081902730855e-01 -6.050902374659972160e-01 4.128612476042587964e-01 1.938011398902630411e-01
9.415186458497484256e-01 -1.946906787516164972e-01 -5.921473919261324159e-01 9.921557459277077218e-01 -3.566868304005701429e-01 -5.646887170680263690e-01 8.323187463481018789e-02 -7.977528379436358286e-01
-8.826624035515366895e-01 2.597449053514928607e-01 -3.700624657144724328e-01 4.233580980060711596e-01 -4.250134135945344838e-01 -9.064030301702370451e-01 5.373191135626798065e-02 -8.469264823274738063e-01
-3.372716730202229840e-02 5.983288847215595396e-01 -5.748961626698094740e-01 1.046663692998639483e-01 -8.524802248478313693e-02 -4.739421438665711861e-01 -4.700262779651298573e-01 -9.522764856806051892e-01
2.794418982177393485e-01 -5.620954176902213106e-01 -7.832837483296506420e-01 -3.923640622162223313e-01 4.730851978028107752e-01 5.821931996626206196e-01 -7.609638651462025116e-01 -9.858697096756399159e-01
-5.254858301718523528e-02 -7.796738190747920516e-01 2.873404985527705513e-01 5.289345296270220320e-01 -7.398370548846178174e-02 -1.259400658175586774e-01 -9.725894706906450526e-01 -1.650950544037308454e-01
-5.208072608696090455e-01 9.474916613602188953e-01 1.395203718480608757e-01 5.124191074953465819e-01 -5.414555320864440358e-01 4.634487565103158069e-01 7.770926661454977680e-01 -6.719410045920881647e-01
-4.410848227917778530e-01 5.002981804722084203e-01 -1.756136421410097181e-01 -6.334742950001737150e-01 -5.919051211571879634e-03 2.789959340670309373e-01 -4.194935350873341129e-02 6.388952741942166558e-01
-8.956236029568644952e-01 -5.704710821016198974e-01 6.017229665008703154e-01 -5.138156007355736410e-01 -2.923324124763748699e-02 -5.036656815282873900e-01 1.237011780109669168e-01 1.351597740693393224e-01
