5.619784230808189118e-01 -7.922569219485280367e-01 8.931541635456816675e-01 3.398019263007137081e-01 1.316231798464302383e-01 3.911908411191069579e-01 -4.732057576952533040e-01 -7.382291137308285567e-01
4.143611173252692570e-01 2.068433010197789912e-02 -6.720448777450438449e-01 2.856335585973008850e-01 1.290517587160786572e-01 2.666950038979389870e-01 2.614337437062608238e-01 -1.952912753737363616e-01
-8.102196368252687630e-01 5.027470934310511730e-01 -2.984500289289231389e-01 -7.144257979361059441e-01 6.415345864598951398e-01 -2.119970382903304529e-01 -6.912217480223064037e-01 -6.583917808022223817e-01
4.132383833090864655e-01 6.612462892522139590e-01 -3.788634830703474510e-01 -4.778072474389596369e-01 3.469079769161416138e-01 -2.250709260222290009e-01 7.772964718887531710e-02 -9.977585561253321522e-02
-8.127070681480372816e-01 -2.931212499573065955e-03 -8.430453080492834594e-01 -2.289496276943896458e-01 4.574328609663766976e-01 -2.956799165778407623e-01 -2.599307824016221513e-01 -9.746729970329282011e-01
1.188146667568541481e-01 7.549464860940482414e-01 4.659918508084928135e-01 -1.349303635448797500e-01 -7.285863521013165034e-01 4.640287988367162164e-01 -8.192113783418153439e-02 -9.351989850434183627e-01
-7.230102275295180458e-01 -4.829822177362024238e-01 -8.909644881632496904e-01 -7.515690152192386897e-01 -6.299238839600795892e-01 -2.262683968200729367e-03 -6.677890816800657880e-02 2.156352576947728750e-02
-9.549537820237197216e-01 -2.169480652716224700e-01 -9.560535423844975789e-01 -5.491364363047168684e-01 3.282737527495793728e-01 -1.892787679591130257e-01 6.111084724661264289e-03 -8.246824443193034870e-01
-8.255600772201108217e-01 2.665728067274246715e-01 -6.388609445267645626e-01 -9.753621222234087895e-02 -4.916219681799753882e-01 6.445595993556905157e-01 -3.993042885403874642e-01 -3.522229798047593619e-01
1.354864591281621511e-01 4.227120342436594402e-01 6.461804140412956698e-01 -3.203183337645774120e-01 -1.757809710669695491e-01 -6.765634752803642016e-01 -7.037213998893721012e-02 2.842692097640473481e-01
