-3.300151701107882918e-01 4.596805817387239479e-02 -6.112942371182703560e-01 -2.019688996021209437e-01 4.301246874478819038e-01 5.524776441198235855e-01 -9.111426473705550588e-01 3.544758756864645477e-01
3.158484897364872701e-01 -8.584974629489241504e-01 6.064847177133130263e-01 9.786788477635501859e-01 1.913542980995324161e-01 -9.002901180696729622e-01 3.510790919868047588e-01 5.888055343324671842e-01
6.520198785440034506e-01 6.467341080393516073e-01 1.140815710763882773e-01 -2.594928653367813975e-01 2.018558900394948896e-01 -3.458629450282859619e-01 2.918275810211650168e-01 -2.556323391326214001e-01
3.621790469935242118e-01 -1.697458609060216173e-01 4.401845469665295330e-01 -9.704652011990304583e-01 2.730878065497537310e-01 -8.149401682534638258e-01 5.267250438469202045e-01 -7.524163964178176567e-01
-2.838299796740115788e-01 9.901866295591015277e-01 6.178997135814159325e-01 -2.814952603387712582e-01 4.272534690783102995e-01 -5.230609921360704906e-01 9.040974938937167416e-01 9.613965140006965893e-01
-7.115376649225910732e-01 3.217134230063891653e-01 -5.304992159497363691e-01 2.920867687880186470e-01 2.171460858765750235e-01 1.298059286281325608e-01 -5.664915418536846659e-01 3.240435035070872161e-01
6.105122033106566981e-01 3.706891588198801823e-01 3.728453101747291054e-01 -3.683934965909094750e-01 9.143263719455869687e-01 4.287209176034010305e-01 -6.263971771627541152e-02 -1.982845969324995572e-01
-9.942259397329351600e-01 -2.142189749884622074e-01 -5.390968186292477426e-02 3.669832504752505997e-01 -8.875516288376257279e-01 9.498913567859816887e-01 -1.517447203536343991e-01 -9.473145593485554627e-03
8.047654683120681884e-01 -4.678401498555693205e-01 -5.233728930080314701e-01 2.281506522450034158e-01 9.895515983533123006e-01 4.973633472338605532e-01 -9.421735662423802449e-01 7.104611014237276478e-01
-3.076060878528847908e-01 1.614927942713124676e-01 2.823955505628270579e-01 5.722512071336329775e-01 -2.738858344783134946e-02 -7.886589632620701895e-01 -8.887955016518889195e-02 -8.746217857794122974e-01
