2.843685000146911612e-02 4.475736483689836120e-01 -1.697416580619566240e-01 -5.053258148586134979e-01 -9.674858082651685010e-01 2.319084888687630297e-01 -8.831808219789805126e-01 -9.189297051114426740e-01
8.463157777144059146e-02 -2.337785406678627442e-01 -5.901814805617127124e-01 5.276110015432475819e-01 2.725770137997018949e-02 2.642630206397178494e-01 6.278082684763641730e-02 -5.177438911015039835e-01
1.703952237693435734e-01 2.599190709673788735e-01 5.154156135239096326e-01 7.023400080910535692e-02 -1.194747358891996569e-01 -9.415700853307713558e-01 5.280879071367332589e-01 4.044041093134889131e-01
-9.581336290670861011e-02 -3.952099834377456045e-01 -8.715536401767409735e-01 -8.231778780066143497e-01 -5.451503735163441000e-01 6.117315751290388626e-01 6.239485858950755137e-01 7.089705092983917822e-01
1.619060763597068853e-01 4.936769924517236952e-02 -6.764951572762294418e-01 -6.983082580067510037e-01 -5.018832606205865243e-01 -7.171966765686235146e-01 -3.224880302807786592e-02 -2.741692111461775383e-01
7.331473641651449213e-01 8.847486210958248609e-01 5.616737120661672300e-01 5.961991761964771097e-01 1.356859014090439075e-02 6.041475268297125112e-03 3.709651872134143158e-01 -3.352093992361309116e-01
3.852420100618658694e-02 -1.057606857678599077e-01 -1.890312204575474997e-01 -7.641607142952235865e-01 2.246961932698767761e-01 7.270728675192825730e-01 -1.334615372517842236e-01 8.464839693316568159e-01
-5.998947097129205819e-01 5.477362898015460946e-01 -9.699330349690313824e-01 -1.168728014468745080e-02 3.054873546871141876e-01 9.643253261276716337e-01 -5.975359103336637112e-01 1.780371006471854756e-01
-8.820811372861501187e-01 -6.791458848888685118e-01 -2.377062555524842580e-01 1.242410619140168482e-01 5.374690351601021376e-01 -9.322842321763080697e-02 -8.914793124978626082e-01 -2.697287501844396473e-01
4.895947746955484625e-01 -4.690764104355498176e-01 6.544588761491973994e-01 6.304618339185186215e-02 8.858670823639411829e-01 -9.871572193988971122e-01 6.641894402700072586e-01 -3.699009995273658813e-01
