6.481897368969091744e-01 -7.471872090721134452e-01 2.066554302618766048e-01 -3.343005159434075946e-01 -8.864656736153744276e-01 -8.102917614557760828e-01 -2.188796635954688430e-01 -5.916759867504313153e-01
-4.033450670419056472e-01 -8.753406250056743332e-01 -9.935997691538447363e-01 -8.220571108846133068e-01 -3.668750487096137380e-01 8.879330431312595362e-01 -2.646650513165118568e-01 -5.871322705779806750e-01
-2.344936563030575183e-01 -7.244569739844859413e-01 -9.002864456978827423e-01 -2.829412408313847216e-01 9.676735244693597249e-01 4.682620353517708001e-01 9.271885147205525257e-01 -5.458180959627494389e-01
-5.898058958488701098e-01 4.662174909287015723e-01 -2.142580258048507602e-01 8.034227714477617521e-01 4.759189265535430646e-01 5.460097334952442871e-01 -4.385987970637954536e-01 6.558598023200044036e-01
9.548924389519353184e-02 5.392122916176673719e-01 6.618751532767477297e-01 -7.929311802760632411e-01 -8.328277961530616835e-01 8.504943603491887938e-01 -7.185245474589319059e-02 5.998279707290787854e-02
8.169181754695382658e-01 2.045905578130482461e-01 -7.519766717169857895e-01 9.346102414076458142e-01 3.906756168965361820e-01 8.518385855644523552e-01 -1.211673566799926771e-01 -4.915804361223672370e-01
-6.996576907786604682e-01 3.308326686628930702e-01 1.591249404838916970e-01 -8.638361670962795280e-01 -8.408513954141922930e-01 -2.834430392360696160e-01 5.788527150844393621e-01 -1.826681231771392078e-01
-5.328112972768161981e-01 6.405827807661812479e-02 6.541462979177239401e-01 2.000827266526512549e-01 4.738342532013812836e-01 -6.997779212170218699e-02 -6.666596144989855866e-02 3.810260803603537916e-01
-7.113166357467040068e-01 -6.001359281179448057e-01 -7.269788784258568448e-01 8.658277979634378951e-01 -3.266375236532617077e-01 5.201736464752686473e-01 -3.551412462213816568e-01 -6.879596753912275986e-02
4.147126926723661011e-01 -2.849351578338352731e-01 -3.468950490648432528e-01 6.303963176595728246e-01 2.579141475792809945e-01 -9.748142492665716752e-01 9.595295529771408205e-02 -9.902874592306931678e-01
