3.483288551812750988e-01 -3.040896998106483728e-01 -9.166345593289746407e-01 2.145676922386092755e-01 8.635486688188322990e-01 -5.038629057115635579e-01 7.066245055572921707e-01 9.960157060110172988e-01
-3.551125081661534733e-01 -8.013526341626751037e-01 -1.117951993196371063e-01 -7.679555266694464422e-01 -6.402623699731826434e-01 -4.937914321754233171e-01 -6.084677364080437467e-01 -4.101223475880233504e-01
6.585938668729414136e-01 -2.037928712438419332e-02 -5.789869820283999324e-01 -6.332226017626654269e-01 9.094958975802498458e-01 -3.809577185776142905e-01 9.376770144223984804e-01 4.079055810439338181e-01
-8.842517580348250306e-01 9.905674167518778717e-01 2.060528816541151720e-01 1.013615134335612566e-01 -7.190191650134278856e-01 1.457218326448497248e-01 4.210248631116453311e-02 -4.171393478543188316e-01
7.001664297515801660e-01 -5.216266241650768798e-02 -6.947235421639597064e-02 -4.842439914497611575e-01 4.390944050470402260e-01 1.055631041641105217e-01 5.773841393470324768e-02 5.717649487075098236e-01
8.489322139709920556e-02 -2.122393252768302041e-01 -6.758497992908367724e-01 7.514195214278891477e-01 8.101551341017465546e-02 9.702275978772954002e-01 -9.797669221104816639e-01 1.016840664833360552e-01
-7.763466777406702324e-01 6.112149247609353075e-01 7.132813193177900413e-01 9.015365243048938382e-01 4.353788859783365162e-01 4.303905171038089339e-01 2.706179286406260598e-01 -4.636020782640157822e-01
-3.246866135229153905e-01 7.752472780755736981e-01 -9.273342828509114621e-01 -7.312690006409585664e-01 6.209435243087733092e-01 3.408084919770042465e-01 -1.181909897959689815e-01 -4.331877357493927327e-01
7.162221226483873604e-01 -3.556067275247121184e-01 -2.376602283438018492e-01 -1.644312791523627748e-01 8.612942795752402958e-01 -7.112943368090607343e-01 -8.218194966573539872e-01 5.104984801060237221e-01
3.580719937646417161e-01 -7.629147381088845492e-01 6.225289248594219060e-01 3.603427787641573232e-01 -9.952701982999616614e-01 -2.951273359483224112e-01 8.220976072391561473e-01 -8.816532092345776839e-01
