1.630898261814073269e-01 -9.084292652151362280e-01 -2.148195416696883076e-01 -7.639542431551360480e-01 -4.247887230828322203e-01 3.807540120463619449e-01 9.658569439672912704e-01 6.459673546707003222e-01
-4.572511482174046460e-01 -3.132915738314689946e-02 1.009889737687716948e-01 4.256246145943323178e-01 -4.624137920574207250e-01 5.744465330653321100e-01 -5.652278014933551642e-01 1.404700707322144027e-01
7.499132861035617825e-01 2.971931907624103530e-02 3.715466281411128335e-01 6.331811380293854707e-01 -5.780302994428954122e-02 -7.504877873248836373e-01 -4.338403635037821893e-01 -8.946671814260067634e-01
-3.350662097151451135e-01 -8.796253323895486531e-01 -5.714752488740630909e-01 -3.256474584428934449e-01 7.649202070292053790e-01 2.523483648930893164e-01 -8.690751539619112620e-01 9.752178208563124784e-01
3.395134966748738492e-01 4.699115418480710460e-01 -7.824568114967322963e-02 -6.037720333231155756e-01 5.555504283652130670e-01 -9.847944419513479097e-01 -3.911514500100097269e-01 -6.277544250792437275e-01
-9.622628113203657296e-01 -5.277465741263509535e-01 6.573288798273391187e-01 -9.596803614997824194e-01 5.467369516602924584e-01 8.960818494571747284e-01 -3.995413783637009608e-01 2.405045225023674238e-01
1.796925331008247806e-01 1.132081876596133796e-01 8.716873184396285446e-01 -4.688336350389055163e-02 -9.763611606958044753e-02 -7.537603117227411609e-01 7.639780763645946937e-01 -7.914812956959238477e-02
-9.814157334207938010e-01 1.497280541523280384e-01 -8.464066311612423732e-01 2.266020826829384660e-01 9.702955918569970972e-01 -9.738037518953388538e-01 8.457786214832234695e-01 -1.080475662378588275e-02
3.301422886732625628e-01 -7.564397241777132130e-01 -1.939025051217522222e-01 4.614629732757391523e-03 -7.875107660744617988e-03 3.447311635380894135e-01 -3.531380292448238478e-01 5.780166284447012526e-01
-3.079478981239458513e-01 -9.918402359287183945e-01 7.494199098698079986e-01 5.878132046718365089e-01 -1.367220318869328821e-01 -9.088308881900288849e-01 3.764875262053557492e-01 -5.279357056624758293e-01
