8.346117274181559242e-01 -6.920192828889479841e-01 -1.348028157622027656e-02 -7.051340561914758442e-01 5.255934643947595131e-01 -1.733080279198495610e-02 -1.339331522960105492e-01 -6.633417816231252928e-01
7.722728071712223752e-01 -9.844164853748706978e-01 4.424693326746664823e-03 7.430134056915438379e-01 2.145723542406177131e-01 2.884245859324678918e-01 -1.857434958015069526e-02 6.519845046519741061e-01
-1.322421464429475169e-01 5.998353123116864083e-01 -8.283379959721062225e-01 -1.619585687872091562e-01 1.698459328537782476e-02 -8.273483435458062196e-02 -2.511210125379730318e-01 -5.195465525321707467e-01
6.601062564933584120e-01 9.299937007455627569e-01 -5.350955737573401816e-01 3.735060015291935542e-01 -8.991873266809247145e-01 -2.968431353923004501e-01 6.305512325662683271e-01 6.873120805242423081e-01
-3.115079995704854721e-01 8.008311733627149209e-03 -2.303110618688357647e-01 -5.278624299135767917e-01 5.413634466347991836e-01 -2.913336072389702824e-01 9.886013479224728950e-01 5.962148795929089751e-01
-5.753845761472697884e-01 1.956460493200071760e-01 -9.671919980998033850e-03 3.527310063624466974e-01 1.800816311371860046e-01 7.280490900145852873e-01 -9.167622276099149925e-01 -2.779988036258185247e-01
-3.207549469059542968e-01 8.685967869915229844e-01 -4.858845484955622851e-01 -8.338164484407475374e-01 2.203627641145500249e-02 -1.503364380232210529e-01 3.461176363328299921e-02 8.687656234141498679e-01
-8.846427893771771078e-01 -5.620823125896021732e-01 9.523123240416211388e-01 -2.282567363679712802e-01 8.126416677399395105e-01 -7.137688305138811806e-02 -4.894953520140783443e-01 -8.065887789491317239e-01
7.286745032450714366e-01 7.388083815160375600e-01 2.288793285226338181e-01 -7.956786604082728420e-01 5.391590398904992920e-01 6.299713766364236633e-01 9.587749748495759672e-01 6.115785817034422589e-01
6.034693525745757903e-01 -4.921362300777225585e-01 3.054999922542485091e-01 -7.445784950329836782e-02 -7.246663110416109443e-01 8.123338710058178869e-01 8.307579465056895707e-01 -6.922927179713114221e-01
