-1.226443035410758053e-01 -7.483803204988359603e-02 -4.622386927382455823e-01 -5.401751940948329445e-01 -6.555940500199519683e-01 -4.463416956516970124e-01 2.824883105551678764e-01 9.518201415956968336e-01
-9.875256487329733268e-01 9.505799968714341297e-01 5.112308594362884318e-01 2.144045874866504775e-01 -5.501588892420525845e-01 9.494780191142258019e-01 -9.091978721624904836e-02 1.678592800831135712e-01
5.088371222981260544e-01 -4.063390510456506011e-01 -3.455990373729698195e-01 3.430262569378914606e-01 2.586277585662650758e-01 -5.688547937671841748e-01 3.369139626246027142e-01 -4.040091765177551419e-01
-3.577264115793143961e-01 -8.415432153895585632e-01 9.439211483420393289e-01 -2.286202879875001148e-01 -5.861963455461718375e-01 -4.045164309150552917e-01 2.721704000735127860e-01 -4.778294519453052391e-01
5.322230082210424040e-01 2.165217153533824934e-01 4.744132080493468351e-01 -9.356970177326051630e-01 6.099477449502475057e-01 -6.646332260819922677e-01 -7.828891149696928231e-01 -5.900046184422187423e-01
5.220215329428814499e-01 4.257512670478891259e-02 -2.505405871199355428e-01 1.884458816433463024e-01 -3.749503660620856493e-02 -6.170674843044423596e-01 8.481640940906460813e-01 5.378236474447666282e-01
1.883158862020271052e-01 1.784810121187758725e-01 -7.525210098196764008e-01 -1.366403105474407464e-01 4.169853964498002608e-01 -7.055855271833659792e-01 9.169678065367738995e-01 -3.521305803369934040e-02
-2.804295258698126236e-01 -3.910010600025641825e-01 -9.454457633860657850e-03 6.962050539775004321e-01 9.862471481751069469e-01 1.972650708308016920e-01 -1.234306107575466882e-01 3.918185802943880969e-01
7.125080653485373894e-01 -4.558664533558749454e-01 -7.207237048903167853e-01 -4.169950527518984096e-02 -2.871778591209637188e-01 6.117234929016086564e-01 -1.808801711025318504e-01 -8.624734242373939264e-01
4.441002611458446658e-01 -2.858517398293960454e-01 -3.273545327510487546e-01 3.580427798717447097e-01 2.874907570200933016e-01 -1.619585890561283659e-01 -1.996225393978083851e-01 -3.424689913124734364e-01
