2.520213654348759658e-01 -1.511685231757531334e-02 4.460952672523386120e-01 -2.030123294495862485e-01 -9.585625224163174529e-02 5.690580688106618990e-01 1.357702994628628979e-01 2.216449496282708598e-01
-2.579677520868357554e-01 -3.106796597555325778e-01 -5.188514510356632137e-01 -6.616165783629264219e-01 -5.843391752885542800e-01 8.684429187669695516e-01 4.385620902712927816e-01 3.587010176079632462e-01
-2.498723282518517941e-01 -5.658259404817591598e-01 9.550637374302466398e-01 3.283520748742050355e-01 -6.637996132930183979e-01 -4.446553906339234530e-01 -9.156358143782599157e-01 7.896441033363108541e-01
9.182164117722799723e-01 -2.146160461780408646e-01 -5.410320637811225630e-01 3.433879957113661341e-01 4.601647513653839283e-02 -9.556645547615989500e-01 -9.646147451754922830e-01 -8.426071339453045095e-01
-8.936312581550940326e-01 4.892744853616304290e-01 -3.881781663228676127e-01 3.677330336557556034e-01 9.920662962824033926e-01 -2.460812487191239573e-01 2.111353976136247645e-01 -2.741270310349777084e-01
6.031791003128350592e-01 -8.217196093602603391e-01 6.434346314947465562e-01 2.484490286771583456e-01 -4.712361906953572710e-01 -5.059606789522037573e-01 -4.803947215721910968e-01 7.303528326669315174e-01
-8.708545042988116158e-01 6.994579477920572774e-01 -9.903795789850660114e-01 7.233365768496204939e-01 6.451236303285612372e-02 -4.574565404805648328e-01 -5.705707820479097858e-01 -5.406621660265908957e-01
6.891615896669764929e-01 -2.242076176024998535e-01 5.265701087716483375e-01 -6.957656602992536854e-01 7.431394431381901367e-01 -3.443476786923285182e-01 -7.700145444752684032e-01 -9.482065182354417754e-01
-7.527433572319288668e-01 -2.230310477623707044e-01 -3.301472695256513212e-01 -3.733181792740269955e-02 9.265008969975183639e-01 4.607992160753382471e-02 8.653598667164024150e-01 5.930454034863472668e-01
-8.344262970413560687e-01 5.285793753010461504e-01 4.706118254283342406e-01 9.384396587848431448e-01 1.653903093363773280e-03 4.255561277932957687e-01 -8.197382145673841602e-01 6.044477656508975283e-01
