2.711632359712541351e-01 8.139290184982126419e-01 -3.820879808670480937e-01 -7.119465545900285353e-01 -6.215106091628161966e-01 5.660232126980078160e-01 1.118995266592321958e-01 -9.846762542460218981e-02
4.915661453526642966e-01 -5.438427494972595255e-01 6.670203797754412633e-01 4.503256916100613072e-01 -5.135931313224622041e-01 2.412967736806685970e-01 1.095902953560516924e-01 -7.189840627594668021e-01
-8.627191677965271310e-01 2.718362955795905478e-01 5.302965892227420319e-01 3.353458606544781340e-01 4.903584509591518703e-02 -1.870126567186436439e-01 -5.075676756724081251e-01 -5.581614360791791185e-01
-9.645406418635329437e-01 8.123854529055016815e-01 1.324181426130033312e-01 -4.315297384830318883e-02 4.231989815385102105e-01 7.996453676996704285e-01 -9.030087181737993518e-01 -1.037351127510597326e-01
-1.471647166724776579e-01 -3.687805204701026796e-01 4.283120858819786658e-01 8.943980882964190915e-01 3.471959586925188468e-01 5.613302187278883526e-01 9.630754304231312624e-01 -6.885485616424320554e-01
-9.441212576573434490e-01 -2.168079061209486902e-01 6.481939093839292898e-01 3.135293329438066934e-01 -8.880518500691425565e-02 5.691714787229942285e-01 -3.090062908403317099e-01 7.085708785745534755e-01
-1.856001631650832095e-01 -5.392788685837195395e-01 -2.748784707263385307e-02 -6.871317843442494855e-01 -1.060199840503266433e-01 5.685435577450179689e-01 4.236435049627722549e-01 -5.146384041612670490e-01
8.401820569096085656e-01 -7.837224846219361662e-01 -3.614446574345258067e-01 6.016602300014783911e-01 -6.897869623154633256e-01 7.667480023796935384e-02 -2.596564405354651051e-02 -9.486680535274505388e-01
4.003601240244474280e-01 -3.038363412829871990e-01 6.442076790824429189e-01 4.515989171175616157e-01 -7.002059528294417579e-01 9.880993026109363697e-01 -2.606080443364107158e-01 1.373658006205695781e-01
-7.054480726586920269e-01 8.976331139835014294e-01 3.613263345294572826e-01 3.140013682173168341e-01 -7.292941776667278830e-01 -3.713613842557803579e-01 1.171042327160949359e-01 3.458648547755636127e-01
