4.475748226976408173e-01 6.805325706473899228e-01 -9.906467633171283094e-01 -7.161733350549690513e-01 -1.671837297550471391e-01 7.068511698139623434e-02 -5.335790252392076383e-01 3.959140474854576652e-01
9.174037117864439761e-01 -6.099207488038504987e-01 -8.668009974019479369e-01 9.033952415242549883e-01 -5.251728940515343336e-01 -5.714085618599751282e-01 -9.200754546548757240e-01 7.085816298058225104e-01
-4.994678924690589827e-01 -6.037547218143131111e-01 4.959126618922620189e-01 3.823185901161911815e-01 -8.934002097084094984e-01 -3.203857783549901583e-02 -7.258277647004314215e-01 2.312431081773196340e-01
6.475574692227639151e-01 5.537197277250258676e-01 2.049445809951015995e-01 -2.775226801031180912e-01 9.451938369959336228e-01 -9.558226736992778694e-01 -4.922739558822726291e-01 5.197570557052939577e-01
9.698286836952167977e-01 5.641410321180022613e-01 -5.069074510918865073e-01 7.255996102269206549e-01 2.234911995598767298e-01 8.736276610813957788e-01 -3.209318721012430764e-01 5.605401321901548606e-02
3.246180936435358877e-01 9.275064467159306325e-01 4.905686914269622445e-01 -2.611028638729511187e-01 -4.986512485542216044e-01 -4.763483010509059756e-01 -7.111118605085264832e-02 -7.759818737234467356e-01
-3.918068373571319540e-01 -7.457537744642430688e-01 1.546757246993466506e-01 5.640907538290695911e-01 9.647418635163131917e-01 -5.752490221848647334e-01 8.138702903350549800e-01 4.217888866199737130e-01
3.819567435569519720e-01 -7.950833538601420614e-02 7.469344836420253042e-01 -1.866015266869989198e-01 4.391213334806407520e-01 -7.487571864511650688e-01 -4.007459545781395516e-01 -4.685192012526073757e-01
5.847544052900321976e-01 -5.232444923924177704e-01 -4.163054838678843517e-01 -6.284657692427917386e-01 4.860067143135813339e-01 3.338986940161052797e-01 -4.692292577037515677e-02 -9.471207089045343697e-01
1.331441160051545225e-01 -3.334064756182399947e-01 -1.070165003527450143e-01 2.955114024014857677e-01 6.677703487909900648e-01 1.951508521349734071e-01 -1.772134194486856273e-01 -8.530327227511054211e-01
