-4.730353294051254931e-01 -1.207018127137948760e-01 8.591459942983692422e-01 4.754480796991709113e-01 -1.481423233023730912e-01 -7.600399659598251478e-01 1.503761958625893236e-01 7.725105589481613411e-01
-4.602312815322018302e-02 -5.911784879944272930e-01 -5.105732186650908666e-01 4.918801277490034707e-01 -4.574429632373020471e-01 -6.408751766360167856e-01 -2.818668702680926508e-01 -2.074328223042714026e-01
8.494252249822977774e-01 3.171525568633162262e-01 3.654360843799704384e-01 -4.423447239920281771e-01 -5.198709344619107942e-01 -3.208807728675175941e-01 2.845703819366656173e-01 -2.830761197735993662e-01
6.972923032458884229e-01 -2.800344737338036349e-01 -1.487401531005969613e-01 3.281071982159056155e-02 -3.259401373781309896e-01 -4.852770747281125452e-01 -4.062362422877758839e-01 8.475048419262383170e-01
-3.673322172369959393e-01 1.998091778138864072e-01 4.129254569186984192e-01 7.205004308243647682e-01 4.673486574702077068e-01 -5.663258562829043274e-01 -9.465258051124094685e-01 -3.756272251279242358e-01
-3.093292802135356734e-01 -3.032438450748098369e-01 7.180165674033398560e-01 -7.748445848595468810e-01 -8.305489828172221145e-01 -6.579148698085868219e-02 6.280842306441594136e-01 2.842888604165203503e-01
-9.718384584496331247e-01 7.243963373512580795e-01 -7.525341862619401301e-01 -3.801262687274173935e-01 -9.243934576946428727e-01 2.734511844893403598e-01 -1.022362559170597596e-01 -4.395727902668129516e-01
2.550558755671734623e-01 3.361243008474741334e-01 -8.551868041438532853e-01 9.656075303000761778e-01 2.068559359817219168e-01 -7.562665521057576612e-02 -4.843736754844862880e-02 5.693983688721175884e-01
5.510258095982911719e-01 5.013245208704888434e-01 -7.343907662435888994e-01 8.898378111896132481e-02 3.369619753435242338e-01 -1.417990662187251782e-01 -8.238971367775596022e-01 9.515303865395778882e-01
-9.525529156479668469e-01 1.938151196013571109e-01 -1.204469105397043549e-02 9.547927499869965917e-01 -9.665315687964848301e-02 -2.162127464959255896e-01 -2.255096154539455444e-01 4.122326372315465726e-01
