7.431108284291139121e-01 -5.707819231515549596e-01 -9.695198723909190797e-01 2.509429386680499530e-01 -7.666807807109681239e-01 8.727461580896480609e-01 4.956379070126217812e-01 1.589690286107137140e-02
9.134438432812859165e-01 6.269178833134783080e-01 -4.587260921711777684e-01 -9.516986159008724577e-01 3.355913686922360473e-01 7.844682053397289412e-01 -6.784228450196598814e-01 9.494477298809858024e-01
-2.612810263794738130e-01 -1.419343205008349873e-01 5.839700170173882654e-01 -4.785358811357154352e-01 1.815447167303136933e-01 1.265511281857023551e-01 -7.679172577900650332e-01 2.912521359044220048e-01
4.596942736467557467e-02 -2.736630313784074175e-01 -5.551148396059257806e-02 -4.848725993796685341e-01 -3.786699942466047464e-01 -8.206203967683360911e-01 -8.298355643463217746e-02 2.034197391155665446e-01
-2.044246208340951831e-01 -2.699246936149755083e-01 -7.929151875781514924e-02 6.160207444657044284e-01 -8.868729096079022156e-01 7.694932604883042426e-01 -8.983567119535771361e-01 -2.255826012571884309e-01
-9.120089880575372732e-01 1.061308195149568423e-01 -7.537278593545340133e-01 1.251275732641969896e-01 1.742452718764975206e-01 -2.361041856957866170e-01 4.716127723327581123e-01 -6.891555462214165040e-01
-7.076931934171895033e-01 -5.830502665779551119e-01 -4.053447367722582406e-01 6.206213339822679309e-01 -6.331815138628424933e-01 -4.675609315716480197e-01 2.707202886830950561e-02 -1.155347704891764860e-01
9.743207729805172246e-01 -9.067005692042062748e-01 1.900307850016533795e-01 8.544228086090770447e-01 -3.196870607843593781e-02 5.726826524801011953e-01 -7.015757079113709160e-01 5.517628028858578837e-02
8.433525993064372450e-02 -4.728662172531812313e-01 8.175986901686094210e-01 9.159837993454107430e-01 1.478549659685588491e-01 5.571561952437169563e-01 -5.914118739064240238e-01 8.110724823052715138e-01
-4.458385515297826895e-01 1.164458489493724880e-01 7.089041039288548340e-01 -3.448168162921019242e-01 -6.223855341859558798e-01 -9.024062312621914383e-01 7.297526540941448037e-01 -7.044282138352988554e-01
