-4.127759767429091120e-01 -5.062308045690366853e-02 6.546933235489396097e-01 -9.938247305571501489e-01 -5.629556370601682680e-01 -7.463779888296335763e-01 -5.667809461243547009e-01 6.819733966091101607e-01
5.451597543670838597e-01 -2.384768984680620818e-01 -5.426777158783515631e-01 3.016480463892037278e-01 -3.422798757621852150e-01 6.104193395592099058e-01 3.316515564695257101e-01 5.971674054864091197e-01
4.608875052151026885e-01 6.223544536693248475e-02 5.085520644792798084e-01 4.402677564439085867e-01 -7.672772070427713587e-01 2.180955004376481376e-01 3.921571963705037245e-01 -6.990545263003054011e-01
-3.241240831239666775e-03 6.736876435872640734e-02 -8.260092058887045230e-01 -7.519406179790411038e-02 -2.374063085429436448e-01 -5.232894903013110000e-01 8.553758591243496578e-01 7.090701177912104303e-01
8.327031216162459337e-01 -7.665186917909756481e-01 1.664295831685591587e-01 -7.361289175742742330e-01 -3.957325095310275653e-01 -2.116383439590954207e-01 2.114847789999256822e-01 1.269702126253182684e-01
-3.721219405162141669e-01 -2.158646354782056687e-01 -4.691874037340626469e-01 6.981695518100701214e-01 4.534818878483797278e-01 7.081067331564026013e-01 -9.302411316179686196e-01 -5.227936698655646364e-01
7.629713226077248223e-01 -6.479761979614879763e-01 -6.943160569407014204e-01 -6.911135220262631940e-01 5.471174622066752313e-01 -1.063519415276181768e-02 5.443600946022344456e-01 -1.075364279195567541e-02
7.366922219737579436e-01 8.501502950064812048e-01 4.414577773153207652e-01 -1.248474629308593542e-02 6.403490224459622571e-01 -2.376171906934443356e-01 1.896192233037798935e-01 8.341659195412618466e-01
7.440812322202989826e-01 5.134996583032800377e-01 6.635987936592773195e-01 -8.505144719039585688e-01 6.349423042031938635e-01 -9.485304904200009268e-01 7.856347051554293248e-01 7.400197369178294071e-01
1.154636380742763979e-01 -6.817752433078481111e-01 1.079239127544460164e-01 -4.127025749977564217e-01 7.964599548743185320e-01 -9.776716491561252553e-01 -7.692716615927224222e-01 3.839987449882578119e-01
