-4.902489727571637257e-01 9.590572117962801180e-01 1.590601473739980953e-01 -1.825041132665992105e-01 -4.314447606720446249e-01 -7.418189562431440898e-01 7.860827903824931795e-01 2.947830305997054534e-01
-9.291971408142656319e-01 -6.907382451860490935e-01 7.540274300533365004e-01 -5.845423002847467409e-01 9.353770325464076940e-01 -1.204400055256213964e-01 2.599917431986300542e-01 6.169688746820853886e-01
-1.345298284569071967e-01 -8.615031134771811150e-01 -1.329849617789944372e-01 -3.548305452617817046e-02 6.231125557648633517e-01 -2.482826162691580407e-01 1.304309645503105575e-01 -7.845718198348223815e-01
-2.773177972118165968e-01 5.863839829486023891e-01 8.187009093611115063e-01 -3.389830777787459226e-01 9.506951445502018760e-01 -2.266496676972913349e-01 2.826528513507251539e-01 -8.332446586638071473e-01
5.090382276243912152e-01 2.794692696510641117e-01 -2.691554590743507891e-01 5.200332974906045624e-01 8.803310667601675910e-01 -6.008246244042814155e-01 -2.575819871159370500e-01 -2.697776465969321524e-01
6.525318363300505187e-01 2.790240766489240354e-01 -8.469981756978359755e-01 8.865813756615998908e-01 -2.577808155536394086e-01 2.438240060440912682e-01 -5.793066250286240670e-01 1.831094107456769926e-01
-6.318079681653450130e-01 3.221300442037571266e-01 -3.105712328656247134e-01 1.286761586198850171e-01 -2.784383182152394554e-01 -7.048969705349881210e-01 -1.772898616146518780e-01 -5.560227253385339186e-01
-1.037134126732968120e-01 7.365344884141460380e-01 -2.997712904617311214e-01 -1.943244335627387631e-01 6.439892165857019624e-01 3.305917162015972188e-01 -5.525212347640389154e-01 -7.075167401626831776e-01
-8.222984968307083253e-01 5.647737278907052350e-01 2.340730855740897898e-01 -8.599956216025326228e-01 8.535957437651300328e-01 5.124161125400703565e-01 7.444037621066685873e-01 -3.778277988849190194e-01
6.228521148750711944e-01 2.367994001697155682e-01 4.148670790665993646e-01 7.073160021996427460e-02 2.116439077595735352e-01 3.803454363643865577e-01 7.965546252984330167e-01 1.351301646544733615e-02
