6.147967750544907073e-01 -3.078281766964705568e-01 -4.146416974626607743e-01 -5.569093593214620164e-01 -2.325140356153909682e-01 8.568321858603449304e-01 -4.439372964448504710e-01 3.525886826139190688e-01
5.999029185850770496e-01 -9.536723178534165513e-01 -3.026844191945228246e-01 5.384876733539578630e-01 -4.643316262679384465e-01 5.817206789007065559e-01 -1.538532771648659647e-01 -5.135566828177728915e-01
4.437441775637644970e-01 -7.581100169459422666e-01 1.802511746578272511e-01 -3.270081500915567041e-02 9.753006579710123969e-01 6.208017619211758653e-01 -7.483022285847773514e-01 -1.251037442270777067e-01
6.338487123016456337e-02 -5.401667565587333630e-01 1.908048796713359696e-01 9.679478967075518803e-01 -1.985837229754328082e-01 6.836536697017105979e-01 -6.055793806012932379e-02 2.919559543203567031e-01
3.855579252533585244e-01 -7.539611099161933616e-01 -2.960006408595727834e-03 7.683663707836059231e-01 6.906546769390864426e-02 -8.353675677607550476e-01 -9.813498977569170556e-01 -2.948426133313830633e-01
9.625671894062808320e-01 4.514431133069090052e-01 -4.934184308030726829e-01 3.862734007038750583e-01 4.156970225177207823e-01 6.138124752267906103e-01 -8.557444982547000034e-01 1.066653672637452033e-02
6.383272161988013949e-01 3.080176930138556202e-02 8.334070645961622059e-01 -7.238434232075072750e-01 -5.080083868349214438e-01 -1.488571130599658510e-01 -7.038969317462195896e-02 4.197657513092198922e-01
7.607690646515852251e-01 -1.246153449809095370e-01 5.775773501958025857e-01 8.924734886851977134e-01 2.008319334871431217e-01 -7.017012322808389158e-01 -3.894778470806392612e-02 -8.602973545259344768e-01
7.992637485848139711e-01 -6.766284901833132803e-01 7.968358699999240624e-01 8.681429788143140147e-01 -5.385247603700011876e-01 3.614549750855358123e-01 8.679585066992265840e-01 -5.048333356681466988e-01
-3.345402623584099455e-01 -2.414886813841192748e-01 6.062520445210728415e-01 -7.842061881837136816e-01 -4.742123980067736166e-01 -8.253499227828913209e-01 -7.193457810171561828e-01 8.889078841209492321e-01
