-7.027228026075122980e-01 -4.036461987219586156e-01 -8.556533591145196738e-01 9.721771923789126468e-01 -3.283988096178824811e-02 -8.558800533667023647e-01 -2.412354938960357131e-01 8.185482503955960887e-01
1.673547300808413407e-01 2.523126231649281959e-01 3.440446657688798204e-01 -8.355409815910608273e-02 -8.574318178625055520e-01 3.539936321632941585e-02 -2.661540742833978790e-02 -3.775538871117811723e-01
7.832261475210395840e-01 9.752915246300606356e-01 6.836640522459629388e-01 -2.164389410874321129e-01 1.701476821899670089e-01 3.152831195069394354e-01 -9.324735187213200049e-01 -5.184695612810177323e-01
8.014868160318748824e-01 -6.467274947349741510e-01 -1.844137252876825173e-01 -8.711368965487484850e-01 -5.709515081616989285e-01 -6.016180155005921293e-01 5.196697226131441472e-01 -3.250272736625163805e-01
-7.953534641341482025e-01 5.640391402480042782e-01 -7.543418781318145250e-02 7.575048854249977204e-01 -6.171542603541151362e-01 2.511320848799654115e-01 -6.514051705438981266e-01 4.996535832811777045e-01
1.815486908871275507e-01 4.638246083975925416e-01 6.386622563392596597e-02 8.845448813793370668e-01 2.431280811046332424e-01 9.652248207060769580e-01 -3.833128100214724387e-01 7.538625901106830174e-01
8.072770204791828164e-01 -9.967296055622956175e-01 7.223482900898476888e-01 -6.979479935900798626e-01 -3.903357147462702681e-01 -4.445858827550810410e-01 2.552488477207495166e-01 -8.738850583369650593e-01
8.160850337464957693e-01 2.282940246010953800e-01 -4.757244669126023950e-01 3.881343546491387020e-01 2.917724734790292374e-01 8.788576135860381999e-01 3.712347905990334151e-01 -9.749674481408254767e-01
-8.664708488174157619e-01 -5.072989244538470555e-01 6.463131640318493520e-01 -4.532330400446566987e-01 3.068245788619696768e-01 -1.838177274469212641e-01 -8.156930411019083227e-01 -3.238441350407947894e-01
8.660166928969692535e-02 -4.034641852076255031e-01 -4.034891197772427773e-02 -8.700896847686534485e-02 3.554292047627554130e-01 1.402999042261332541e-02 8.094441088472572599e-01 -3.694636648611278051e-01
