1.194253841854582276e-01 -5.774111833788557746e-01 -6.935398823230727317e-01 2.263499677668634469e-01 8.278593181511761934e-01 -4.112026272969937502e-02 -1.089041791670137815e-01 1.468713616499306429e-01
-5.732090230586714963e-01 2.521363156787916893e-01 7.139901894097808732e-01 -1.308984426735904094e-01 -3.652053620200026440e-01 -3.105712264888287333e-01 2.031876997327737300e-01 9.806233709779468288e-01
-4.867286463236832894e-01 2.141594865110068024e-01 -1.390940549720776076e-01 -1.533233427369546931e-01 4.508280590884432559e-01 -9.637808379208214760e-01 7.423313677459646431e-01 1.765053866716601583e-01
-1.610617766705315645e-01 8.919655008801778973e-01 -2.015645943405937057e-01 -5.573929727742128470e-01 -7.500004471547645490e-01 -1.909169909053052283e-01 -2.256190007593761315e-01 -8.377982792739444573e-01
-6.160126828218368544e-01 -4.968488536733888239e-01 -2.756472104428344672e-01 3.375824272309442264e-01 8.373995401890701462e-01 -1.181833721688798633e-01 -6.046619884909949505e-01 6.829784652761234920e-01
-3.689124743538325646e-01 2.256270660199994893e-01 -4.329939053670872617e-01 7.579043150555775377e-01 8.939984666342877251e-01 8.432521311497118699e-01 6.551870264883601358e-01 1.230245056446392926e-01
-2.733544156416134463e-02 -2.603234857154657078e-01 8.361092194675512346e-03 7.336248347900609090e-02 -8.285430788847472083e-01 -9.324225489182325077e-01 4.987019729017554415e-01 4.625823734962208889e-02
1.274690765728396791e-01 -7.786752094581359529e-01 1.113564542053389061e-01 -2.793513641504130618e-01 1.366475769901693837e-01 6.659947473288521103e-01 -5.727810803190525046e-01 3.908412666266092295e-01
-6.300045108475604838e-01 5.083876747954942932e-01 7.952368498873774172e-02 -8.918884477393183019e-01 3.752986626065257791e-01 -5.680691286633479109e-01 7.243151050616125630e-03 -9.753886500525119629e-01
2.749893779807099925e-01 3.180755537178558967e-03 -1.856024831934144359e-02 -6.875715732717968542e-02 4.966589528544356202e-01 9.731963523288931217e-01 1.768196634803875789e-01 -7.692362265677927802e-01
