4.576977252381642103e-02 -5.520400333524109193e-01 -9.877352723363299614e-01 -1.307517386066736620e-01 3.912843984525682384e-01 8.153050872544391758e-01 -9.746729814799146574e-01 -1.068577507237460367e-01
-7.991346206323008960e-01 9.487012177820806080e-01 -8.442433235718533879e-01 1.812273154400259045e-01 3.850202403575773147e-01 4.876494229648731249e-01 -2.481464990915072111e-01 2.763426720859731844e-01
3.584600606794312583e-01 -8.639322137492613241e-01 9.628468074495302176e-01 -6.839453949176068637e-01 5.127769735982343757e-01 -5.034776031954759645e-01 -2.508748620304159793e-01 7.485281473448461842e-01
3.238090654177587790e-01 8.903210733484892003e-01 -5.641572671956054386e-01 4.753423594118997286e-01 -3.566274467713999030e-01 5.585301506323314680e-01 -1.312094676161503770e-01 -2.665822415374397014e-01
7.950638435802330761e-01 5.832935371284975190e-02 -9.498787393988763483e-01 7.328442879448200387e-01 -2.822106160330744018e-01 -9.460492137189622230e-01 -9.733498967308731320e-01 -8.676849858341435517e-01
8.752453346517587995e-01 -3.704116046813694663e-01 -1.654412513439420529e-01 5.219485311770102332e-01 5.604135844264963584e-01 -4.990250396674200672e-01 3.282317891053379011e-01 -5.864976936841534982e-01
4.540285049068972789e-01 3.256240626327708831e-01 2.065254564902214707e-01 6.137130040975047329e-01 -9.823696448103569345e-02 -2.286230594491358570e-01 5.301172793125141780e-02 6.394641863309284968e-01
-7.992013326398972328e-01 6.039100439067466297e-01 -5.639408721860224016e-01 1.720629588460451664e-01 -6.783765950257734101e-01 6.606051266620092122e-01 6.620930138693106315e-01 -2.464145292035677670e-01
9.233357170780476242e-01 5.476063175988854503e-01 5.062783092203704260e-01 -4.297640827745805581e-01 -1.215630561490064210e-01 9.124534444914154108e-01 1.092349163616375129e-01 1.697267794363550575e-01
4.870777811478987918e-01 -2.768346940141388490e-01 -6.755636727219878068e-01 -7.036169562671832356e-01 -6.684252237317278578e-01 -4.491276716631731336e-01 -9.892391440782473122e-01 -5.916097575331920044e-01
