-5.296881647094349166e-01 -5.414815385416156257e-01 8.222860638258433497e-02 -8.637102617447751651e-01 5.557228428449743074e-01 7.782566038685816423e-01 -6.207276836359791883e-01 -5.627616408416358240e-01
-1.610493422758676463e-01 8.941272719072026476e-01 2.941244465049308587e-02 6.885372647305587623e-01 9.550698175198271134e-01 -1.281016501935097196e-01 -8.445585041812284643e-01 -9.916587224281270263e-01
9.585040795097596877e-01 1.850805232556320679e-01 -3.896803856865860283e-02 2.362063520975985487e-01 -7.242072976394609007e-02 4.477565657043898195e-01 -6.347770299895723056e-01 5.554716821300376139e-01
-5.154396739221689394e-02 4.962427339954162964e-01 6.472627180268155644e-01 2.127416173872085370e-01 -3.321613540598560288e-01 3.437289772971261481e-01 1.121829453457874326e-01 1.808730399155522583e-01
9.610563835042214009e-01 -1.835301474196664451e-01 -8.695072468241784591e-01 7.064196957911137442e-01 1.271517868155833675e-01 -6.030418930077503514e-01 -8.338295729686937552e-01 4.631415780466094922e-01
8.964964017912735450e-01 2.149215251415619310e-01 5.796531965134195108e-01 7.348791311599673914e-01 4.087976604442136175e-01 3.627819446287467997e-01 1.212675954082815810e-01 -9.118430571941915641e-01
-6.507011289536939191e-01 8.365439319705252341e-01 3.262795056158840357e-01 -8.331543939831533852e-01 -2.183063581563966515e-01 -4.464409656613965716e-01 7.979334498009673649e-01 -3.325484254263333384e-01
8.304243428795436976e-01 4.888716572321736287e-01 -5.664504726608854401e-01 5.896478611458459973e-01 -4.507003120833243948e-01 -8.635370841066629666e-01 -2.803867755912634596e-01 6.665167450149955819e-02
-2.740101866626072358e-01 -1.223354955226021445e-01 -9.142176408275897170e-01 1.911429744645554152e-01 1.651533988091578031e-01 -4.945281270149777253e-01 9.572550010319340608e-01 1.513721737015800706e-01
6.900747445188259999e-01 2.693582926742090766e-01 -1.290364929225620294e-01 -9.413921915224328085e-01 8.448583359863945930e-01 5.714928505587817398e-01 -4.583225370896184536e-01 9.552187810420169622e-01
