-7.883783298161466391e-01 -3.137428919276947781e-01 -5.147324108300923573e-01 -4.966901665452581049e-01 7.850663439680336531e-01 -3.801374495563669687e-01 4.396560547532140095e-01 2.362990464904701771e-01
5.384763641903000941e-01 1.033155832485157521e-01 -5.546543578756812920e-01 -4.789890146331008403e-01 -9.622164252549114671e-01 1.803978723519672478e-02 1.163142639331722350e-01 -7.418533435681908816e-01
-5.458311980438459443e-01 2.837828988070190128e-02 -3.427624892543978952e-02 6.384340342981216221e-01 -8.658788081987416341e-01 4.744310657984422974e-01 4.225763226235523806e-01 -7.625406061799331336e-01
-8.511987838183914246e-01 -7.543223157544343138e-02 -6.568426912948739371e-01 -5.934044446842816622e-01 8.461937483784904845e-01 -7.679460050384410152e-01 -6.521495312237279851e-01 9.896365424056532412e-01
6.300068506476130814e-01 -4.761456893086468689e-01 5.569878166869137726e-01 1.595376640088219666e-01 6.968553732347533280e-01 -9.340761853380565860e-01 -8.988449130368136863e-01 1.907088247036980988e-01
1.155730493477800103e-01 4.724246525819324471e-01 -2.485749303284439105e-01 -8.599275383495701419e-01 3.465784354376399978e-01 -4.422545060498110914e-01 -2.970809261789726374e-01 -1.163290200803477337e-01
9.727135764166814358e-01 -6.509531143439126755e-01 9.207150859629771311e-01 8.738067332333108173e-01 -8.865772918130812030e-01 4.424097527457047097e-01 7.173726606948780393e-01 9.740354433837441483e-01
9.985164860900594963e-01 -3.296569884179749721e-01 6.130189581959826217e-01 5.579124253109604137e-01 2.943157441412878050e-01 -9.359692502811931547e-01 2.950877915598169032e-01 9.621873102972893221e-01
5.277893062409804159e-01 -8.945773357748476595e-01 8.773894299756177517e-01 -7.996746794312963313e-01 1.462196183683828199e-01 5.762927491292286764e-01 -3.574797990937004233e-01 9.497802282096772242e-01
-2.925751571616186375e-02 -5.447615743072509176e-01 8.293435122513608260e-01 9.320207631814338978e-01 1.082175867039427697e-01 3.796955076177623845e-01 9.867807785949536115e-01 3.930732663394680415e-01
