4.429549850404852496e-01 -9.376378587750977545e-02 -5.137495585778766305e-01 -8.998442854154766746e-01 5.675912400797342716e-01 6.644155529908082336e-01 7.957842331016173887e-01 -2.149923247534957227e-01
-7.766227179342362064e-01 8.447889104836168173e-01 -9.162551198949941966e-01 -6.464739275739672664e-02 5.103267004348071012e-01 -7.019215875894997403e-01 -2.312652745913335028e-01 -5.738926697720301284e-01
2.201505846525002585e-01 -9.265845072467122634e-01 -8.200870099953789794e-01 6.424344414523441849e-01 1.553101905364793200e-01 -5.375451915484692478e-01 -6.572968909228265044e-01 7.218695323728923086e-01
-2.101660750191824967e-02 -2.012244554918312112e-01 9.997574376354174674e-01 3.330381972181390982e-01 -4.829702020329540435e-01 -3.403983259089966573e-01 -1.677570601309703591e-01 2.798400350200402897e-03
-2.807263428329698218e-01 -7.168299703920448795e-01 -3.609520438152575839e-01 4.582359695803202015e-01 -4.871078118080423014e-01 5.792693862023279294e-01 1.261270863681529519e-01 5.377194944616749961e-01
4.334125086468421095e-02 -6.579876434941296370e-01 6.378915610188302665e-01 7.064467838251298204e-01 -6.565059749831307911e-01 -1.939443872529045265e-02 6.645458835452546786e-01 -3.891244112299379054e-01
-8.690620272852496164e-01 -4.488280689664625456e-01 5.856240977490889676e-02 8.751464593156255134e-02 6.308059228481761593e-01 7.500913576303267494e-01 2.390557012639444867e-01 -8.925586081022249818e-01
9.541629608491588588e-01 2.941507035499837386e-01 -8.507051540737009532e-01 -2.959988104339585924e-01 4.210743698509731292e-01 -4.026156553547854955e-01 -4.759821559290859927e-01 9.902829293131001354e-01
9.088435799621454869e-01 2.536638077715169803e-01 4.097648422172344151e-01 -4.154227704920232522e-01 1.289431423733429227e-01 -1.546094152512911268e-01 7.292091381026302166e-01 8.523712063379234039e-01
9.158967492488598872e-01 2.869519776852458293e-03 -2.715601903503668257e-01 7.852633646867190897e-01 1.777304840940472364e-01 -7.068843063729042253e-01 8.019881153391195117e-01 -1.697321997738039379e-01
