-5.125083416135509662e-01 3.530000017573668991e-01 4.230114469132248978e-01 8.578219555693342713e-01 -5.356105840012386210e-01 6.555389425066004971e-01 -6.858671155410589471e-02 1.393783442901539438e-01
-9.296744540849044558e-01 -8.197210901343456868e-01 -8.395281779240266751e-01 -8.024165687418620685e-01 2.325517442832254478e-01 5.676385818831641838e-01 4.729043801188201890e-01 -4.418255090218210501e-01
-9.862357579048621758e-01 1.477124907025360034e-01 -2.420865129888349898e-01 9.009677707875722863e-01 -2.498711284286021517e-01 3.930618455861347726e-01 7.708767619048284558e-01 9.451335941693739251e-01
1.041510587005487487e-01 -1.349292519590792327e-01 8.071239724965373341e-01 -7.484182536681627251e-01 1.731023618702274280e-01 4.123051602781289127e-01 5.169373108050814292e-01 3.457736866539582454e-01
1.463274692164950874e-01 -5.172995780629314755e-01 2.509246016158561687e-02 9.538240485919511347e-01 -8.331507582413608670e-01 -9.300631660531568645e-01 3.916920069716485209e-01 2.105834927977374704e-01
-1.798816231637516694e-01 3.869220085588627178e-01 -9.640717676879146936e-01 3.091564730948319628e-01 7.473131683944540526e-01 9.670385983990237300e-01 4.866315244996961553e-01 9.287898396342288976e-01
8.235835474811215029e-01 -6.452763948630564350e-01 -2.802354951532135541e-01 8.123921640979108183e-01 7.251053519126813285e-01 -4.118908203905171650e-01 3.951414292143116125e-01 -4.242234533740354419e-01
2.440038391871168777e-02 -1.096622713786001846e-01 9.291890307493058110e-01 -3.985380469625259270e-01 -4.975824639621508894e-01 -5.362971859522540630e-01 7.918304282599422095e-01 6.611691969816722025e-01
8.396419074135237359e-01 7.773177552813193003e-02 4.475880306298842815e-01 -2.367848845085840370e-01 1.196787259617939636e-01 -9.169677880520696878e-01 6.290477467583126536e-01 -9.574834698979268754e-01
-2.697750294163276941e-01 -9.843785329526570926e-01 -3.185065580300492361e-01 8.666301560928419967e-01 8.252352448026556431e-01 9.999108119211650436e-01 -5.675237564985839978e-01 -2.749011260832545656e-01
