7.138022971010793416e-01 6.997803583691064588e-01 6.309674257992770041e-01 5.094269572945520075e-01 -8.421428750306596545e-01 -2.662926260552895830e-01 2.440302528498257129e-01 -6.969616115069889872e-01
-1.389733873263547803e-01 9.369025749639239287e-01 6.406907855263281881e-01 -5.970038587270107833e-01 -6.909795533831710745e-01 -5.896363435823961385e-01 -3.936106311068350294e-01 -4.535078774333261009e-01
-6.816925034022587315e-01 -5.234516663057140473e-01 -5.199166364322531653e-01 9.177683925713142621e-01 -1.064050289308116071e-01 -6.608120026687378523e-01 2.704041867360609253e-01 5.836539525286914554e-01
7.794883293438061855e-01 1.228201152029213539e-01 8.699114247748005457e-01 6.068348642235170676e-01 6.388814064662422521e-01 2.627102594769896715e-01 2.672587807195867526e-01 7.044992915955758939e-01
-6.726793646718520758e-01 -3.548832541644475480e-01 -3.553049242857053702e-01 1.209462917208883326e-01 7.689708229197236289e-01 5.195682330276880645e-01 7.111392885947380726e-01 -1.365545394358265163e-01
6.385093680308093766e-01 -9.040092774011765364e-02 -4.226914154938361534e-01 -6.876006530660656590e-01 -7.036651740371098196e-01 -5.284781589398135360e-01 -1.358151097012094688e-02 3.212527414546237914e-01
8.018651851177227563e-02 9.929028198657277038e-01 2.134334466238876349e-01 6.219195983522534110e-01 -6.913503000094911588e-01 -3.643662280640738160e-01 9.088468402568201654e-01 -3.445627824328334476e-01
-9.031144047660839558e-01 7.155927336170613273e-01 -7.359630820667120155e-01 3.289144818266283021e-01 2.647293413321565314e-01 -5.757343444764093654e-01 -9.291017037226747544e-01 -6.028688682476450733e-01
-5.719413639095716206e-01 -1.854015437025531288e-01 -7.925425165137958139e-01 -4.048555771565036654e-01 -6.703448899269384142e-01 5.269385571356326459e-01 -3.360249350700041937e-01 5.625805300864894498e-01
-5.357746760964809951e-01 7.510375362305985458e-01 -6.740907530068178666e-01 2.073432418118024145e-01 -1.717355832293465667e-01 1.700725817177395349e-01 4.786360458312599597e-02 -9.524431692636161628e-01
