1.558655582390640060e-01 5.091229818096114634e-01 8.848212056043378571e-01 6.887335992812728680e-01 -7.046196077952020520e-01 -6.574774443398383461e-01 5.165753690545284993e-01 -9.752544942626140134e-01
-8.033315661606696967e-01 -5.673448674458645424e-01 -4.233488494237620525e-01 1.709224674879832317e-01 3.190392176531211543e-01 4.094842787240158266e-01 -8.273131618620399585e-02 5.277287293926029577e-01
6.037083630203854412e-01 -6.408579785588086608e-02 6.960138509247344452e-01 8.780380711728017484e-01 9.213039018665858393e-01 -9.845399467525783876e-01 3.265034748770492268e-01 7.765774720238221018e-01
-4.643988157426837127e-01 -9.115899948172363487e-01 6.482041469320374283e-01 6.133416096229757919e-01 -1.183561983355696512e-02 -6.984196560665592024e-01 -2.993176419477685535e-01 -3.245176445820676658e-01
-7.089193843529928429e-01 -9.852918610538907718e-01 6.575616317785299980e-01 -5.964171911740629994e-01 8.893706792852584808e-01 7.467389417556764553e-01 -4.399607256912947406e-01 -1.475217202375542769e-01
-7.588024717908057326e-01 -2.913793490592537783e-01 -7.124838020312027620e-01 -3.988882970293605723e-01 6.169931652182041315e-01 9.002116339092760544e-01 -3.141301560773304136e-01 -8.992343629920787063e-01
-7.480047917443239935e-01 -2.241537032839273635e-01 7.145884912927853438e-01 6.028694822152824706e-02 1.444314438989662275e-01 7.867335486828919144e-01 4.330191654017800929e-02 2.877904115597385015e-02
-6.559940218345350349e-01 2.370014225391836593e-01 5.327797456977603208e-01 -3.684469576079263398e-02 -3.648435487780610220e-01 7.356530722821279511e-01 -1.764278763731219613e-01 9.270358657177784067e-01
-2.878277645525011419e-01 9.377849277038032838e-01 3.378195942728230428e-01 5.461458820235081113e-01 8.855855122949836122e-01 -6.789279142955018109e-01 -9.783942674962691211e-01 -6.803463692320346201e-01
5.798513717333588779e-01 -7.066363845720236014e-01 9.409030229193326988e-01 -4.994789329068365369e-01 3.316977941711813926e-01 -2.325223910339819788e-01 -5.605331084376441453e-01 6.381332048519388067e-01
