-9.567605768548399503e-01 9.604652542826714878e-01 -4.733469165195647310e-01 -5.642459730553996966e-01 2.521882430360247174e-01 2.886782013852129403e-02 -2.424824112135173237e-01 -8.482425170665175429e-02
8.257901484229790423e-01 9.259958926845444083e-01 1.031751563714793374e-01 3.354928167705328867e-01 9.135736703220733723e-01 8.673261298387160423e-01 -7.594281488025556026e-01 6.999242869399837641e-01
-7.525916316185212729e-01 2.511019264286642461e-01 -8.985313341796190567e-01 -1.729095088570795635e-01 2.859475904448702810e-01 -6.582351525909195811e-01 5.512435901096610635e-01 -6.191967895791115062e-01
8.534441992393673182e-01 5.267040183561602085e-01 -4.858914711480648574e-01 -2.628935191705938923e-01 5.950490433941026946e-01 7.334787585463335979e-01 -6.805144946479546597e-02 -1.118234444161652075e-01
-8.479956481796850909e-01 1.896890516767977264e-01 -2.348035474318566074e-01 -3.222923953327405666e-01 -9.418635331009395095e-02 -3.018941561094938830e-01 -1.006755268898096300e-01 6.092019605275824645e-01
1.953533719705207172e-01 -7.557227550572256369e-01 -7.948277897245636936e-01 4.868444519116161828e-01 2.775865747475243506e-01 2.500713529634224219e-01 9.280426173274152202e-01 2.454461346754543971e-01
-8.257167621967140825e-01 -1.137601822302647392e-01 -5.790167695225731936e-01 -7.255986768111835072e-01 -6.044826495288244672e-01 -8.002515826449181358e-01 -1.104397373997711984e-01 -7.864807574907040078e-03
-6.945595384316125553e-01 1.791640043784272773e-01 5.643543061703404362e-02 6.021559748575828763e-01 6.180096150741174466e-01 -9.736905753205398195e-01 -6.230862351810435573e-01 1.854866772221772653e-01
-4.499334289821972366e-01 5.821264297596744353e-01 -6.956115219390899274e-01 -4.015070815003647375e-01 -1.923584185590216933e-01 -4.243117239324969425e-01 -9.666238444045709421e-01 -7.363323075232257597e-01
1.462819284822634014e-01 -6.659609291428560951e-01 1.431812663106255545e-01 -2.203197648956491950e-01 -4.281472277925044700e-01 1.764361080832732576e-01 4.077815872458714352e-01 9.280164808826696365e-01
