-1.458802203690252597e-01 -4.769792891510433730e-01 -4.022356833727263048e-01 3.630504683733626337e-02 -9.777758520847712465e-01 9.598428718518989822e-01 6.378231575645640916e-01 1.647823422969962870e-01
3.817256834798790077e-01 -2.842867608085490883e-01 -1.283369244338683490e-01 5.938120010199947618e-01 -3.142156534951296987e-01 -7.239110963912664953e-01 -6.389100928456534767e-01 -2.671821686005557694e-01
-2.256262996040792057e-01 8.207232484926494376e-01 5.603262903727947997e-01 -4.847220512133030290e-01 7.598776253766659217e-02 -4.099670420476315691e-01 -1.964440046388178374e-01 5.608634874327371733e-01
-8.445438630129831203e-02 3.083703212427431062e-01 5.192561533272630481e-01 -7.692768794009408051e-01 9.097587392683434970e-01 9.884455527160826982e-01 6.463917033037256399e-01 -1.762491254552813746e-01
-6.029471199705715989e-02 -2.271316727556684789e-01 -1.522233928968883543e-01 9.417903700705567704e-01 -2.971181383666756659e-01 7.131110700358764820e-01 7.963764502627757036e-01 5.299375868808433587e-01
2.867414162432839753e-01 2.523355281799322114e-02 -4.672714305497527310e-01 -9.931494127161795138e-01 3.099495651647199423e-01 6.064514945421657366e-01 -2.907977486264385902e-01 6.247554811494835381e-01
-6.860050056363582449e-01 -2.149871181705942380e-01 -4.352292918114921694e-01 6.025486293022324080e-01 1.182973525357566835e-01 6.030256517170817787e-02 -1.708982811473060970e-01 7.777409763573670531e-01
-1.398973937735101813e-01 5.772051635326318486e-01 -4.174527333744035840e-01 5.388320654566127743e-01 2.981365907668036552e-01 -5.881443714805527634e-01 -3.094405045121342290e-01 1.167009185679683814e-01
-9.685544212909427131e-01 -1.458528300585482107e-01 -9.783781642068178908e-01 -7.433277959496495946e-01 5.390077285438124033e-01 -5.670080800068850735e-01 2.718792937870671000e-01 2.639298087554438066e-01
5.538042044037925216e-01 8.628484681198693718e-01 -4.364882711109574487e-02 2.620476320647184831e-01 -9.500741367556542194e-02 -3.764666106219387576e-01 5.555627238139833057e-01 4.874206222421837431e-01
