3.419044964073874038e-01 8.820436729610983129e-01 -9.737243718605765874e-01 5.249675905467949821e-01 9.168740106517077049e-01 -3.511993487444671214e-01 9.667690566417199705e-01 -2.802835700575141420e-01
2.815749815697883296e-01 1.416185984096647310e-01 -9.429608668656332959e-01 7.277089274387740225e-01 -4.688847521783652272e-01 5.999140163669520742e-01 -2.346496928771097945e-01 9.940077364052097852e-01
3.145088447614570182e-01 9.667397993945616719e-01 -7.103104641501047922e-01 -7.882722624545668300e-01 2.889895048666035748e-01 1.503617786736517470e-01 -4.962391094095315314e-01 -7.020287002243179586e-01
8.516740399079982815e-01 -7.071517107920279877e-01 3.677880060788449867e-01 -9.797924377266329365e-01 -2.568812515009555320e-01 -9.314489668435805836e-01 8.794669245973190108e-01 -2.656663261395384446e-01
-7.744200295200076578e-01 1.145122225417742889e-01 9.764921303981048961e-01 -2.256208655920597383e-01 8.579712169154709578e-01 6.985629514188902434e-01 -8.663124748407446951e-02 2.782153024140616715e-01
-8.239688264765288039e-03 7.700290339773754322e-01 -8.116038785733084016e-01 -8.447814892580682855e-01 -6.295773159952717801e-01 -2.199265847591642675e-01 -5.021467230653549052e-01 2.200647032095284228e-01
2.000700885879513891e-01 -3.944809707874630256e-02 -6.902732759466474466e-01 7.354010741405683227e-01 7.574938762711616036e-01 7.243187095840075695e-01 -7.558138188131786617e-01 -8.556426249472923740e-01
-7.649320074820242787e-02 6.214912118533766350e-01 -7.826653858632133254e-01 1.277277892135966209e-01 4.883449353435009854e-02 4.059956114314018372e-01 2.728805680558341606e-01 -8.069422757917008582e-01
3.630858995613936990e-01 9.004579667134049448e-01 4.668877558098942782e-01 -4.672382935253887037e-01 -2.828232883684280718e-01 4.841255704007423333e-01 -9.932428735821741128e-01 -2.699383481793378170e-01
7.178141350499411821e-01 -2.804001852686068830e-01 7.860412117663986287e-01 -2.507525204597120805e-01 -5.943447854977188527e-01 1.916929526350825697e-01 -2.016940343251587553e-01 -4.750950650520100460e-01
