-8.062349656271399212e-01 8.263673866125609280e-01 6.536518162199045356e-01 -5.967425323221207112e-01 -2.786164627172764696e-01 -6.262464326220662514e-01 3.111058265332831141e-01 5.985288654106677431e-01
-4.033406531909640158e-01 3.103041703279927344e-01 8.492829374521537744e-02 -1.581372037878077119e-01 -3.010397573838519136e-01 7.945017817544153260e-01 -3.444582645477480831e-01 -6.433505066511076009e-01
9.889120072442207920e-01 1.957845559760202914e-01 -4.053207719684852606e-01 -4.154677964022870373e-01 5.642659959640705658e-02 -7.520438848448260938e-01 1.898372025217809345e-01 -7.835742343279372690e-01
-6.243153180068357067e-01 -6.862877707509433822e-01 9.063497555203814393e-02 3.369054884795215088e-01 8.521663627148017284e-01 9.272179438194279033e-01 -7.784121830510264406e-01 -1.880618742261974674e-02
-9.687072028434171589e-01 6.893681557043260799e-01 7.852391883874827450e-01 -7.181860192436837487e-01 2.366589901770219662e-01 -3.142310841597917292e-01 7.279204895063851044e-01 -2.320292012265174897e-01
4.512884583650811354e-01 -2.296840227209198115e-01 3.011692779014016885e-01 -9.687149043996725606e-01 -1.046101812224595751e-01 -5.572612178091773671e-02 7.870598045082519700e-01 -7.389402592930904845e-02
-6.382696517811650150e-01 7.664004681245391026e-01 -4.395501360111244704e-01 7.096337123787312962e-01 1.090651321391238326e-01 8.136544183698055654e-01 -2.891756931903464167e-01 -8.453485661765840486e-01
3.223148419048433855e-01 -9.006881852151931156e-01 5.786290002420890755e-01 4.819048174592539535e-01 -8.793117666844205704e-01 -7.722960783513517224e-01 -6.470203562866103653e-01 7.141816064577475309e-01
4.675744444743217265e-01 8.290811513305325064e-01 1.318840826154632495e-02 -5.170279314655699121e-01 6.523976625831346965e-01 -4.211249369136504939e-01 -6.421582207774572115e-01 1.168517281770056204e-01
4.807212618074361288e-01 6.958821578416678477e-01 7.582003079692529735e-01 -6.348995779378867610e-01 4.366699440245329633e-01 7.775841647353438635e-01 -9.303297479715106899e-01 8.409391140971071987e-01
