-7.517829041505954546e-01 -3.115218168940132593e-01 -6.811307438867468811e-01 -9.556722346577284366e-01 8.915784316524730801e-01 7.420717447530604804e-01 -2.652369709731923209e-01 -3.179659600159876476e-01
5.539590060178232189e-01 -4.022489399014261835e-02 -4.334163804790898133e-01 -5.824313253038255755e-01 -5.646590016676509283e-01 1.426908733019203179e-01 1.956942019338336891e-01 3.134778383112846178e-02
-2.518263320076525869e-01 -5.956337381704361889e-01 9.516013983721505198e-02 -9.748643367517715319e-01 2.376560282034823057e-01 1.869921976008792619e-01 3.989232632913901622e-01 -9.300194035804456583e-01
-9.378450122909640641e-01 1.698604282976003965e-01 6.232696532800587885e-01 2.269087518008627846e-01 1.396104312735020336e-01 -4.893356635748624672e-01 9.060215588441891121e-01 8.288841404366273924e-01
7.711976884616464911e-01 3.452394206397932930e-01 5.062304432440449808e-01 7.261999535464098710e-01 -2.901726810017279945e-02 8.461338763268366758e-01 -8.999780526436993444e-01 3.174716523805864998e-01
-3.476096530004333385e-01 3.614338099108096447e-01 -6.780893843715787295e-01 -1.050297506334985087e-02 8.892229018028787735e-01 -9.304357175728301677e-01 -1.474682493059404909e-01 5.006969788900086371e-01
2.492166962153345988e-01 9.831103990620266853e-01 6.835732491758299556e-01 6.307672987975199153e-01 -2.631555889403554005e-01 -1.719374834113640560e-01 -7.972951458766013300e-01 -8.840651807998711753e-02
6.238484798178591806e-01 -9.331731057041026123e-01 -9.409650248402423589e-01 -7.459429599329441274e-01 -3.562414458969911379e-01 3.176901340681019814e-01 -5.239319015185819328e-01 5.061702195092774303e-01
-7.690790412706134394e-01 -2.294094158116277704e-01 2.799279677208039718e-01 -1.671708954476258668e-01 3.391985617132826647e-01 8.988487928961801376e-01 6.656250251671758100e-02 9.572671841118636227e-01
5.009310545618563815e-01 8.162043012868260838e-01 -6.612227314019591962e-01 1.994004146085877061e-01 -2.490503135909256649e-01 5.572434301867346118e-01 -6.190118333873122491e-01 -1.623998991968245154e-01
