7.435706422522589953e-01 -9.146215057631670309e-01 -1.912841962164744114e-01 1.532756989886328025e-01 8.303912029110949167e-01 -4.612526629379622989e-01 -3.647446427312293071e-01 7.742644202728892200e-01
-8.589856571669449714e-01 -4.501127386664640628e-01 -7.015933611725135854e-01 5.567424760563148833e-01 -1.924049463061845433e-01 -6.464898054348362511e-01 -6.923740271994864859e-01 -5.552649368565758525e-01
2.253961391086871657e-01 4.709487377248504636e-01 8.251713305810270960e-02 -9.228933528407623488e-01 5.870217519831677500e-02 7.937613858209100481e-01 6.754334511318484946e-01 7.519138394307987028e-01
-5.072137606067113058e-01 8.974691363426616775e-01 -7.720077763414188166e-01 -1.841832192313392902e-01 -7.121109163479841797e-01 -9.709288788254368807e-01 2.851570865104124941e-01 1.736280460349637345e-02
3.647194781331055680e-01 8.168759674363919032e-01 -2.397068199558620716e-01 -1.979344553185720113e-01 -5.941872937239520702e-01 9.871810332961890033e-01 -7.800769638990963095e-01 -3.336353209588174273e-01
4.244183919699311414e-01 1.146511849129485672e-01 -9.987878056701633422e-01 7.618840572201608374e-01 -8.040134245001049340e-01 9.172932917526521734e-02 -9.939623031244781970e-01 -7.611188786572269382e-01
8.342117547633125518e-01 -2.000955253192571170e-02 3.391125106175612025e-01 7.277378475322608953e-01 -6.212863297829394060e-01 7.748229415735030656e-02 7.220139774990248505e-01 -8.851730190538633636e-01
5.612135601299341747e-01 1.360640531443551016e-01 8.159074362328802010e-01 6.755044449488913916e-01 -1.147223209585419568e-01 -3.975485333486812323e-01 -4.408234910916000171e-01 -3.862750931623510908e-01
9.711007007918885936e-01 2.886147786681125815e-01 5.830179760989970816e-01 -3.189838525530266367e-01 -8.210319298782962072e-01 -9.097660773385474187e-01 -3.514611782584431410e-01 1.756294851859914186e-01
-1.997918958967759284e-01 -3.899434478326326836e-01 8.468384390677730078e-01 -3.450218428959002104e-01 -1.090194585880108757e-01 9.757042269150075775e-01 8.489607780027754735e-01 8.848850941698975792e-01
