-9.802579353103231252e-01 -3.095823271873892057e-01 -3.415497953805426423e-01 4.872433492200642924e-01 -9.268333613429113882e-01 6.693978002777836167e-01 4.204749196113148901e-01 -9.475271768565556307e-01
6.178248328484117202e-01 -3.709955832552991328e-01 9.168511118903370782e-01 -3.239799408163606120e-01 4.369839159487987068e-01 2.795794973667176109e-02 -9.100922468637455687e-01 -2.317083965923498745e-01
-6.249409581028182448e-01 -7.975478092752077419e-01 -6.048981158525870150e-01 8.059997755041499179e-01 8.869781378663819105e-01 -7.160053722436734436e-01 8.176551031361234401e-01 -5.304012563132500802e-01
2.017629992513860770e-01 8.204566287743095820e-01 -5.039160759032812464e-01 -6.240529338215483612e-02 7.443897342491543334e-01 -1.393571402536726289e-01 1.423333968568607499e-01 -2.447176690881311956e-01
5.688943098056888914e-01 -9.258625215034947953e-01 5.055154163241126763e-01 3.552513378086747942e-01 6.403673316987925634e-01 -4.788868758615034693e-01 5.528937572478798135e-01 5.224071870402862139e-01
4.143637797671029244e-01 9.634331114170147092e-01 8.795741283685174494e-01 -6.487032846674287700e-01 -8.438904868731287312e-01 -3.747020384256780634e-01 -1.494963660226531488e-01 -7.706907856752676089e-02
-4.129771667841268812e-01 -4.199673878398997307e-01 -1.324906989177985217e-01 7.366932017080787265e-01 7.871140758083008393e-01 -9.127526855412995133e-01 -3.066847128751286622e-01 -9.763423503466772679e-02
9.073785510922660613e-02 -3.505074336199980323e-01 1.982538956294055410e-02 4.003149592496295650e-01 -9.922680512047812318e-01 -6.996705562022778047e-01 7.135528590075446154e-02 -1.689191231936553184e-01
2.870708343163055343e-01 -4.528987839920795011e-01 -8.829249857853660455e-01 6.266817135296436359e-01 -2.652744088118483834e-01 6.002758060455297695e-01 -5.249492259437258390e-01 9.196938061807207188e-01
3.642198241598257891e-01 8.878238963883082757e-01 -8.864908552690042853e-02 -8.525557132804910676e-01 -3.952021139451951104e-01 -5.097491033111039016e-01 -1.890054464702333181e-01 -1.413565592500229950e-01
