3.398896581818109386e-01 -8.472873593150207494e-01 -5.443121277037068495e-01 2.789016117570071174e-01 -8.019330065932006590e-02 8.292586667055739102e-01 -1.525573971474030177e-01 -6.182286111197734524e-01
7.282654086856363840e-01 -5.107344754833809120e-01 -4.587434405748547217e-01 -4.184057719370946060e-01 -6.752531850348861830e-01 -6.878469474949764351e-01 -8.528636205034174633e-01 -4.582289737795419704e-02
7.408853331023013133e-02 -8.099903556188317033e-01 6.202339033574564287e-01 -7.126697120159415366e-01 -6.014839032935936913e-01 9.130793371371046518e-01 1.876427520361747536e-01 -7.607907395988804389e-01
6.654576743210682821e-03 -3.700665859817249270e-01 6.370244475286817032e-01 5.438768018065420762e-01 -4.393122566949185792e-01 -1.766918614924755104e-01 2.423742359469513996e-01 2.340289180925640977e-01
9.441593575267883676e-01 2.200423685112362637e-01 -3.511495717545412010e-01 -9.136804344662017296e-01 -3.711900147016167217e-02 4.798446524473110042e-01 -2.111510784631960291e-01 -5.386213237752319749e-01
-4.969012928927349915e-01 4.085573845594492326e-02 -9.358754787166432276e-01 7.532238679092106981e-01 -4.674726972501970224e-01 -3.689496115874359994e-01 2.457484503850393409e-01 -5.456328871048814477e-01
4.900850524554629661e-01 8.846289840772019186e-01 -3.897542281377235351e-01 -1.599577401610985383e-01 -5.137535350700046521e-01 9.962529122832959327e-01 1.271818214673459124e-01 -6.226308482702396230e-01
3.892154172462074513e-01 3.710809183627550301e-01 3.761561028172826227e-01 -6.063200011268556899e-01 6.774511005221952598e-01 -7.026300849541489146e-01 5.238056738749463648e-02 -6.855288693656125254e-01
-3.491837246637714554e-01 -8.458559448134232994e-01 -5.863696420474335813e-01 -2.106370021215497879e-01 -6.788780914662040367e-01 7.376538539220229840e-01 -6.177712196673645906e-02 -7.983048383798554415e-01
7.564507528778892098e-01 -6.112085313235213757e-01 9.101790165675751609e-01 -3.814029548983350892e-01 6.481934948487710901e-01 3.636575143147300349e-01 4.863288906182767768e-01 -4.538458615921114880e-01
