6.650791114609644339e-01 1.511039820098831754e-01 9.206565265598041226e-01 5.241228807036213411e-01 3.218450171596771714e-01 -5.335824912520070740e-01 -7.179504734873889404e-01 7.550444235867026510e-01
9.478768195081572756e-01 -2.735230898072409378e-01 8.941256548906757473e-01 -3.821677973226160763e-01 4.448569184194457460e-01 -8.255651469323943559e-03 -5.289484396197947635e-01 2.220583282027717154e-01
3.083833650345082500e-01 -2.973602333288980493e-01 8.985659556432401551e-01 -5.009584814178351664e-01 1.095500457047811071e-01 5.143607343203602245e-01 -4.569256874379796773e-01 5.587106571333724236e-01
8.106750578930632667e-01 -1.687598034498680732e-01 5.143466091950614771e-01 7.972115794373226816e-01 -8.496810226334812199e-01 3.490452854517396286e-01 1.670941044346578863e-01 -7.646299861552030563e-02
4.043878878399020937e-01 9.307439283661802509e-01 -1.589018437362077485e-01 -5.053949549885556891e-01 -3.579067731529119722e-01 -5.767613117686429813e-01 6.245193326760056785e-02 7.896366383574198178e-01
-4.965266899462581485e-01 1.706823849657881365e-01 -4.774274382609722256e-01 4.464674916255793047e-01 -5.009924432384340598e-01 -2.608437003104853158e-01 5.971144923232369894e-01 -4.283298924374945305e-01
-4.543496010757255288e-01 -6.215585806340837571e-01 2.422469102954627473e-03 5.893208846366011500e-01 -3.547221698528479905e-02 -8.385382790844975176e-01 6.032777352928440084e-01 2.749961813634744789e-01
4.456205618536970281e-01 8.418601248552803895e-01 -8.980700997169566158e-02 -6.007801974463022887e-01 2.152905868755772278e-01 -4.913006778655868434e-01 -8.329059530388693844e-01 -6.109998017789510794e-01
-7.410926361170202536e-01 5.977471307543471557e-01 5.057442123179121118e-01 -8.085089052045171254e-01 7.656381217632017844e-01 2.483641170207642190e-01 3.053597428826373417e-01 2.132185429339086280e-01
2.221266419725991259e-01 7.726896272574703683e-01 -2.888570806741541652e-01 6.565147065367382684e-01 -1.189940628177770243e-01 8.756582362589093727e-01 -1.521457463031861135e-01 -3.541015132182854241e-01
