1.222601821781144071e-01 -8.317984324399905205e-01 2.951957451323163895e-01 -8.153123248426334957e-01 7.132635574433163761e-01 1.321975341178245333e-01 -3.193846289637740643e-01 1.620343370527042026e-01
-4.849724647750748296e-01 -2.847123367166093377e-01 -1.460831686176056188e-01 9.903687313017630611e-01 1.507937040449642829e-01 2.848096929482910600e-01 -2.715921943148271733e-01 1.654325310523980797e-01
-7.242291197906360889e-01 9.617596514453252698e-01 -7.661586856432367476e-02 5.539221504817271047e-02 -4.535910409335919269e-01 5.268754976669471901e-01 2.365349019544105147e-01 -4.920123464743118014e-01
-7.731554335713834991e-01 -2.885650962625103677e-01 -5.799740576863525732e-01 -9.578038823762931031e-01 1.634473863047467557e-01 6.229458499988387299e-01 7.603011777769781432e-01 -7.731608692421978457e-01
-3.698603801236461930e-01 -6.561700763928928204e-01 -5.452400286709793154e-01 -9.037960853090616364e-01 1.824768489254995352e-01 -4.363109199494794588e-01 -4.039691570779975205e-01 4.681662185229780171e-01
-1.190871684866048330e-01 -7.462062980821142499e-01 6.820788052720354600e-01 3.714917699118234218e-01 -7.730531113768519536e-01 -1.188950740528085248e-01 6.386345317074635375e-01 -1.333000846144296592e-01
-1.889696228034940528e-01 6.082025904162002838e-02 7.341506249344431634e-01 8.871489954979439041e-02 -5.383095567178022289e-01 -1.042910890410810865e-01 9.245655788897897409e-01 4.792275635587888161e-01
-3.997107030753670465e-01 -6.208519695400247507e-01 -3.912722186493438059e-01 9.450528550401682271e-01 -3.191650934285112928e-01 -2.628145966105988052e-01 3.455754896672877940e-01 1.138277987037850103e-02
-7.871195591184019236e-01 1.237939981580877813e-01 -5.617606189178190323e-01 5.907800500813151778e-01 -3.390572962909870203e-01 3.464370541704158146e-01 -2.289312986782017223e-01 8.679707756425716347e-01
-8.186712646054983278e-01 -3.815002642562317359e-01 5.699000562967768690e-01 -5.761530396751006755e-01 1.382215485008966294e-01 -8.727854216166412993e-01 -4.983100049391204767e-01 -4.876165598031636517e-01
