3.962325614275548080e-01 -5.720675407235911170e-01 9.495380575317697858e-01 -7.290430568222872054e-03 -7.369712628341582583e-01 6.884394804990430217e-01 -9.007914795584317513e-01 -9.382423815452438642e-01
1.654628632388694953e-01 6.556857378384171042e-01 2.046583990882822057e-01 -4.830166499970005578e-01 2.556985055458360634e-01 -4.001700124305185291e-01 -4.723797647666829747e-01 -1.893382172318507362e-01
5.126782617876293191e-01 9.615981492730403257e-01 -8.609345871208047285e-01 2.352263875932236736e-02 -4.553367027442307702e-01 9.698429474026086794e-01 -2.024912432510417304e-02 5.672673128955636468e-01
8.296709317279842288e-01 5.279229833353316081e-01 8.111414380079349229e-01 -8.482622574340026311e-02 -3.878975517432385889e-01 7.108674475273526472e-01 -4.959271474892377185e-01 1.711897965565549740e-01
-1.044461215912506624e-01 -9.504596078635449974e-01 -8.142047171884529977e-01 7.543862845738773526e-01 -4.210984375893855880e-01 -4.070532205513848201e-01 2.483278905305092987e-01 -6.862790960405988905e-01
1.597136157877385720e-01 -7.304951848324932051e-01 3.613594673112576761e-01 1.919360753342254089e-01 -9.031454508870946363e-01 -7.634803314987026468e-02 6.168259693439612779e-01 7.022245304131622401e-01
-6.027031780716891607e-01 3.193095665943239680e-01 -8.899118653347433128e-01 -3.323956218948624919e-01 6.052742356633382670e-01 2.131088491098487303e-01 -2.287506257508578056e-01 -4.004779889175271723e-01
-6.700307796625792900e-01 -3.999154222841247996e-01 8.374442331471154688e-01 7.940938454686927717e-01 -8.256125762265889012e-01 1.128255239228632689e-01 9.326323098259707844e-01 -3.293665150356155369e-01
6.823486330697663416e-01 -5.688517777608672610e-01 8.919702095601242942e-01 -4.432170625160769539e-01 6.952322426274228917e-01 -6.100714043556922928e-01 8.495504026270599418e-01 -1.955646922128124743e-01
-4.282553256380450257e-02 -4.420631806531842845e-01 9.103715810358428140e-01 9.716657344441714805e-02 -3.772953622868366885e-01 7.405251862583535072e-01 -7.921635732228569093e-01 5.149923350313247994e-01
