2.072904423335713009e-01 2.672929631214273627e-01 -3.485320921759886836e-01 6.222289245544250225e-01 -1.313611952800215477e-01 7.436146011600845984e-01 4.079208552859001635e-01 9.535482632342808795e-01
-1.850831664010532673e-01 5.648410925298188445e-01 9.853224280808672297e-01 -4.060922341198969221e-01 -3.939142801148778350e-01 2.037595007231394195e-01 -1.514490152234146958e-01 -9.820003693282832735e-01
1.267666595932812612e-01 -3.353162181534294906e-01 5.611722147583315667e-01 -2.385455548856871832e-01 3.593954194473043540e-01 -8.605739233875620009e-02 -6.671133013046337545e-02 9.892070919724145206e-01
-2.060795918328532927e-01 1.923827114566758478e-01 -8.140219087851237045e-01 -9.320653302705759202e-01 -7.145215984504653672e-01 6.821969361022084399e-01 8.587575398192617282e-01 -8.267835886119734301e-01
-5.022807838304679251e-01 -9.181103029417430061e-01 -3.207677048540629183e-01 2.616063218926671929e-01 7.963304294173472186e-01 5.332674531214662839e-01 9.142412312780425765e-01 -4.501835512127352334e-01
-7.976401269607473754e-01 9.002307375100691011e-01 5.238859499447516832e-01 -6.832912450468466847e-01 6.733715069822661103e-01 7.276250067126783794e-01 6.657328163509683705e-01 -5.488185996686354429e-01
-7.804511049063806993e-01 7.742007975504325845e-01 8.237903045645851297e-01 5.810153441904690741e-01 1.558486812510539998e-02 3.356451612285309416e-01 1.709096512195664719e-01 9.360998978167556217e-01
8.954577493876401117e-01 1.930380277200449690e-01 3.843612770358681985e-01 2.507401905175790091e-01 5.187376599321957826e-02 7.564181936052454258e-01 -8.757169902981096765e-01 8.386928925560104275e-01
4.981840520773255232e-01 6.208418079737592077e-01 4.145237536775916443e-01 8.864415588823626457e-02 4.583181039108468191e-01 -1.268076501435042580e-01 -6.215052242309098141e-01 -8.167241642630245213e-01
7.337288706495288526e-01 3.137994288977890012e-01 7.876711478185440818e-01 6.778592046815796746e-01 -3.887431036365009973e-01 -5.061824018860721086e-01 3.065889439395887983e-01 5.409833378212234312e-01
