6.930086320058053140e-01 1.409143689980909553e-01 5.722039774619627206e-01 -4.656655965974951794e-01 5.927909933575079560e-01 -2.191853404268639949e-02 7.034960520285387098e-01 7.317712104133700102e-02
6.273826521825700553e-01 -1.673198547757297483e-01 7.136094794243712514e-01 -5.295014866495864059e-01 6.805835377430855537e-01 8.060706341123828889e-01 -8.046635040311422848e-01 -5.930870086588606593e-01
9.618530216998562032e-01 -9.745312359490896359e-01 4.368273735184395878e-01 -7.249518918154664870e-01 7.608126787401665592e-01 3.385865335205855420e-01 1.958921028342464066e-01 1.548609928290711757e-01
-5.170321867348002254e-01 -6.546324659742903673e-01 -4.162216678887331600e-01 -4.230187182464630880e-01 -1.274330758353205972e-01 -3.410549963303248777e-01 2.076267965496207957e-01 -4.169032698555747984e-01
-9.697749462514586583e-01 -2.042987723796729771e-01 3.320307166157281387e-01 -9.077596036459498752e-01 6.367635943172893498e-01 2.324856116204681022e-01 -5.798827554106167348e-01 8.832597300553368669e-01
-3.770112746844400675e-01 -3.217840753628131711e-01 -3.100943709724306441e-01 -1.132800899489483371e-01 -4.775329109517567616e-02 -2.557745568707310291e-01 2.550871130510525830e-01 -8.870522199054564627e-01
5.396634851086496987e-01 -5.072929547495639291e-01 7.703588464088295673e-01 1.745132096709456349e-03 -3.161455958819026080e-01 -5.023233273349871908e-01 6.508741875471659721e-01 9.281730499033791215e-01
-9.350155699929374453e-01 -1.374679615550464806e-01 1.571298709223760692e-01 -6.586760835962806038e-01 6.367602616884333600e-01 2.726418849291207813e-01 9.531963874363325040e-02 2.009340389587315201e-01
-2.664625700127969399e-01 -5.238701385903683505e-01 9.657197891089883690e-01 -4.468445526964315295e-01 9.562404908936783521e-02 2.877597775615381437e-01 -9.601833486188093847e-01 -1.926776243860064408e-01
9.848256068604552826e-01 9.309069218423959846e-01 -3.371633869485919366e-01 7.451884896423557336e-01 -1.971405954157579021e-01 2.142147883446119394e-01 7.968186836241444304e-01 -1.637771058553407766e-01
