3.557464631635871566e-01 -1.803344484025859451e-02 5.501906378145502430e-01 -5.412514980306142309e-01 5.295450878970420217e-01 -9.595483733759604394e-01 -3.850794372996564352e-01 9.552657661707055770e-01
-6.531925877629269905e-01 -5.094962176570505541e-02 -5.033046922662296474e-01 -5.528901626519997503e-01 -7.557961369801147189e-01 -2.010436186354673804e-01 7.565817470355111762e-01 2.310237762156535091e-01
4.276413557715330604e-01 6.621491393907563694e-01 5.331076396666827311e-01 8.839261330154823959e-02 -6.384140585744768615e-02 -3.444421552582110913e-01 -8.181650347119397981e-01 8.832012939249318517e-01
5.334531464744207696e-02 -6.030766165153866876e-01 -5.458546124692775781e-01 -5.018716013498338846e-01 1.651548853918545223e-01 4.474543029722579668e-01 2.119751416346420392e-01 -6.485196587789450184e-01
-1.844820728658176368e-01 -2.033949567258570568e-01 5.234654426993787801e-01 7.942729637389600583e-01 1.944343889394399838e-01 -7.537630212111696704e-01 6.489559252243739529e-01 -4.021459357396388601e-01
-8.529384060324303185e-01 4.603748357256318702e-01 1.784392262439939980e-01 6.066157699898930833e-01 -7.225244425595367392e-01 4.365606455733583857e-01 -2.645700783510596121e-01 -1.354660708553476756e-01
5.229887161350932345e-02 4.674159879166386311e-01 4.955217134882754504e-01 -7.589251406658876764e-01 5.105947916106821083e-01 -6.637351003988991582e-01 -3.751626951801423360e-02 2.765283836993357447e-01
1.916169284512936333e-01 8.279648743425991331e-01 8.475981466528650365e-01 5.428660752770468889e-01 2.017447267363170482e-01 8.994435340943236490e-01 5.182828941570072345e-03 7.618089491480164455e-01
1.859516504976821416e-02 9.274936227745020911e-01 3.553266885795580698e-01 4.934954159755033931e-01 -1.979543340087022152e-01 6.536092228022993833e-01 7.284385051998227834e-01 -5.440468713997461681e-01
5.442168005348266835e-01 -6.952687835302926445e-01 7.611760983298667682e-01 -4.957555613037447628e-01 1.241170736937144969e-01 5.566218373753994975e-02 2.139287673632903619e-01 7.832677871359605692e-01
