3.489146441602295479e-01 -6.350851690435728170e-01 -2.960279329386112934e-01 8.043447297915293781e-01 -7.576396386283266171e-01 2.381050804575934876e-02 4.068308715961801436e-01 9.697792808653549201e-01
-3.267562872274680785e-01 1.886070255213132540e-01 7.088800242656843054e-01 8.859359193267897226e-01 8.304101115438498049e-01 -6.285170680034135593e-01 7.396442660477680064e-01 -9.950531857746098829e-01
5.138149020838482794e-01 9.994990617713515046e-01 -4.231868704629107025e-01 4.721081856015785227e-02 5.263997396901334280e-01 4.804706749725045078e-01 -4.973859762915782134e-01 7.488429384012278422e-01
5.156180393712643806e-01 -2.851762640228483470e-02 7.250028754968955713e-01 8.559134685208478199e-01 -5.006998158604443194e-01 5.865594343302487079e-01 -4.796593990128039664e-02 9.575511424422700202e-01
2.054694640209480117e-01 9.267356236501307354e-01 5.005743672937736921e-01 -6.766145374206558039e-01 3.753924633911329689e-01 5.725573875791196699e-01 -2.518590074447426552e-01 -4.379748350547316704e-01
2.027775201057293586e-01 -2.303602918242511066e-01 8.203018642801076510e-01 -9.892906418000555480e-01 -1.470302549792787961e-01 4.128253440663165463e-02 4.110336200208219992e-01 -9.745153707729652393e-01
-6.177430354440893723e-01 7.526579687317558331e-02 7.201718946738240312e-01 3.680540354481449672e-01 -6.619674721560526720e-01 -9.133604497449363535e-01 9.476370444408515059e-01 -5.769371751100438317e-01
-6.663962235563583025e-01 -9.919032434358452388e-01 5.983942568040141463e-01 -2.177322192569357551e-01 3.798862181862816545e-01 -4.848604738914967793e-01 6.801081470536110007e-01 -6.597615861930572478e-02
4.880150105516358749e-01 4.061365961604490593e-01 -3.839452234893043769e-01 -1.637804600856054282e-01 7.769557650017064887e-01 8.114482209425899484e-02 3.938981352204034003e-01 -9.333082233308591658e-01
-9.590869161345700888e-01 -8.246517308494523135e-01 1.485231268399458404e-01 -1.176481242386628878e-02 -3.023957804477415134e-01 -8.288573842577717787e-01 9.563837340390102248e-01 -5.199248492798678178e-01
