2.632933769498957410e-01 -3.507877722067456183e-01 7.598803001184539774e-01 -6.173862361076065675e-01 3.045003340563998684e-01 -6.430330060431737049e-01 -2.027503744594572055e-01 -7.470434704857238373e-01
-7.870392274682416200e-01 7.921691595860900215e-01 -5.915522147101042183e-01 -1.109109295557091368e-01 -9.648535003165985557e-01 2.817101007574163152e-01 -2.831687377359890512e-01 -4.538242224505790734e-01
-5.540591895395932109e-01 -4.611704350785543749e-01 -9.141369561944685529e-01 4.593911716343688223e-01 -7.394529885213112497e-01 5.716425454563414110e-01 -5.637798766191584043e-01 -2.332816608575183359e-02
-7.906660071299238535e-01 9.801296033551476494e-01 -6.725400222875059786e-01 1.938667927536270597e-01 -2.683440490489363839e-01 -5.096070370707861397e-01 -7.646400717806700609e-01 5.176276831041133342e-01
1.570492295957728324e-01 -6.340620026985037683e-01 -2.536962291141169334e-01 -9.512492247759420927e-01 5.692719776730432724e-01 2.948396008298606041e-01 4.390151841263389976e-01 -6.947476565070382915e-01
2.234793480833283663e-01 2.953572603788181539e-01 -7.387773004040900648e-01 -8.178554154565453871e-01 -1.748323427151585729e-01 -1.704128631344337119e-01 1.596953572852508607e-01 -4.087724931943135243e-01
-1.961846214239770791e-01 5.351486524521316124e-01 -7.293911777828459009e-01 3.800258141058687755e-01 -1.363140776790929820e-01 -8.891762240218310520e-01 -8.805994495897502272e-01 2.156485206528684362e-01
-5.705767739599569843e-01 6.552440181781253870e-01 -6.567518819937245844e-02 5.320234971647403999e-01 -9.538451355405168641e-01 9.579737250880813182e-01 -4.154706997820523107e-02 -4.394646730894682385e-01
-5.392038257183773275e-02 -9.529691444300565362e-01 -8.280381358335495712e-01 7.195018897458473894e-01 -1.546078115622586679e-01 -7.547021506042932426e-01 -6.923605990611323424e-01 -2.957623696273572467e-01
8.546141726454015153e-01 7.448933498656111762e-01 -9.195691074768150841e-01 -1.947119349122381493e-01 -2.418018050454473489e-02 9.901429099922161026e-01 8.844235571049265943e-01 8.413263090133802358e-01
