-3.326929721415505803e-01 1.235291455291864793e-02 6.233976113255701446e-01 -4.641617340878998466e-01 -1.640561179983432982e-01 4.174008475944905872e-01 4.766296207138254193e-01 -2.500517404451187975e-01
-9.949357836519683307e-01 -6.223217934743883184e-01 -9.815053113407556928e-01 2.149354157420664269e-01 9.639081803209539334e-01 -1.113885158872900405e-01 6.079467952909902717e-01 1.289040096648088607e-01
-9.804596344247817896e-01 7.006133448760170079e-01 -6.114296920477251263e-01 -9.283697425000818626e-01 -4.179492059709732921e-02 1.097473837174738343e-01 4.846094888117109534e-01 -6.308860201634314269e-01
-8.449449988232780040e-01 -7.479405909690854948e-01 9.407391381034575506e-01 -1.335781250365699613e-01 3.823011298266851821e-01 3.322072379348082194e-01 -3.919309434663615921e-01 -9.684962945677173529e-01
-1.365544342428104407e-02 7.202629894884382544e-01 1.933150105852243783e-01 -4.311295697419317285e-01 7.211195662056368860e-01 -9.931245325983324435e-01 8.920504527433672504e-01 -9.284638707439791805e-01
7.580845802813782619e-01 1.949356671568991395e-02 2.458762778151801776e-02 4.987213252369500083e-01 -3.208370559693036750e-01 8.626012732753780554e-01 4.597264328703558611e-01 4.761187799701378509e-01
-9.597784823911421626e-01 -3.348398573184576676e-01 9.644428343184456853e-01 -2.193849056891059579e-01 -7.008697210939778266e-01 -1.064805370451968880e-01 -5.150812418671479875e-01 -8.087196543892809508e-01
-3.827175285749762068e-02 9.764745341548839441e-01 -5.727099599566765065e-01 5.439534561553223124e-01 6.081981809956495955e-01 4.332057171734189360e-01 -4.585759506773090521e-01 -3.982776806787629020e-01
7.183228090344440098e-01 3.278416234023799891e-01 4.607597561802867503e-01 3.316373579228688584e-01 -5.599528300294107641e-01 -5.224996754298589785e-01 -1.537696214804171735e-01 -7.606073037157388139e-01
-2.196961635701630833e-01 -1.920502779129378279e-01 2.767583852529689192e-01 6.259964484657745132e-01 -4.977744479350902918e-01 8.886386166416289090e-01 2.067562389927970479e-01 -7.221202490664582196e-01
