5.575662748635104027e-01 -4.616147013303883995e-02 -1.325991637472030416e-01 -3.144292115113378472e-02 1.662894557181178179e-01 -4.262949170692476031e-03 4.795590268764113873e-01 6.411111122641850457e-01
9.422353855297547209e-01 3.905615100915296178e-01 -4.464502146969646645e-01 5.291871184441165887e-01 7.059305722161288710e-01 -4.610615790168770545e-02 5.144023874847920563e-01 -9.420151779690084659e-01
-5.243095765607779235e-01 9.038846432013780685e-02 4.328878901420765146e-01 5.234439579505956175e-02 7.227345628535131183e-01 4.881442674307128193e-01 -9.079022976791779609e-01 -9.908202899888978177e-01
-2.201707900540439411e-02 5.008139465367933418e-02 -6.572072426019717195e-01 -2.169779864748706544e-01 -7.869928984306269193e-01 -8.346488433765490988e-01 5.006853211450841279e-01 3.175899373895234579e-01
-4.408645122705803221e-01 -3.432930786116836774e-01 -8.117086963518926890e-01 4.361588811904422158e-01 -8.574686863396674408e-01 -7.412521510752907439e-01 -8.469386986604310330e-02 -7.686035471160104215e-01
-5.386684015344860299e-01 1.362581809246683484e-01 9.241129665254317338e-01 2.610573457260039199e-01 5.072674876127611920e-01 5.834652162316735780e-01 -9.170202771464914804e-01 -7.147712151349792098e-01
5.743712610369184901e-01 3.161731483202703252e-01 2.503316639208144068e-01 5.182448189881694312e-01 -6.977006456118284294e-01 -6.432354545689118464e-01 5.985344537278203259e-01 -6.597199231621737603e-01
-9.496496081016090329e-01 -5.381177476038443430e-01 -5.004629594527838510e-01 5.559886516826606506e-01 -2.131261507030690616e-02 -4.161060796000450868e-01 -8.454421656678623442e-02 1.435267520969307764e-01
6.302656104551240812e-01 -7.067928366068805257e-01 -4.467683946922855753e-01 -7.894129537442562405e-01 -9.706537529733556546e-01 4.365287314003507557e-01 -4.091774254227920071e-01 4.516109425164538393e-02
-2.602419245659293168e-02 -2.611127313375332104e-01 -2.876535994402105167e-01 -2.541371649734847082e-01 -2.785523727297238850e-01 7.445358230557752588e-01 2.038299362790780833e-01 4.012799790320182858e-01
