5.182784340333084216e-01 4.538379177081626192e-01 8.119769600559134659e-01 -2.733993096788904786e-01 -8.499496878605015127e-01 9.619809922261708390e-01 -4.427136762154071370e-01 -6.554094887671337855e-01
-8.712528176432083882e-01 5.945137446723480767e-01 1.279360293273787974e-01 2.474477409463240463e-01 -8.226778954473357164e-01 9.413877347820331920e-01 8.053817265738347775e-01 -1.038443489453038104e-01
1.521541912897683702e-01 -9.149591320165573194e-04 -6.916209949023381931e-01 3.712266827246164524e-01 -7.567503516562705812e-01 5.043077258792934003e-01 -4.099586001696113868e-01 6.361135886641871018e-01
1.991574577790697909e-01 -2.181545476667490213e-01 -2.148349376724725257e-01 1.266207577241924565e-01 4.165646686742325855e-01 -6.290733997094783980e-01 -4.123365151643541004e-01 -2.963334259609109456e-01
-1.806826763109450340e-01 3.455101466306162994e-01 -3.713170109386807471e-01 8.302574076717834650e-01 -9.383805102416002963e-01 3.446454739694027047e-02 -6.962460508640098134e-01 4.396898083550826453e-01
-5.383386760228694445e-01 1.665283771260275270e-01 -8.929852264379660731e-01 -2.026369986997647032e-01 -7.610492120691059181e-01 6.551104443400945776e-01 -7.557839008640174772e-01 -4.794609721391716040e-01
5.887595434830699137e-01 -4.713768878166058052e-02 -9.468448262182271868e-01 4.005860189872134658e-01 -2.376940742076343316e-01 -4.066545905189558052e-01 -8.802670542704020828e-01 3.981057641410092884e-01
-6.787161479691596888e-01 -7.726489108205771839e-01 1.527592999514406635e-01 7.935704244204622171e-02 -6.037873645725420069e-01 -7.708394720567774971e-01 -9.975756386766754247e-02 -3.678325057035447543e-02
1.452142795549302701e-01 7.348834309343128535e-01 3.627050161491309765e-01 7.410897674305665372e-01 1.868839339905981056e-02 -5.360689293119869081e-01 -1.986685873903297761e-01 -1.236086066557298135e-01
-2.436943055935385516e-01 -4.522068767104701070e-01 -5.554775738095152349e-03 -5.293927136065770256e-01 6.651173195542401384e-01 -6.327414209496740050e-01 2.575565126730223753e-01 -9.980906479453477420e-01
