4.131899277824733208e-01 -1.917335742479246985e-01 1.241899996065856104e-01 -2.535333098122960482e-01 -1.501318332142145273e-01 3.287548021648623031e-01 -5.858567701330357202e-01 -7.132261858329580484e-01
-4.116128243318160074e-01 5.297258217843343608e-01 6.235189115735204624e-01 -1.253396508130819598e-01 6.308575550611434934e-01 7.239708459069897906e-01 -3.380109892978240271e-01 -7.317314624095383468e-01
3.697606309586214390e-01 -2.092886052383646778e-01 -3.380606360329914128e-01 3.155836024016525077e-01 4.043475512984608944e-01 6.211837929539572034e-01 1.970367808958082279e-01 8.575034060176691675e-01
-6.020026820285011571e-01 -5.012865381268849507e-01 -2.663932146411713831e-01 -5.245442344181725502e-01 3.327910581729458528e-01 -7.675588875208028128e-02 2.777312724431013624e-01 -2.179827551910551442e-01
-2.830353794287565616e-01 -7.497051251380502102e-01 -4.843282098089225496e-01 -5.858847377105906862e-01 3.210424330505265988e-01 -1.073192693825553157e-02 6.467379784637494744e-02 -9.530099294259093412e-01
7.819525419222368434e-01 6.087424576552369349e-01 -1.812236384725260940e-01 3.235819772115597903e-01 6.916056075704419825e-01 8.131524799670715176e-01 -9.452237799186551381e-01 -3.817800922920338014e-01
8.291199031275902076e-01 -5.223566373709727095e-01 -9.859778163341608170e-01 6.806746812456303530e-01 -1.199999022140827432e-01 7.222248670738584675e-01 -5.270240887504460403e-01 -7.982619211649355506e-02
3.059945438265465611e-02 -1.304247124753969977e-01 1.053703606326437114e-01 -3.349328132028768223e-01 6.781206989202530622e-01 -8.295337356387304517e-01 -4.139017144649075330e-01 -7.674568436433335528e-01
3.614921488445257403e-01 8.334745505401413013e-01 -7.302080324744728568e-01 3.534316932617793672e-01 7.950050806953492533e-01 -7.145003148319011288e-01 5.071016377720165558e-01 -8.862013218680633297e-01
-3.288147685399580578e-01 9.522314189681706509e-01 -1.322626832732693991e-01 3.507730471742411815e-01 6.470971713700739425e-01 2.389646743345619218e-01 3.754064754413806160e-01 -1.620382005285803118e-02
