-7.246536113959540781e-01 -1.505605808501091492e-01 5.121023404726410266e-01 -3.660417463690390782e-01 9.544931535003060574e-01 -6.157041442743225179e-01 8.088779119104541060e-01 -3.228915256286502000e-02
-3.826080462911776170e-01 1.646349164275882071e-01 9.579956497519508396e-01 -1.474704789716674291e-02 -2.142101438921444334e-01 -9.705223512578549094e-01 -6.916774501105207307e-01 6.212751030199086255e-01
-8.159295334289502488e-01 3.996837643112405303e-02 -9.463680156044220748e-01 9.536011343107979599e-01 2.841690383163908429e-02 -9.862883374176023565e-02 -4.193543362705776101e-01 7.322412269094094039e-01
5.993043240080728751e-01 -3.796896938742821970e-01 -7.741086260685836606e-01 -6.951786006014810670e-01 6.418964001784832618e-01 3.640613954124087837e-01 4.956254724384407950e-01 -7.905252530584940818e-01
-1.263905252081818364e-01 4.817843606472314022e-01 6.852709874061397866e-01 -9.522453329755986573e-03 -2.945752660048799321e-01 -6.156048417517863136e-01 3.196003216339855513e-01 5.817237079362198582e-01
1.251192714983906384e-02 8.297765496358580073e-01 -6.502005710211697931e-01 -5.705238229349471890e-01 -6.916905140029283583e-01 2.662939013509280084e-01 7.171910310286986334e-01 -5.770955995926785320e-02
-6.309657377965558478e-01 3.198587788634084106e-01 -1.371041226861922091e-01 -7.922374161617538046e-01 6.882857166961442452e-01 -4.921484083423612876e-01 -9.460253964704201657e-01 -7.709136146204518258e-01
-1.256888740809594118e-01 -7.168569590134084013e-01 5.290653648533631959e-01 2.209306264601791359e-01 4.460517718082170902e-01 3.787595600111592908e-02 2.693086650728284681e-01 -1.738298113078859952e-01
-5.660073919560066891e-01 2.423281852013536852e-01 2.913098051014160195e-01 5.432185744129114369e-01 -9.424862715680395464e-01 -9.439190005326936195e-02 5.150247707841673073e-01 7.497257493045916821e-01
8.909460200027339294e-01 -6.226879049312918912e-01 -1.071596903999327832e-01 5.176841722297067516e-01 3.857223241568528138e-01 -3.266649742758755970e-01 4.396841430741966761e-01 -3.271029051114604513e-01
