6.288410057660125396e-01 -7.326328616663921878e-01 4.135235853393319783e-01 3.681497404483680125e-01 -7.337787729159910288e-01 1.194490281139937160e-01 -4.748277959157314321e-01 -1.073363703105896239e-01
-2.417245533809289082e-01 -6.750340162342292061e-01 8.495127299418947509e-02 -1.941547654759969710e-01 5.713662740130454054e-01 -5.909411425125401518e-01 -5.617396541428705259e-01 -8.591097406680814341e-01
-7.131349689608328379e-01 5.486591797458126862e-01 -6.681395868145645345e-01 7.889696895670443855e-01 -4.428928389802191390e-01 1.072842598584582419e-01 6.847610508393513484e-01 1.823993493986031389e-01
8.200774211082870746e-01 7.824214545371812601e-01 6.669806771918878052e-01 -3.468657351344877071e-01 7.850244973745976740e-01 9.933608332043213363e-01 4.556216619886710451e-01 9.122702262466171330e-01
-9.636927378612312189e-01 -5.601469162356700338e-01 3.441129373260505275e-01 9.897738605504546872e-01 -7.857161108858277121e-01 -3.322269477496586632e-03 6.357821842503372789e-01 6.294134397439810069e-01
-4.213837778659423883e-01 -2.922064554896366406e-01 2.834275648272435166e-01 -7.546955807871060795e-01 -7.806237769804600379e-01 -8.791268104610854284e-01 -3.371014966431074011e-01 4.782584409821728499e-01
-8.488198957799597544e-02 1.515049674658230927e-02 -9.539771462690189718e-01 -7.825400624458387355e-01 2.328947282291764509e-01 2.657820354426427834e-01 6.276199301486897753e-01 7.044511127313795029e-01
-1.826145496215088038e-01 -4.696367475988449947e-02 -3.777873530936481927e-01 2.373435357283855129e-01 9.212119731111332310e-01 3.661010741430816839e-01 -7.166986604961371743e-01 -2.825443144756492053e-01
6.049135395473896892e-01 -2.159481465957937552e-01 -1.200437952489703530e-01 9.499055484670706484e-01 3.380254567847453817e-01 6.549837609313129416e-01 -5.525759863655932413e-01 3.610686459345870958e-01
3.965892791728302669e-01 6.953355202223083786e-01 3.454893631988307234e-01 9.538147883925374160e-02 -8.715586069545484538e-01 5.539747302887283453e-01 9.871378575528395594e-01 -2.926405990499305609e-01
