-9.738841997487968083e-01 -3.922161555273526723e-01 -7.705380630148135346e-01 2.821229419302422325e-01 -6.962606338410426421e-01 3.342974377011103115e-01 -5.829753687549650287e-01 1.745993671093142297e-01
2.422184211494800010e-01 -8.638615393120430141e-02 6.115996635574516560e-01 -9.578168771413841931e-02 6.554810920311093803e-02 -3.574945048568900496e-01 9.152543123616709853e-01 -4.959627745475847505e-02
2.179429656923190795e-01 -8.478635170083479444e-01 3.506457042633814858e-01 -2.653738017195232946e-01 8.949400864036185510e-01 -1.242184438273348235e-01 -7.375379969434454619e-01 9.628595838192677281e-01
-1.290564354471299691e-01 -1.725711056818142186e-01 2.268428223115721565e-01 8.848827814180568740e-01 -1.328446324986820581e-01 3.711813399896088939e-01 6.831162679369384705e-01 2.778890943588203655e-01
4.279096918892602019e-01 6.184963646338714760e-02 7.913958891075476565e-01 -3.812074380322139078e-01 5.640286582528193371e-01 9.991834870995346396e-01 4.875285563810771716e-01 -4.054251110542361758e-02
2.948524916944439411e-01 -6.341902396453116264e-01 -3.154490314580737920e-01 -1.514375420137779038e-01 3.772707915607560469e-01 7.112200484719064519e-01 -3.130255009770646080e-01 6.391820072712324219e-01
8.078061376158547358e-01 -9.517649093559539253e-01 9.208536213841944651e-01 8.861173494310790044e-01 5.541980253641525245e-01 6.871253450563232779e-01 1.676478610450189421e-01 -8.106417285839149223e-01
4.231091889310958365e-01 -8.872805293464796073e-01 -7.520008765067653922e-01 5.976827890569704760e-01 -3.100322875170509196e-01 -1.889956762440114790e-01 -9.650639479278280142e-01 -3.759917469733766726e-01
8.413430892339099909e-01 -9.237473243820293334e-02 -6.900274812557900539e-01 -3.167050861243756454e-01 -2.913287894858773708e-01 5.427205088766113850e-01 -8.227917507132647135e-01 6.092573931311655588e-01
2.248359044516841099e-01 -8.087830381561289528e-01 5.205673894570046478e-01 2.886814857816026869e-01 9.353652372456506825e-01 -8.680370276130524587e-01 8.047519543179477708e-01 6.859452218563411030e-02
