1.857776878380217322e-01 -3.807266423962170077e-01 1.563124245148681535e-01 -7.706358282332306242e-01 5.544022486499375901e-01 7.573607468382821395e-01 -8.343271375494909492e-01 -5.755825530143288127e-02
-6.441623342921243278e-02 2.800292391816461279e-01 -1.938998547709576137e-01 9.049473467480764199e-01 -1.604117730355869575e-01 5.436952904681568999e-01 6.071523398801057514e-01 8.473932530468530899e-01
7.405547838660078153e-01 -6.998469086038774378e-01 3.869253466057260837e-01 -7.515127796718614750e-01 2.284127368693664728e-01 1.170378763709385428e-01 5.099273933321295527e-01 8.017395277958070388e-01
8.453051061330554283e-01 -2.583587156661915074e-01 2.377525741341353083e-01 5.964679898069289443e-01 -6.512873649684747246e-01 -7.434984486385591840e-01 8.694070628866708006e-01 3.842692990800651298e-01
1.851448543217486531e-01 -1.110880724091898308e-01 4.669854155566852683e-01 -7.445653021373817015e-01 7.061138051429853846e-01 5.866909454681001890e-01 4.666453250006110665e-01 -5.080268144878876679e-01
-2.517645460906388077e-01 8.808805351490145430e-01 -3.556577300555476828e-01 -7.099849038361871756e-02 9.172935011547604933e-01 -3.303065191475247353e-01 9.597641456167185225e-01 5.849003058823094570e-01
-1.480724536592390450e-01 -6.275040955268806897e-01 1.900930248236920583e-02 -8.576716951521801136e-01 -5.509535671314247374e-01 2.216978701738141488e-01 9.668550691079613735e-02 -2.151971622673316542e-01
3.172318029744791712e-01 3.471799256045602355e-01 -1.496601155074033240e-01 6.636616995872444136e-01 -3.451852451932169163e-01 6.223845020574725329e-01 8.643033490722789036e-01 -9.289534695938654885e-01
-2.580708391085584363e-01 -4.647304980187685342e-01 -6.916490692949068819e-01 -5.661545340250861980e-01 5.545416428709692980e-01 4.076136815892472676e-01 6.906374542322368804e-01 -5.896773345430195157e-02
-1.978581901826701461e-01 -9.516003925532323660e-01 8.544081409353021517e-01 8.728061336425345651e-01 -9.685784483159036728e-01 -4.884294696717375039e-01 -2.256758677102357336e-01 -2.737429241117339540e-01
