-8.611602316018509562e-01 -6.220314492568788101e-01 -3.546147848311687056e-01 -1.929118024600751102e-01 -5.493866993200700044e-01 8.135032133562249967e-01 -8.467267907079190081e-03 -8.364801029104862451e-02
-8.268760041100418068e-01 -5.796921744198739734e-01 -3.288635615063035811e-01 4.916909314480164550e-01 -9.238131377362086560e-01 -4.073292930003673540e-01 -6.104025077828745260e-01 5.289162034913867938e-01
-7.193241378243477868e-01 -5.356913018487619027e-01 8.912812304260113727e-01 7.796973934095776659e-01 -3.163301491610366334e-01 5.715111291674876970e-01 1.178939110167058768e-01 5.901197330102958549e-01
-1.641943713761917500e-01 -7.492827423639063511e-01 -4.527463886796125880e-01 -8.270669457259192114e-01 4.597646311795953178e-01 -7.053346929907964302e-01 3.568584003346548794e-01 -7.445786919699715067e-01
-8.209773254651859808e-01 -7.872357602380026798e-01 -7.954301174716731371e-01 -7.646674187013369206e-01 -3.945482124187691397e-01 6.932467119032474923e-01 -9.612799265261864345e-01 9.807237026611776987e-01
6.086854069501750342e-01 -1.384784487157775246e-02 -5.762101173258913356e-01 -4.245695000328095770e-01 9.279772766148153273e-02 -6.819238602924315718e-01 9.126417998738012294e-02 5.169507761690965708e-01
3.460237927565199545e-01 -3.845475305393453169e-02 6.359414858225127531e-01 3.627743423216098773e-01 -3.874354380473368220e-01 9.215222833818521586e-01 8.875908465145794235e-01 9.803300030469288551e-01
9.083528771078790420e-01 8.589066010398385131e-01 7.556207636088900781e-01 -5.658473379707691375e-01 -1.956955847212380473e-01 -5.212300190268979172e-01 -8.711996008240898703e-01 8.372166727645669049e-02
-3.916335584985899398e-01 8.232768710116338262e-01 -1.860203226591388148e-01 6.167583136572678537e-01 -3.884047202484861572e-01 8.259173666594361585e-01 3.373833590706625252e-01 -1.892754391336031183e-01
-9.965906440282537027e-01 5.231892008366454405e-01 9.617354561210600394e-01 -6.895883208024460309e-01 -6.337566886791343723e-01 9.923654219321709213e-02 -7.456413340798095923e-01 -9.005519618903610191e-01
