-4.305386432883506753e-01 7.332854492595763940e-01 5.817610235691108578e-01 -8.949125226378271680e-01 8.562447698057120693e-01 -8.806116441559015406e-01 -4.014156101146282296e-02 8.093103042204627950e-01
-2.218211827864571273e-01 2.020562554819504975e-02 -7.322638642062921921e-01 -6.350187378950904460e-01 4.740187709086618462e-01 -4.403791450719038991e-01 -1.568308290613016354e-01 2.861173201895435003e-01
-7.370437618860128381e-01 -1.874686275783992162e-01 -4.841868391510413261e-01 -4.881540750739099543e-02 2.124832971163834738e-01 -7.770038367143943248e-01 7.582657285903811051e-01 2.180297643082313996e-01
-4.197951911874562292e-01 7.295338663539718826e-01 3.649578701345317366e-01 -7.637059576005649220e-01 4.521092619740136875e-01 9.259765714073426857e-01 -6.492266218945377254e-01 -6.941236913054347202e-01
6.073382774562954278e-01 -4.674290985235727280e-01 6.886032956306979980e-01 4.922113617544199293e-01 -7.522241920403647253e-01 2.299803936145208283e-01 2.890519221322715993e-01 6.642848969952188654e-01
7.357398639409853391e-01 -4.778894548397571995e-02 6.740562140537407210e-01 6.483056772422819414e-01 -7.040736485517828935e-01 1.857514331877074820e-01 3.917349700283565550e-01 -7.845179615016946162e-01
-3.104829096204229089e-01 8.457273333872754595e-01 -3.260207211842380826e-01 -3.054165252530833818e-01 8.324248224824559728e-01 -7.422589725855426313e-01 5.828324510728239982e-01 -3.536880355631508710e-01
-3.244874033431495164e-01 8.366228737867613674e-01 4.427355996856796594e-02 -7.940789365389364640e-01 -2.802713171256727698e-01 -7.010387301180867059e-01 -5.591115577215028942e-01 2.155884509283498840e-01
-8.354205948435233786e-01 -2.430695051385269867e-01 4.563811255826741853e-01 9.059401143650249733e-01 3.903966563365701692e-01 1.165752134644633120e-01 -7.580601655274210593e-02 -3.173066612793731256e-01
8.844353220151366379e-01 -9.276594025777793462e-01 -9.295901563569017867e-01 1.075158592997613738e-01 9.655014957260033004e-01 7.232463624800424817e-01 1.467527641386994208e-01 -7.910377980585598934e-01
