7.534713033594166998e-01 -2.731403882610536904e-01 -2.706834818788996788e-01 5.291378894382834375e-01 1.669045889015143835e-01 -6.036259986695493573e-01 -3.137060805720011114e-01 -3.623985038352366406e-01
1.780358239165003020e-02 -2.609038774417842266e-01 5.510766996432492348e-02 5.676896957375676678e-02 1.174849271177720311e-01 -4.830635329590728944e-01 -9.115155913826922252e-01 4.136025283411077780e-01
-3.849725098603586915e-01 -2.581854155513056970e-01 -1.089910193810776917e-01 -1.276783601518109990e-01 -4.584742285724359157e-01 -8.247178249560049856e-01 8.529733390169980112e-02 7.031496032485315961e-01
-5.536237858589398986e-01 7.397616117456635720e-01 3.283097717039527019e-01 -6.142287307305152044e-01 8.548084557161299557e-01 -9.009186258619055199e-01 7.844072839802440633e-01 -2.024138489661564400e-02
-4.383981500802680564e-01 -1.169520196063205120e-01 6.921306742298143355e-01 -1.366444650554121676e-01 -3.546484657239783456e-01 4.594306799950973463e-01 -3.053185380628511414e-01 -7.125536643227476929e-01
-4.414173573346058532e-04 7.649306684378194277e-01 -6.420359996791844548e-01 -1.173621597886087553e-01 -8.896595904703996638e-02 5.759659247377839630e-01 -5.524205168841489488e-01 5.374870426289346526e-01
-4.396885353544921493e-01 8.896685420109640141e-02 7.361137705527653896e-01 3.459772813211325904e-02 -5.813967130116428628e-01 2.802527717171201527e-01 3.395224436215182884e-02 5.923238269191066774e-01
3.592854082664382886e-01 -5.977797445185653036e-01 -2.883084623413934011e-01 -5.360390573206397224e-01 6.487744424548582689e-01 -6.488255840843080158e-01 7.447607843361632174e-01 -2.180022062804398697e-01
-9.730073673175432258e-01 4.245764754495404691e-01 8.773074859846397011e-02 -6.774663742019986223e-01 8.263217920868148880e-01 -9.390525580661905902e-01 -4.694239399160489157e-01 -3.958821835023109692e-01
-3.946950371188999718e-01 5.973475251954121212e-01 7.792394976239689353e-01 8.585214629154678256e-01 3.233061123105644974e-01 -2.390820959764616838e-01 8.030152185310794888e-01 -1.271535004213080189e-01
