1.565660978354446176e-01 7.256517210688366859e-01 9.613233039500226340e-01 -1.269672671487698246e-01 1.258752146134523020e-01 -6.127204444385672133e-01 8.578899804163431231e-01 8.613996170977979983e-01
6.540831610277959562e-01 -4.229711977570771442e-01 -1.283634395414050555e-01 6.178242178461130774e-01 2.335548067675221606e-01 7.900171691300248433e-01 6.971118300875083218e-01 5.055057312687385451e-01
-1.339159916716556875e-01 -7.426655541217219714e-01 -3.760353344796800723e-01 2.148976616157201036e-01 5.932241240168978358e-01 -5.026301465400617730e-03 7.798339541224785787e-01 -6.762769150609724278e-01
-8.942246305220167280e-01 9.831450443827165486e-01 -3.084525544425240628e-01 9.765418032235122503e-01 -5.188366812837110764e-01 -2.559311183439163528e-01 -6.500282696466255228e-01 -8.221209483364664283e-01
-3.711051737810220352e-01 -5.790954751878507611e-01 -1.698250791595492526e-01 -5.905725452829857502e-01 6.773790146369622622e-01 1.504620177009976523e-01 6.325325216939290396e-01 -2.580420878015157182e-01
-1.647263756205756824e-01 8.976886253222966516e-01 8.826686422345300098e-01 -6.798429212240983954e-01 -5.538717281894149913e-01 2.733562366140589450e-01 8.072484783542324127e-01 2.468269193862515642e-01
-5.312067147913595022e-01 -3.572873008963086683e-01 -4.297347856812565592e-01 -6.455281643838526318e-01 -1.289401632162372469e-01 1.753167770225643185e-01 -7.916411486517516138e-01 -9.376481242559051577e-01
6.704279880988337492e-01 -6.060978970381369901e-01 -6.697006881658218447e-02 -5.761388963059828061e-01 -2.863373891159115558e-02 -2.194401956250124908e-01 4.124957475572053056e-01 -8.817658226992848292e-01
-3.601777619074748582e-01 -5.166857025130908720e-01 -9.854258939260029937e-01 9.467281619235312640e-01 5.636867576073580910e-01 -7.294160687911090957e-01 6.684498116585844141e-01 7.692834735416462788e-01
5.012647536493908262e-01 -7.076785938240799378e-01 -6.343901937016507286e-01 -9.711662951154040879e-01 -3.668773110041878560e-02 -6.457531814930250746e-01 -5.815127447439998321e-01 4.108594823514717387e-01
