-6.991758366761251509e-01 -7.859799871484276501e-01 -5.494553814308902329e-01 -6.713746245827247883e-01 3.209163050362981995e-01 -6.163580030564905776e-01 -1.295451115686994115e-01 -1.099782983819794779e-01
1.114526533027779820e-01 3.091613279852418739e-01 -7.264552193201174735e-01 9.676953261772707204e-01 -6.689233145358171040e-01 -4.846678847642311716e-01 6.677832369913736521e-01 7.161319507920782534e-01
-7.039393634048791704e-01 -2.552518327172803581e-01 7.346661126268820841e-01 1.328583683118540471e-01 -8.600325056101181254e-01 -9.675734920186616073e-01 -4.671501369279198457e-01 1.131808365324122878e-01
7.891233449329702054e-01 6.467355038234554598e-01 1.930922340418328442e-01 7.460707937360282482e-01 -5.742529473076536384e-01 3.722969326513212440e-01 -9.019481820887611523e-01 -4.527503508039918412e-01
-8.039546754545050522e-01 5.749897056695472131e-01 -8.372445351988129225e-01 3.067899647706653354e-01 -1.499657697683920432e-01 3.145105646862786930e-01 -6.548315116280181147e-01 3.265086159098313789e-01
3.725699017188499607e-01 6.503002576305170201e-01 5.361387494464031622e-01 -7.242644167635166053e-01 -4.360051553217796361e-01 -4.259821317273120300e-01 -8.123422163922369155e-01 -3.797709351908016284e-01
1.557030138081145765e-01 8.022878416477823293e-01 8.447059270017505117e-01 2.291167631920902892e-01 -4.786384913991370560e-02 -3.549425655088533915e-01 -5.702394806052299980e-01 8.034606978226308538e-01
-4.099674897469349766e-01 3.457282350868995380e-01 9.975300101223423255e-01 -1.900359954396557693e-01 5.649841404961206681e-01 -3.340133694220486227e-01 -9.519400851303714273e-01 8.486622277148940796e-01
-7.051981494517098881e-01 3.983745498701130039e-01 -5.895202673516739544e-01 8.024646287030772207e-01 -4.657679974075767948e-01 -9.769479743353801648e-01 -6.307855245716513792e-01 -2.586636986390407067e-01
-9.611787091247943060e-01 1.800788649610807202e-01 -6.759796512571902838e-02 -3.211886352733328565e-02 3.421251531223190590e-01 -2.032615551235350537e-03 3.760041621338152673e-01 -1.072025315135152201e-01
