-4.505459555142572459e-01 7.992815554805572376e-01 -9.470503073921747728e-01 2.892648766086134415e-01 -6.679221914891675382e-01 -6.439007405970593734e-01 -8.565672148548377773e-01 1.835899907631635131e-01
6.657850153810025429e-01 9.873432601175076151e-01 6.882715845122160392e-01 -8.273201025497765038e-01 2.964403156255472904e-01 -5.037121522209151436e-01 9.105352375067812254e-01 5.738328248789053010e-01
5.685938267752632669e-01 -5.445734695554209637e-01 -2.410536925011126375e-01 6.570258830678787909e-01 -4.042912925980912675e-02 4.865250686112403411e-01 -8.259803507830509872e-03 -4.917723305681871437e-01
6.189617829789628711e-01 6.431551631488505727e-01 8.881815157547656714e-01 -8.825568832868004865e-01 5.612960304401015676e-01 5.740445433151641907e-01 2.002760041959406045e-02 7.351017692316044183e-01
-8.061493537635249229e-01 8.271520051461795919e-01 -8.776711117578221977e-01 -1.337871992444008562e-01 6.678814415731579857e-01 4.639001643410738396e-01 -5.070347683322740107e-01 3.715341228946513752e-01
-7.637762049880527648e-01 2.704492719968589753e-01 1.684996845279251865e-01 2.007378359225353570e-02 8.217889742348423177e-01 9.468536827524485222e-01 -5.663505137718904958e-01 -9.477925325527558620e-02
2.721622260002662941e-01 -6.018588774615880599e-01 7.738389414373771924e-01 5.614520111818954717e-01 -5.232565528897017426e-01 -4.342335929854697074e-01 -2.576726892104563849e-01 -1.182541037462447875e-02
-7.225658157541097193e-01 3.461205236413145148e-01 8.040464668306008811e-01 -2.929530257138222016e-01 5.057711872893257965e-01 -5.737600978728514267e-01 3.859643083723325319e-01 -1.072904047146496787e-01
1.050160015936874025e-02 -1.799945955113992913e-01 -3.401450634095739556e-01 4.546406631058630410e-02 -5.981909149781650115e-02 -8.881418202356452518e-01 7.085444107856007090e-01 -5.615876617716240027e-01
1.454707059486661791e-01 1.659643283012224302e-01 6.607943596150487320e-01 -6.771284173487142066e-01 -1.656446494949068704e-01 3.959206713621301610e-01 1.792245536255836491e-01 -6.470840218489106732e-01
