7.893551519030752583e-01 -8.065182719057912841e-01 3.711847274807584807e-01 -6.426321671876316088e-01 -5.752735657316669915e-01 6.615011429058303971e-01 5.436100059212152225e-01 2.204310154965243296e-01
1.848118961781795022e-01 -8.652107057195466133e-01 9.158566173747768602e-01 9.253227384523836641e-01 7.804508084609154128e-01 -9.450363664069976188e-01 4.535074889272168175e-01 -2.695429203899903925e-01
-6.296530474094022001e-01 -8.468773530321676013e-01 -6.731106456691391404e-01 3.488078520988984188e-01 2.838025423691736826e-02 -4.690026669224425238e-01 -7.997311530857063033e-01 5.626718789692453093e-01
-8.451902167977205504e-01 -8.186678387235857279e-02 -3.463504276942526161e-01 -4.857298126484317358e-01 8.108330591752634930e-01 8.119584733375149188e-01 -9.444180114804670012e-01 -4.361633381125646913e-01
-1.548475086016458668e-01 -5.511165415155598879e-01 1.041659874881444292e-01 8.730428549195738963e-01 3.600610467513940538e-01 6.160193991137845604e-01 1.981285529574279280e-01 -5.314423692358349882e-01
5.768675483890091105e-01 5.675855065049961734e-01 8.820174041828228173e-01 4.065931723882749704e-01 -5.013204753147100234e-01 -4.191539695112120878e-01 3.775221730379656471e-01 -1.032330743633436132e-01
2.364583817463559168e-01 5.307204267158511790e-01 4.077522765153289708e-01 4.916357728638425240e-01 8.230829905888026321e-01 -4.390203492311872679e-02 9.601259090738571977e-01 -3.121985436768177635e-01
6.183380781989591402e-01 4.681973209497147792e-02 4.542907985742812293e-01 9.608457830375740638e-01 -4.639703095306801917e-01 -7.857615255731476012e-01 7.886002882533584835e-01 -7.652098611258524308e-01
-4.052407323428524055e-01 -4.365022188320728525e-01 -9.504913133639820710e-01 7.712820885250419867e-01 1.107395462962126320e-01 8.481295842211540315e-01 -7.720680521355420822e-01 -5.572576613815989344e-01
1.518274424727386052e-01 -7.670349697694185398e-01 3.020898349913030412e-01 6.449269232121870310e-01 9.596262488078834973e-01 9.334055886992256301e-01 -9.473283366599527522e-01 -7.052295182032344290e-01
