-7.997574746265123657e-02 -2.630762770780974424e-01 7.131086961433787952e-01 5.950752712713058834e-01 8.669168959634041549e-01 -2.084342817695126193e-01 -7.818772734834986693e-01 -5.626181327536339261e-01
-3.340163372851501222e-01 -2.213326357494922458e-01 -1.115787891631332407e-01 -8.101771669713910828e-01 -3.794066942180120972e-01 -8.196954702358949518e-01 -6.738223251883004306e-01 2.634788805278573953e-01
-1.320122850837393003e-01 -7.700766828857650292e-01 1.646497115181857485e-01 1.699549676998313164e-01 9.371302832759955681e-01 -4.389122459406749055e-01 -2.117652343068621157e-02 -3.318568979121558904e-01
-9.358783314895109395e-01 1.462663382629225683e-01 9.000464017612106460e-01 -7.092011521273042796e-01 1.812497748626009653e-01 5.377686605819174126e-01 -6.857967560269015994e-01 4.760645876731828263e-01
-2.931971642224329155e-01 -2.345541056906239596e-01 -2.433041342026727172e-01 8.439663582396310648e-01 1.354994761262930947e-01 -9.415970332957595001e-01 -4.043311209854136834e-01 -3.478832208139763793e-01
-9.153886678482150430e-01 9.564398558073894385e-01 2.762183515988572147e-01 3.545516692306687201e-01 9.315862217937347367e-01 -9.259285237419743186e-01 -7.752910007236419876e-01 7.863666741015151729e-02
-7.849029477487734496e-02 6.930523855106507369e-02 9.589153447006812936e-01 -7.745895668758524533e-01 7.634103670081837656e-02 -2.686909510960551195e-01 8.983985844034703128e-01 7.216964170583288762e-01
8.819654813845321240e-01 8.028272504951099453e-01 7.166678765485769986e-01 -4.174262536542034940e-01 -9.501758365296666398e-01 -4.470274555300517427e-01 -8.993289097673244914e-01 4.328056577539582950e-01
4.387926013654097623e-01 4.182742450178473792e-01 -2.345654898895399576e-02 1.257688088425363837e-01 9.468996869940207173e-01 2.631700489913690877e-01 -9.615472550623047621e-01 2.189625557016949831e-01
9.224217506267895494e-01 5.863852399262308168e-01 -5.170495658664548966e-01 1.524175046466806904e-01 -9.074650208459511536e-01 -2.398082727242292211e-01 -4.096503506523110349e-01 2.494471968872027379e-01
