-2.891863383731496651e-01 -8.721787419554805076e-02 7.149145827485687832e-01 2.082133582693805884e-01 5.539072606950055100e-01 -4.560088332755800611e-01 2.365031978130611723e-01 8.714438838929550180e-02
-8.248079275738329219e-01 7.690029525341204319e-01 -7.428235261756452879e-01 -3.183356390515375001e-01 -6.568545710640691926e-01 -5.842879823111200022e-01 -7.782467302728022229e-01 6.598519358669390211e-01
3.374916097909381740e-01 -4.810699218677543243e-01 2.398091083392868139e-01 -5.762682704665735844e-01 -9.668266711370308020e-01 -5.257734833279479325e-01 8.746960659354339196e-01 -2.835231655191254863e-01
-7.177775651188591510e-01 -1.141397923953215710e-01 7.109921712923090720e-01 3.971370651021741693e-01 2.572380312984057227e-01 -4.120783390660032186e-01 -5.813755218652196799e-01 6.563578298099792541e-01
-2.336828246445494806e-01 -1.610968363372553558e-01 -4.919356475513534388e-01 3.211602093853527240e-01 1.155476387738105792e-01 -8.632433185756440697e-01 -7.486091772159586544e-01 -8.755866093514406145e-01
-9.347943531003322093e-03 -1.590376436439706609e-01 -2.395691270946502804e-01 4.193189125701326514e-01 -5.079622193492887572e-01 8.285135802835714713e-01 -8.126323348844262107e-01 -4.983114301694706594e-01
-3.112846294468121222e-01 4.093517248050917434e-01 9.293523390838440701e-01 -4.268057421066964174e-01 -1.367020736397268621e-01 -1.104624748899176723e-01 -9.751525295531431325e-01 5.018810315059243354e-01
-5.596943494724324619e-01 2.011530930885672142e-01 -2.406423440528178137e-01 -2.885669846738621036e-01 9.039392533190315770e-01 -2.005591336187322327e-01 7.042286208739263476e-01 1.272701838964220844e-01
-8.824541542045019060e-01 8.020608245362801370e-01 9.068815133470546908e-01 -4.344944327134261375e-01 1.247500343930389999e-01 1.801086284156763195e-01 -9.956503029147147910e-01 -5.944059606535694318e-01
-7.408954589338372365e-01 -4.513548056139793374e-03 -2.834328610215339772e-01 -4.688319116709489531e-01 3.803044735464169435e-01 -3.381201396179214225e-01 9.267809521328440603e-01 -4.240723923024616315e-01
