8.884549659124374443e-02 -8.428862306167665963e-01 -1.752049023060595623e-01 -4.486064630927009134e-01 -2.452529754605703438e-01 -4.755085933585945224e-01 -6.296076773942596017e-01 -9.072165221980397209e-01
5.890521611784871325e-02 -4.573655882769507297e-01 -9.253056186437991215e-01 4.493358516155210314e-01 -3.784600248127705235e-01 5.229313233110317594e-01 1.906003551304398247e-01 3.112999114267744893e-02
7.993184942382882685e-01 -7.461265991922694241e-02 -4.432852096973449729e-01 3.692302190979694920e-01 -5.166731864002245267e-01 -4.851673847424091690e-01 1.714537888926228604e-01 -9.878598385233576806e-01
-8.052177761714081061e-01 4.267855847249273360e-01 -1.742215296089291154e-01 3.540772130083065239e-01 1.279360283467787518e-01 4.177371168188590556e-01 8.243772953694832317e-01 -1.879189477619225279e-02
-1.816797060020067800e-01 -5.966189122945968482e-01 7.594888617292696598e-01 9.382989632224369991e-02 -9.261319288668621308e-01 9.763502993672650287e-01 -5.273544109649397349e-02 -4.202698180463069200e-01
-6.377206335903993217e-01 5.985423070528788081e-01 2.797472772191511581e-02 -1.195910033570397601e-01 8.395909593058832332e-01 1.039048606355605919e-01 -3.110890025828361161e-01 3.659615533423483669e-01
4.071084345145838945e-01 3.991200331490356579e-01 6.548875281718331554e-01 -9.301609891956224008e-01 -1.267587580737241648e-01 4.179863740372913306e-02 4.068663216579522235e-01 8.252062695916817514e-01
7.909413947804362355e-01 6.773527934437040265e-01 4.549975150296923232e-01 2.118599120432731464e-01 8.848228856841540146e-01 3.589528852907617473e-01 6.241817253613084482e-01 5.830078708960328981e-02
9.998615119302358689e-01 1.699340675953098234e-02 4.204871445391293872e-01 9.533075380199496074e-01 -7.073985430235529837e-01 -8.390901756816748769e-01 -8.003234474427951550e-01 -2.037950883907984068e-01
9.491124499294856243e-01 7.074924646734732647e-01 2.560471961529375839e-01 -7.945028718979108007e-01 6.934962568463862720e-01 -4.413176393441293754e-01 -2.870307104724882930e-01 -7.453913374822980220e-01
