-5.658765749385512578e-01 1.071699457305332892e-01 -8.729305585188329442e-01 1.604438388268025761e-02 -2.164917586422088203e-01 8.677351333094214247e-01 8.049050697689057454e-01 2.063890789866154041e-01
2.844103262760617756e-01 4.753856180412072696e-01 -7.780522682051629335e-01 5.637015644995810870e-01 1.473297150531318600e-01 1.402257348891378097e-01 -9.208170445604064724e-01 -7.150200286295562702e-01
7.863946446838576687e-01 7.611624987306087053e-01 -1.058191104407191219e-03 7.286015972350547987e-01 4.571065119092609930e-01 -2.459314822084759378e-01 3.610859850006287175e-01 -6.699319870406534871e-01
3.856145583298096202e-01 2.523268704959520381e-01 -7.637896956773440049e-01 9.845220338902391788e-01 -8.862055549225618112e-01 9.349609140929864282e-01 9.920742172378171908e-02 3.415962257137472591e-02
-6.153747612050861626e-01 8.928980387104521466e-01 -6.048665568874833642e-01 -4.771994767146532368e-01 -5.933445000445227713e-01 -1.365835784838889122e-01 -5.731153324603663890e-01 9.093839794690183886e-02
-7.842161474412618904e-01 -9.845373005391522270e-02 8.791013811564116764e-01 -2.110513953387325170e-01 -9.982702440641137986e-01 1.331447343091358704e-01 4.300407128090695252e-01 5.618813083895268790e-01
-4.667354786351449736e-01 7.902380874123227095e-02 -9.161738640665937350e-01 -8.148133178389911357e-01 -4.343961770130320144e-01 -3.963572842938558605e-01 -7.937319313102346729e-01 -7.626231244992893732e-01
-7.219791030850220004e-02 -5.629640372087991729e-01 -4.011442227399841798e-01 5.238929187358234429e-01 -5.349732777824018903e-01 -4.754095917858087716e-01 3.885524386212257930e-01 -8.381099057519723061e-01
-4.424950216710099582e-01 -3.354514493312077406e-01 -1.122353571899725733e-01 6.816852477841766067e-01 2.556426330320482609e-01 8.133105102231470429e-01 -6.453878069898228986e-01 2.774126327707211459e-01
9.476192552636004685e-01 -6.399346631611204650e-01 -9.710062841695954461e-03 2.820212087317741645e-01 -4.254664918556285702e-01 3.595116136399070239e-01 5.875876041728664845e-01 7.086340573199472193e-01
