5.180163895786731310e-01 -8.458112514173106167e-01 -5.960085245922781549e-01 1.819427193540670284e-01 -2.636170213895245862e-01 -5.409295144911152597e-01 -4.320790456967498194e-01 4.662910318802504506e-02
-9.152391502104491039e-01 -5.875702503738680083e-01 -6.469823959751128672e-01 -5.867382362184707656e-01 -4.265601082073746664e-01 -2.167125921160319990e-01 -6.854848784516796023e-01 2.003712501511145661e-01
-7.498306822353069112e-01 -8.045271149764017249e-01 3.483072981627401976e-01 9.685324361791369796e-02 2.059399167985909163e-01 -5.469097626168979431e-01 7.154286623488026464e-01 9.181649843516255238e-01
-9.351980800669634775e-02 7.844019916387994229e-01 4.923752594197636778e-01 -1.485788985420695152e-01 -7.208591613176971169e-01 -7.879057537226252794e-01 9.190296622012470440e-01 5.340608598369238624e-01
4.125864217540582413e-01 -7.901216707087088675e-01 8.872034829996466865e-01 -8.952823489373493704e-01 -2.656379800164068161e-01 -3.043503255337789426e-01 5.603986111083107957e-01 3.212061381565949336e-01
8.885080844789576826e-01 2.129388502464093502e-01 7.131863483832814321e-01 1.373989272115292426e-01 -1.944335354473900601e-01 5.321428103060334980e-01 6.261307290694477778e-01 -1.601536279509685468e-01
-2.736080822195969819e-01 9.765809164216521232e-01 -2.321749134192048203e-01 1.832305970789112060e-01 4.281243716736047311e-01 -3.797777219362474810e-01 -9.318454674868839049e-01 -6.903513384550830079e-01
-6.557322093318842526e-01 2.184740027232932036e-01 -3.074066183786827722e-01 4.497836784023909740e-01 1.871503212008507333e-02 2.739251986519710691e-01 -6.649084290945774800e-01 -3.369167128841425995e-01
-2.637374114084909404e-01 -6.302744272398002057e-01 -7.065253515978051624e-01 -6.314917768201995241e-01 -2.618227089894942239e-02 -6.070846331223609393e-01 -3.558555317889844360e-02 3.700264782578408518e-01
-4.573009490025226054e-01 -8.181330097452126360e-01 -4.379979514804217544e-01 -4.508421007085443577e-01 6.008313595072893865e-01 -1.119473859037503072e-01 5.657433897752497387e-01 3.009170620273398100e-01
