5.270460437555493094e-01 7.238827500880999910e-01 3.023436483102026617e-01 2.382202914114901482e-01 -9.748749185269327544e-01 4.510527425067283325e-01 -2.879022223267986291e-01 -7.846844512733310850e-01
-5.394222382243496483e-02 -5.760247574345267463e-01 2.392089741193925700e-01 -6.694379721174910092e-01 3.764637909305368346e-01 -4.527741972994105968e-01 -8.079971834436932010e-01 1.899356746817788544e-01
8.031638069397553092e-01 1.924501014452997261e-01 -4.166358017188558360e-01 -3.097625021064951412e-01 -3.715603681093557764e-01 -9.461344065999162112e-01 -5.158366326098984267e-01 9.270065026247975570e-01
-6.705237820243654667e-01 -7.051626437784141999e-01 4.972746300095414185e-01 -4.571746897088615480e-01 -1.882912925615733979e-01 8.153677833027903610e-01 8.792910929821542432e-01 -9.434870670356065858e-02
-9.507652146474021571e-02 -5.993467750285863538e-02 8.723611259045005450e-01 5.971514321304947082e-01 -7.575685277441248644e-01 7.868264473342729826e-01 -8.814933252210055414e-01 2.968087320670644846e-01
-1.907695049868451953e-01 9.170296148021250815e-02 5.839488192247443976e-02 2.558236651938772255e-01 -5.800028163115240609e-01 1.477000743392198334e-01 -3.265414198938276780e-01 3.361992444039567651e-01
3.268459768793983145e-01 -7.802495064851500128e-01 -8.237930135697568712e-01 6.507073625396064820e-01 -7.572356254761958283e-01 -6.028161879136346712e-01 6.041518168389941046e-01 -7.074538153654024164e-01
-6.223614965807473531e-01 -2.038786127295455497e-01 -7.016842219790999646e-01 4.248886954988411180e-01 -2.294271555789682004e-01 7.922198733917980018e-01 -8.745199869460917874e-02 1.050871247986278068e-01
-2.446976567639049804e-01 4.967990872542449310e-01 5.065165077183977349e-01 1.932743217891657039e-01 8.727850619754322636e-01 -6.046381538341338846e-02 -5.205242445831081977e-01 -5.485688170699505317e-01
-8.844366015400773051e-01 -2.610517991720364694e-01 9.414240189775313628e-01 -9.580359694556588313e-01 -6.843231021134932313e-02 2.473210452529293057e-01 8.381024855590035738e-01 1.958085392089194965e-01
