2.098986545899517164e-01 4.265050013110329719e-01 1.614817222179925071e-01 4.852382254469438383e-01 -2.493695110485916189e-02 2.213968557394518921e-01 -7.979818102343085862e-01 -7.558861958941571757e-01
2.345384554897913532e-01 -3.168094954699121057e-01 -1.678935451133669599e-01 4.978836243488964364e-01 5.877631756274324104e-01 -5.646825468789373748e-01 -7.181755744522622109e-02 -2.625876332148557868e-01
-6.458258385255875034e-01 -1.188207072093521166e-01 9.241350908479948334e-01 -1.324201657993557824e-01 -3.930539127538266175e-01 4.284127890207545253e-01 8.427142486072600747e-01 -1.583474349384796920e-01
9.088339716498772258e-01 4.665193220649892503e-01 -7.864418780126181119e-01 5.106032075195314768e-01 9.708855698029681403e-01 9.932869311914349630e-02 2.065934921724990048e-01 1.092384900045593188e-01
2.472241772135888027e-01 -3.810800081488867619e-01 8.825725923076530588e-01 -8.511494689505714195e-01 -3.120056044147911933e-01 9.827116861579141549e-01 -4.747253564455444774e-01 -9.090313947036443576e-01
-1.790906074583382690e-01 8.229009824074591251e-01 7.362853596897256381e-02 2.383271995755902317e-01 3.950552747992881475e-01 -4.729935316040028148e-01 -1.258647126445866515e-01 -7.598804693506511221e-02
8.002238961486485280e-01 5.350261117243235720e-01 -2.570799272786274958e-01 8.806953680903941706e-01 -7.183459489810157805e-01 -5.359144091037459923e-02 -4.272636234125315458e-01 -1.068192773262228723e-01
3.004278161809590397e-01 9.337290722137330246e-01 7.802535487475492637e-02 2.316898924702157636e-01 6.791852419823385389e-02 -7.290585296703671059e-01 8.503053677380210118e-01 7.818307152456558384e-01
-6.287059384775472992e-01 9.045919938346491662e-02 8.057063922867808703e-01 9.844488525746641905e-01 7.646959915527600238e-01 -3.740902634100546909e-01 -4.775651162383944826e-01 -1.700608830160847962e-01
3.857811983364480835e-01 5.582996220868245985e-01 9.091941773051799291e-01 -1.767051065354405814e-01 5.849277084955069039e-01 7.315581576707399503e-01 9.571202240328562372e-01 -4.294599745726654927e-01
