-4.802012525802390464e-02 3.233926203755870254e-01 -2.768338946616752949e-01 -7.452987660963024119e-01 -4.326869243825723910e-01 1.114634330775110538e-01 4.125605606937676750e-01 -4.260193887911589705e-02
1.589269436321936180e-01 3.881687323146632007e-01 1.446097999261641842e-01 2.017797800348113402e-01 9.145583554237088908e-01 5.711002532165907475e-01 4.544821870861071034e-02 -7.836960222850573032e-01
9.282968163063476386e-01 5.072963405641253143e-01 -2.272005030127497438e-01 -5.796604638773790175e-01 -8.198106512956151448e-01 5.643929377969396644e-01 1.864523556314137132e-01 -9.193175078006470269e-01
2.282000312434826483e-01 5.372671962053914285e-01 7.235994416626523318e-01 9.897770736209068332e-01 -9.386481738680532150e-01 4.522820167676462333e-01 4.139722536678385190e-01 6.391032417593505155e-01
-9.604090193723646696e-01 -7.521385326428531304e-01 -6.050277401718608949e-01 -5.236828706124763144e-01 -8.477245394625709807e-01 -3.819978049414620713e-01 2.838022398043547057e-01 3.699835585286659345e-02
5.490070561510254077e-01 -9.431475372764268617e-01 2.115305803950353614e-01 -9.041676974516232868e-01 -1.849594096154643097e-01 -6.318995258018056393e-01 3.052700779637818052e-01 -3.873684475541430139e-01
4.852975940853121450e-02 6.792912696758901525e-01 -7.403121559508019089e-01 2.669057460755857036e-01 -9.302494146020909849e-01 -3.826871842727526118e-01 -1.094122205916423507e-01 1.437007427109242563e-01
8.292554633680997433e-01 -7.870930066979016093e-01 -5.088828051873592884e-01 -6.328102278931535540e-01 -4.281691759216672555e-01 3.869867291814574894e-01 9.163915476717858777e-01 -2.436704181261692970e-01
-9.670635744791256094e-01 8.184963918993604093e-01 9.961764701888407014e-01 9.212089035217179145e-01 5.993759950722044039e-04 4.790774905537849016e-01 -7.337829014322703181e-01 -6.442582910954814945e-01
4.856352255319018596e-01 1.684184367750312106e-01 -8.932076439705425308e-01 -6.051134997177836095e-01 3.036277072805659838e-01 -4.810227549991845652e-01 6.963385534961037404e-01 2.860396508674234450e-01
