6.775730499285119723e-01 7.139571355180858170e-01 2.020895151895090169e-01 -6.627351673527113185e-01 6.418579348637507564e-01 -3.147215458642538266e-01 2.676855542418339340e-01 9.437883209836415155e-01
6.654419150305421748e-01 -2.213569192075093284e-01 -9.895480310690119019e-02 2.334220564022531086e-01 5.344856118601906125e-01 -7.342958580577754191e-01 2.286294541511812994e-02 7.910733025553533526e-01
6.445178704285692284e-01 3.760310126889423454e-01 -7.635982504416276573e-01 6.603708086919772846e-01 -7.736198398599754000e-01 6.802556316773624712e-01 -8.062602097653657207e-01 5.252580314749848434e-01
7.310232864004444497e-01 -3.468840587927604080e-01 8.338828465950856028e-01 5.626729821066269732e-01 -2.229432152771311237e-01 -2.912144091230555176e-01 8.014125128188218650e-01 -8.944900866016245455e-01
-8.268670948227003770e-01 5.323332693158799866e-01 -9.128977394630508613e-01 -1.605107781855388271e-01 1.265874871355101572e-01 1.334347171479492999e-01 7.083561622135083891e-01 -4.267328276126725051e-02
1.499329363556227701e-01 7.336127328532822123e-01 -3.507381249126828582e-01 1.120138861844164335e-01 7.284833682747149375e-01 5.292613591138517481e-01 -6.247720778360033034e-01 -2.059039913779603381e-01
9.092745062957101609e-01 -7.135989337287340639e-02 -9.413171295891202828e-01 4.653689945438896913e-01 2.586115362007694873e-01 4.181696291722918346e-01 -9.692854273730966419e-01 -4.377353738028826324e-01
-7.597994296754577714e-01 -5.783677792218433478e-01 8.176785297752695580e-01 5.153271120547469053e-01 -7.712764509073486430e-01 -8.846822286574997918e-01 -9.437073054846196740e-01 -7.835798139391654260e-01
-3.379928880335567598e-01 8.382492955269897905e-01 8.007659425390829533e-01 3.694488412555196888e-02 2.528746017031886506e-01 9.662795341068131094e-01 -6.531946689956402707e-01 -3.479567167158852392e-01
9.900880334221575652e-01 -8.034081099628138656e-01 -9.612936942345666758e-01 -1.262642423838378214e-01 -1.341728119500191774e-01 5.844710400352035595e-01 -7.030339357961423730e-01 -1.491289270261237920e-01
