-5.397242464779998805e-01 4.681202073049213208e-01 -4.837589720130930360e-02 -2.893207524481700155e-01 -8.541051273980684311e-01 1.618089198415770813e-01 2.482694086840850911e-01 -9.316423439934582440e-01
9.091295778643764258e-01 -2.068626395958008679e-01 -8.862746774042618014e-01 -9.459674027524000994e-01 -8.730010440901849744e-01 3.848455794729876978e-02 -1.686721664179668956e-02 3.206897607729812805e-01
5.927404452873057394e-01 -7.712429213403937389e-01 -9.924811552547361249e-01 -8.756524504022173971e-01 -5.946372439324556503e-01 8.504404743567521852e-01 -9.341138672763893425e-02 5.006145845716221121e-01
2.458300549384833111e-01 -3.010114028927417529e-01 3.092935409247736800e-01 4.187167955838244637e-01 -6.255772687690652756e-01 -9.165483440381891889e-01 2.214562051125323894e-01 -8.972626080560721640e-01
9.299799803522508235e-01 4.464266287317062432e-01 8.072884996015345926e-01 -6.598465970187128438e-01 -2.226104572252858294e-01 5.006306772301609698e-01 9.757634781286821379e-01 2.081769497401715352e-01
4.921443027559697647e-01 -3.795977196560844646e-01 4.295279925781398944e-01 -6.242025577637417832e-01 -6.897204898165387732e-01 4.217001287746660054e-01 6.694672550684166445e-01 1.783971460103399576e-01
-7.425643754977999667e-01 -2.489212221480805454e-01 4.169715064921497572e-02 5.021528544528321980e-01 2.371883410976489692e-01 -6.266455095699545730e-01 1.537230238236737545e-01 9.489998233539351791e-01
2.466672487860188667e-02 2.553550610358759076e-01 -5.254737862952330030e-01 -9.724468974540625421e-01 9.075454861207934432e-01 -6.472191815710051088e-01 -9.510782262814594379e-01 8.205917095107317927e-01
-8.097373139412005205e-01 6.862951117358779829e-01 -9.571983215219488361e-01 -5.230021531692334857e-01 6.431683907277851997e-01 -4.643270760020534738e-02 -7.374157981136200135e-01 -9.182018428937426258e-01
-9.854210644365080096e-01 7.029940777945651309e-01 -1.820241917045584135e-01 -8.919200143244803147e-01 -5.052249940800062067e-01 -7.389154701751108334e-01 9.079725300014578337e-01 4.441732947236725071e-01
