2.619633163874588444e-01 -2.896078140419706681e-01 -7.936248322331822536e-01 -9.845138862202795771e-02 -4.835379406272437564e-01 8.467043907957536586e-01 5.781274142293721940e-01 3.709320746058952789e-01
7.387778103710820332e-01 -4.165715069153912431e-01 1.667446473617217872e-01 9.002994089968650027e-01 -9.070235656061809149e-01 -8.191844477494398813e-01 -6.444241161212023172e-01 9.010100824818199072e-01
-7.532296808800760246e-01 1.474720000483880078e-01 -7.034990402382823582e-02 -4.712811842286896979e-01 -1.849112226667104508e-01 -7.447045780073209276e-01 -7.635418208486883795e-01 -3.614043171736525117e-02
-3.245437254176217756e-01 3.890297237467525981e-01 -8.196965397413016330e-01 -9.943747335805122045e-01 4.468541270487240702e-01 -5.895237470811305336e-01 -9.422216741321844946e-01 -2.541297425880242322e-01
-1.844720416316736333e-02 -3.698775644122027639e-01 -4.798745940782911390e-01 6.951866152055037329e-01 -1.964974976481173030e-01 8.476682145413185765e-01 6.765682478257877275e-01 9.257437441080280660e-01
5.999812644873092626e-01 -1.463543065198045223e-01 9.271196287058820484e-01 5.877390097030812388e-01 -7.087658217122894122e-02 9.859945479381362343e-01 8.161578851678097379e-01 -9.064221761294577462e-01
9.702007104195020659e-02 -5.857983628688863131e-01 4.104297795522973136e-01 7.116577786569908692e-01 -3.481627260077546637e-01 -9.297304275304669741e-01 -4.943843604370385947e-01 1.273332503517421443e-02
-3.921007375671115014e-02 3.411861916530030125e-01 -8.966806795601534041e-02 4.916253826820797812e-01 -4.189001518698916016e-01 -7.009628616438674520e-01 6.895837174994197127e-01 -5.427238285966848874e-01
6.611503205360422797e-01 -9.370605587078810750e-01 7.696156568485956750e-01 -8.862164741319955574e-02 5.669572178651280936e-01 1.990212032052014468e-01 2.018757323967019790e-01 -9.359186037159605842e-01
9.987568784481801742e-01 -4.007038442597103955e-01 6.785179010974817793e-02 -1.840728404928413386e-01 9.300562411254762463e-01 -4.143084390467111078e-02 -5.777087822264688199e-01 4.695067457033803571e-01
