-9.695322850751406651e-01 -4.656037955550833551e-01 7.063133337806912770e-01 -9.018894622970035080e-01 1.257944553153600431e-02 2.375368541883171591e-01 3.710111572178320660e-01 5.208727580595136075e-01
-3.192833418292544412e-01 -1.105220664865631530e-01 -9.800357635302627823e-01 -7.465391955822577863e-01 -3.645686676083192967e-01 -5.896687876005435314e-01 2.118430496778409555e-01 4.039590539057154039e-01
-2.414432217220605636e-01 2.934885214694489264e-01 9.009998707558841691e-01 8.589883606189507859e-03 -1.458460478026462059e-01 -7.001578244108155324e-01 -4.859188200891007003e-01 1.450195280436505918e-02
3.804612423685358458e-01 -6.550463603924128186e-01 -3.649175940782676264e-01 -2.028972577108989483e-02 1.920387426625562721e-01 6.789408776984020566e-01 -3.072407127782073033e-02 -8.541229641066268030e-01
4.408621475528924361e-01 -5.644252238693279189e-01 1.169001454349971603e-02 6.473246553837452844e-02 -1.000990757562090216e-01 -6.319761951993236870e-01 -9.026463656607113251e-01 -4.447400484437762369e-01
-5.601733694488708615e-01 -9.085210989666623327e-01 3.426254185844284095e-01 -2.766130545118634654e-01 3.223369371133157912e-01 4.203735133872301688e-01 9.991570019107964828e-01 -6.122007017781618821e-01
9.360608195281383548e-01 8.145115106737506050e-01 7.311806661043771527e-01 3.536097490229705986e-01 -5.913515745916475552e-02 -9.612983096404792427e-02 5.826891241568898927e-01 -1.956828275286992547e-01
-5.199016130407603242e-01 3.942343756965360768e-02 3.974518682398142655e-01 6.450115371481508486e-01 -2.686098004089592095e-01 -5.499820745977028746e-01 -9.182054982511189678e-01 1.483607934925372795e-01
9.936387685405891901e-01 1.428968595336561620e-01 -9.448921891759518576e-01 -9.968965203605824055e-01 -9.552746979374404646e-01 -4.244739476495817954e-01 -3.986515976041316023e-02 4.490059253572964426e-01
7.676915518371454361e-01 -9.630124242756412656e-01 -3.406377528434585411e-01 5.954189018509266074e-01 -9.938771405150987892e-01 6.601748153097728444e-01 -2.736771426752304670e-01 1.850804289196767982e-01
