-2.573228786816201819e-01 -5.004887831857132152e-01 -5.029637455294866388e-01 -6.083029065162566251e-01 6.409035274883123634e-03 2.015042986341057940e-01 3.939259891223501064e-01 -8.865071077042405712e-01
-2.560195652530110610e-01 7.301231600329949334e-01 -4.697161956033906183e-01 -4.229990379171737480e-01 8.931902083273022264e-01 4.438119181931843293e-01 8.036765293829697399e-01 -8.982986374301042964e-01
1.168643184817470537e-01 8.986388435414700560e-01 8.420590615735161766e-01 -7.895539749407674002e-01 -2.800873508718002558e-01 -9.248470432499587002e-01 -1.418260710695447013e-01 8.673284604815010290e-01
9.338021077194991193e-01 2.212708578387547753e-01 -4.546732595686511225e-01 2.639513193245361933e-01 6.272659915921556806e-01 9.407368137042753098e-01 -6.315331183164063500e-01 -4.608436942814539972e-01
-2.585824004453662894e-01 -2.650317620390840734e-01 -9.999066292545775170e-01 -4.155921627653660355e-01 7.448701322364743582e-01 -4.181540760834470127e-01 -8.933850513337966426e-01 -5.769207693584572638e-01
-4.431113169429845566e-01 -8.517158892035614492e-01 1.359644401232797950e-01 1.943800358498033454e-01 1.320987739564887242e-01 -3.231445193910826852e-01 3.643623908984536808e-01 -8.204378624583761326e-01
7.737768399989259915e-01 -7.281404106331632597e-01 5.212678763648630476e-01 -7.438426226406411601e-01 4.122178331057892997e-01 -3.032359673649556164e-01 -9.352099082170943767e-01 1.732559350435620704e-01
8.941244114215418648e-01 -3.808044759639157562e-01 6.677380785601578772e-01 -5.340367272087194195e-01 7.119224789697919942e-01 -5.834975552837715629e-01 -7.426444125209701319e-01 -1.300103258484115454e-01
-5.064075597044535026e-01 4.401725412778147994e-01 -4.724253561839224513e-01 8.772482770332838964e-01 1.211600016936065227e-01 9.568644571441680124e-01 9.446178724885643252e-01 2.556694697736996424e-01
1.212681975119742628e-01 4.274774504565215238e-02 -8.265656824236427003e-01 -1.582206494989937262e-01 1.074031158756929560e-01 8.056933370602490374e-01 -3.543740350132709160e-01 -7.291204196610143740e-01
