9.834474828785688683e-01 3.939193658407869059e-02 7.171914851819496395e-01 -8.749988407257227596e-01 5.839982313651574941e-01 -3.263180877623612641e-01 -8.231965334985649196e-01 -7.039375592153973571e-02
2.000839382877097616e-01 2.568337140737653179e-02 4.332785189501620060e-02 8.153374507004604865e-01 -6.341568482177994959e-01 4.231211148047067105e-01 -1.840260882814304111e-03 -3.011167486475421207e-01
-7.756513318814395319e-02 -2.413657408288896189e-01 -9.354327811769016510e-01 -5.719805682000855818e-01 7.516178766581209647e-01 1.745952051560795137e-01 3.145066056229812723e-01 -5.431267648301632001e-01
5.993332257145660424e-01 -8.223602711931787823e-01 -6.161102828530049536e-01 -7.578846846528555226e-01 1.162660151523722263e-01 7.061813380636223769e-01 9.894792954251310224e-01 5.183242909055467695e-01
-8.647422032057574537e-01 -3.084796924254433748e-01 1.262228179659934391e-01 4.169681247665244506e-01 3.513875750007131593e-01 5.473935924211954518e-01 1.737875669359665309e-01 -2.366240262208458844e-01
8.692271637402189111e-01 -7.494085503525154124e-01 3.268624901069423494e-01 4.028061988557851691e-02 -8.772909086798403866e-01 -7.458321922668300630e-01 -3.009100350403803859e-03 7.658121161321400638e-01
-9.718070158539018344e-01 5.830353326946564607e-01 -4.722926548107646560e-01 7.823863541633861995e-01 -8.591020531827657791e-01 -7.296516505750205717e-02 7.528011678480228674e-01 -1.438363845044701161e-01
8.052030787232420384e-01 -6.064725500919601053e-01 1.802242326767113934e-01 -9.134657238834196225e-01 -3.145382801123941530e-01 1.026092004137801883e-01 1.881529982875671525e-01 6.063822522099537871e-01
-3.228070414586996506e-01 -6.982705419435402128e-01 -1.854289205333252699e-01 -9.877266472365102690e-01 1.956695310728979731e-01 -3.559854246726190663e-01 -8.211742818198961569e-01 1.837130950520384776e-01
7.069457451839040729e-01 2.365599581083346337e-01 -4.664831938774016695e-01 6.446406494442442625e-01 6.820382030877574220e-01 -9.396740312550397878e-01 -3.403962574905115002e-01 8.507805872942044711e-01
