7.071988358488605630e-01 8.001350144904604278e-01 6.871509491429805827e-02 -3.035910930132730279e-01 5.745320317422688561e-01 -9.909402105182161247e-01 8.538288756205332231e-01 -1.303513147128667615e-01
-2.956473100491805450e-01 -2.162100350801521298e-01 2.937979772597751893e-01 -4.486559462593699976e-01 9.654361707937857418e-01 2.176320939950948663e-01 -1.688245278136055738e-01 -7.785143871517579139e-01
-3.961654578528561732e-01 3.722635152137450110e-01 4.140087463841095605e-01 -3.401150646477764106e-01 4.651864350240537682e-01 8.434670416276597305e-01 6.531922167265011847e-01 -3.732136643359551531e-01
-7.208933854942745079e-01 1.740392406099859901e-01 -2.434091372680868837e-02 1.382091793633302146e-01 1.773952675318903882e-01 -6.470143607437184308e-01 5.178682674612005155e-01 6.778092748617514651e-01
8.357238855355868523e-01 7.423617532592439172e-01 8.455295429198890211e-01 -9.694397713173279474e-01 1.792717604431350864e-01 -9.826260134506026311e-02 -8.779375240826112758e-01 -5.044474716529629976e-01
5.015733913071793726e-01 -4.842722860433124055e-01 -3.135423729532524906e-01 -3.611198129223636144e-02 -4.870037120125483288e-01 -4.446709540682380890e-03 -1.951047897232649486e-01 6.343933280747027226e-02
-6.348341722013604027e-01 7.357611121185592129e-01 3.897636071790966383e-01 -4.503054903759731165e-01 5.791868967862527917e-01 -3.064430307255787689e-01 -7.386200406605787361e-01 1.576580612980515994e-02
5.403768153061097035e-01 3.213803864892474937e-01 -8.855415222684923648e-01 2.054109168711022448e-01 -5.597212705598328952e-01 2.178643192453990629e-01 -7.088741315687965283e-01 6.690261444080674025e-01
-9.830429093825636677e-01 4.906403922584900990e-02 -2.456845991543608054e-01 -8.375501143818993022e-01 6.393270185383406190e-01 8.565315656187544313e-02 3.056979297717790089e-01 7.866712298171152362e-02
-5.016167842562608836e-01 -8.253437518725816879e-01 8.642389412234099400e-01 3.029622168054291187e-01 1.475982770828101476e-01 5.469233450615071934e-01 7.866214827489259598e-02 -6.527611359837053318e-01
