8.138639969118810491e-02 -4.558264117191419551e-01 -6.168602474098496824e-01 -3.699625461940985183e-01 -3.972754042329293966e-01 -4.281392022226149230e-02 -4.731283769045946386e-02 3.653227123146902677e-01
1.201318827447488413e-01 -4.114933495443577893e-01 -4.309235080105511262e-01 7.842494210655355236e-01 2.156327360786094438e-01 -8.950766614786196396e-01 -9.608010207417290172e-01 6.814877754652133302e-01
-2.906233441157142217e-01 5.338039909410507988e-01 -3.520171217731473678e-01 3.552704881617361199e-01 -2.360062480739799629e-01 -2.120089429649092416e-01 -3.241600046153858550e-02 -3.598327321414922508e-01
7.436120617757939755e-01 1.981921236285753007e-01 -2.413061431919478750e-01 -9.269960286652898507e-01 4.783426431735504636e-02 6.632554190331243493e-01 -1.663836778545264572e-01 7.212980001928595009e-01
-6.046286666437403756e-01 1.594657643466266261e-01 -2.625388893808777713e-01 -9.472220499087733447e-01 -3.269446853124671204e-01 -8.516574152528602060e-01 -9.952634812977427803e-01 4.959824970149611101e-01
-1.896456453391319741e-01 6.071659516803529222e-01 2.985956075706801549e-01 -5.128458220860441230e-01 5.273138014135605456e-01 8.384098190148308039e-01 -1.474650931837053758e-01 5.481428228116984602e-01
7.647626528391329170e-01 -5.515419070053377837e-01 -9.223151547364654146e-01 -3.452948568688365416e-01 1.280185846237302805e-02 8.611416325480101275e-01 -4.471123776316610066e-01 8.998184604067327452e-01
8.543934894979310357e-02 6.391539567925146326e-01 -5.788950358910160965e-01 -5.184812195594006301e-01 -9.895304647805611697e-01 8.307810401593551664e-01 6.831056836969251478e-01 -2.093495388038955074e-01
6.921939987471859013e-02 -5.404550203754916460e-01 -6.560072040709856722e-01 6.002771787095702027e-01 5.995251260499030455e-01 2.236661122871652640e-01 -6.115733379943821824e-02 1.709037782714371012e-01
-6.892094320073598457e-01 -7.947576156339231090e-03 8.437334115188859229e-01 7.834314022256771981e-01 8.918899893892549002e-01 6.816596926133138279e-01 8.657685823186687113e-01 7.785774306969917014e-02
