3.485326426017976154e-02 -9.014206245107445614e-01 -3.090235631155382467e-01 -6.893214949935129177e-01 9.573470599516644697e-01 -5.433616048468443704e-01 2.215486473531054212e-01 3.804998446242546795e-01
9.179580057946858940e-01 7.518150588256355960e-02 9.428337896127172435e-01 5.107084231137493102e-01 -1.824353759031407396e-01 -8.418813903219888317e-01 -2.530962386576143253e-01 -9.246767579071923926e-02
8.314404249082236742e-01 -7.119709487240735157e-01 -2.707391461192989457e-01 -5.910877443111819396e-01 -5.326023682150642369e-01 -3.353206025952100156e-01 -4.254337749545671343e-01 -5.243961139172821362e-01
8.412292434379156081e-01 -9.363491824084266835e-01 3.296276981443664322e-01 1.675233892356746690e-01 -6.287576105001395632e-01 6.299689162367112516e-01 -3.589227164328523401e-01 -1.904933570506806007e-02
-1.344317617821488842e-01 -6.957267696980484750e-02 3.057672107807916095e-01 7.694804532477970138e-01 -2.255324156243974087e-01 3.151961045367721592e-01 9.881767218509416306e-01 5.161140839553628457e-01
9.152841334206074375e-01 -8.061206701442866773e-01 -8.260610276792075268e-01 -6.004513904311026273e-01 -6.503478581900317135e-01 5.307590291147539219e-01 5.005429507005676459e-01 2.082377570608719974e-01
6.610980465794811245e-01 -3.926194764749335597e-02 9.093611026654910834e-01 -1.677759062211756635e-01 8.997336370189985555e-01 5.936921307733655784e-01 -9.859285248812565960e-02 1.787056016846344519e-01
9.055947843362943672e-01 2.568790589943208413e-01 5.826600098030840780e-01 4.952170617579243483e-01 9.034308625394071868e-02 8.933804249723811264e-01 1.529761592802370007e-01 -6.081907497960892250e-01
-6.375151682468243042e-01 -9.858151494755129640e-02 5.665865935455971503e-01 -4.800819884999130149e-01 6.008831316024481062e-01 5.271590757864932364e-01 1.305362793213877826e-01 1.877577633076668029e-01
-2.615200237707271391e-01 -8.240003803620163936e-01 -7.029969087623106905e-01 1.209333878185274713e-01 3.685146116562290075e-01 6.197776190940353924e-01 1.481963278114089011e-01 -7.167417930132220505e-01
