3.433803917880018375e-02 -2.222923107814334109e-02 7.249554706500360712e-01 1.888749638788560503e-01 3.368007583477128364e-01 5.877567031851040902e-01 -8.348214426579059211e-01 3.732350157919464007e-01
-7.629410359158350641e-01 8.896885041397406546e-01 8.952933644977818517e-01 7.247020345663848229e-01 -3.508187330331871134e-01 7.959562629498870834e-01 -1.225357042996795265e-01 3.974501175808307085e-01
7.230207703912301387e-01 -9.317591882797748859e-01 5.362723864039256050e-01 9.948202733702322664e-01 7.345945506171562833e-01 -4.657049851358399106e-01 -2.943491253674623831e-01 1.032914074319837283e-01
-7.524782690849523004e-01 -7.804402825300273960e-01 -3.520931494449763832e-01 7.611042436861041871e-01 1.785410986765927355e-01 8.244242998360069574e-01 9.610395475759372363e-01 -7.344584692727491593e-01
-3.870394307474933626e-03 7.656297011932440277e-01 4.831202429518925978e-01 3.082622524507359074e-01 -2.731632514193538253e-01 8.131285926700926314e-01 -5.900660048402839308e-03 4.837208425437073966e-01
-2.828717353905367826e-01 -5.681262671437790068e-01 -2.565611537234180339e-02 2.395128836122262239e-01 4.183751768720258557e-01 8.664172857359331292e-01 -3.667921028996767863e-01 9.524689878662719877e-01
-7.457364395860999196e-02 9.692219867916298526e-01 9.829921393841338784e-01 7.382907023590279394e-01 1.127340586856118154e-01 3.590128118601614293e-01 -2.246217118279969505e-01 -1.281094731151772859e-01
-2.582091559544439363e-01 -4.259685895489306873e-02 6.680213575833735540e-01 1.721229231328174070e-01 -3.479685086859451992e-01 4.070095802348507874e-01 -3.062820534061827527e-01 -5.921386535518406991e-01
4.799976021692848871e-01 4.777949320589951476e-01 -7.290184635329242102e-01 -9.230160450724520516e-01 -5.283267831541518245e-01 -3.695385456532129798e-01 -4.179221786608322553e-01 -2.265428168503242912e-01
8.352804465502654541e-01 3.372438084729689756e-01 -6.235291153937603248e-01 7.840531048705734474e-01 -3.646520061538967017e-01 6.529379186664658885e-01 4.774461797313762634e-01 -8.839869619278528656e-01
