-4.684293937086128068e-01 5.284224129606198694e-01 1.216220647835057900e-01 -4.456650759223383940e-01 -5.044450267332027948e-01 -1.211611182410035070e-01 -5.587703311374265791e-01 1.837942171135753533e-01
4.625563503260976539e-02 8.289878253078597492e-01 1.973795557043680482e-01 3.083042188094164970e-01 -1.469588619660187057e-01 -2.516169792544853401e-01 6.910360305021221450e-01 -6.058670143428117605e-01
-3.514042139423132483e-01 9.190278975043100207e-01 -3.021862546627280821e-01 8.528206055025315813e-01 -6.281961494594983098e-01 2.714083621791176792e-01 -6.544853016002303292e-01 -3.202034277963945463e-01
-4.331180015464417554e-01 4.526371166238565280e-01 -5.857171839111012801e-01 7.427131391085806111e-01 -2.881378130391762937e-01 4.300202366952954325e-01 1.858065595199320796e-01 1.496042604456333525e-01
7.089566850131141518e-01 -5.624168644167437670e-02 3.601352159008266440e-01 -8.112964016772155063e-01 -7.845973692797212351e-01 -2.433320467053465830e-01 -4.110700907682796057e-02 -4.865645635400204227e-01
-8.637963141462499106e-01 5.123941450241105144e-01 1.237527985295838739e-02 8.485020288790057208e-02 -6.096000571901587506e-01 -7.885352982247595399e-01 7.686929479540771659e-02 -5.488998037836234634e-01
3.601533202493445440e-01 -1.545851264585040852e-01 9.834960935867917975e-01 3.481967316924441391e-01 8.851288984864438270e-01 -8.999154913643845344e-01 5.096012085296983685e-01 3.897839667144720188e-02
-9.549197975846326347e-01 4.395037475072405275e-01 -7.070227689634267509e-01 2.143143335429298357e-01 -4.338914835094580535e-01 -7.585384962597074843e-01 -4.213606542747647676e-01 4.625015946195749628e-01
-4.612025731091156100e-01 -8.401458319536183605e-01 -9.367252759251274430e-01 3.852029239928504989e-01 -3.426171507825586104e-01 2.827876538458895528e-01 5.871247166191309041e-01 -6.018486809488732270e-01
9.472919949545379747e-01 1.320024535911736852e-01 3.804801871597476293e-01 -2.488651250055555764e-01 -7.425646179665859048e-01 6.110609196677208033e-02 5.978170428308013928e-01 3.419157530681649071e-02
