-2.425871248852065065e-01 -7.758961255729608375e-01 7.165542245472154015e-01 1.315845534949540152e-01 7.925470513642247639e-01 4.459439941753993164e-01 -8.074892062415899296e-01 8.818962205025706602e-01
9.678553225607766652e-01 -6.620575482376689358e-01 -6.808041223955760834e-01 7.950059554084316638e-01 9.236719036537381911e-01 7.107356460285998434e-01 9.142561517596274889e-01 1.801838689046006969e-01
-2.205411952200810877e-01 -6.260854390436114691e-01 -8.856006747880733609e-01 9.066199973759854203e-01 7.274500417676017516e-01 -7.716239974769054655e-01 1.058287944181739437e-01 4.817316742185604461e-01
3.436462346502819898e-01 -2.276997301693943765e-01 6.018449579706539598e-01 2.546163252720270442e-01 -2.515956825162648514e-01 -1.762014284752295712e-01 -8.550104973135004283e-01 7.811557178596491013e-01
9.149297814455550348e-01 7.185696722598977626e-01 8.789683404689556667e-01 -3.693524170361794923e-01 8.067241096221089425e-01 2.899738363291399779e-01 2.085408739535803413e-01 -2.194416419192040113e-01
-1.545670499240789919e-01 -4.752359150530385268e-01 1.883751549489076638e-02 1.736383407382897648e-01 5.137990460547532390e-01 8.044199232301196822e-01 2.037524900771141567e-01 -2.470332101879657571e-01
-2.672336883666861507e-01 -1.058060490459906688e-01 -6.186824536310397971e-01 5.346986505377278043e-01 8.052430964198933339e-01 -6.718514844479490655e-01 9.848398526523882701e-02 -2.826744137548309332e-01
2.549494480128731144e-01 -7.953519747903263770e-01 -6.689805570842115579e-01 9.941440141302160249e-02 4.556034893979088451e-02 -9.268042686181499068e-01 9.667796118734790500e-01 -5.972030315319454274e-02
6.302209792121056253e-01 -2.324165096052102086e-01 6.216961652381791659e-01 6.862693568751612183e-01 3.022269128256276360e-01 -5.214573228311680797e-01 -6.580445292540244573e-01 7.826036166165133423e-01
8.371693972669029815e-01 -6.477904390129545220e-01 -4.490302232070233490e-01 1.404081709864857253e-01 8.987835269799133719e-01 3.227125915840578507e-02 -9.258107889799551682e-01 -9.946731282990439738e-02
