9.116265568305659261e-01 8.998827787996481753e-01 7.700078388733797574e-01 3.364145679234882280e-01 9.202783946092913947e-01 4.131503822845710161e-01 6.822420210420623299e-01 -9.085415888997816491e-01
9.552736703323192469e-01 5.740121825116184517e-02 -7.460195725438458769e-01 6.810345437455944673e-01 -2.700875551476327185e-01 3.269207621866425661e-01 -8.261344048972918408e-02 3.882414383179357831e-01
-4.183543597651298018e-01 -3.727503010344168644e-02 -2.345941785663956392e-01 6.461858575356407286e-01 -5.920029478165611536e-02 3.009889569459882619e-01 1.519833411282978108e-01 1.118186957442990348e-02
4.284409337863201994e-01 5.538245236008685346e-01 -5.087010831985390169e-01 -8.675060262666769439e-01 -6.682555509219070267e-01 -3.154010161192286610e-01 1.072083995519441668e-01 -4.370667778238177537e-01
2.872929303675033630e-01 3.228858717580844750e-01 4.656647806381657428e-01 -6.332652006874961437e-01 -2.345792075207122629e-01 9.790409284219021568e-01 -9.677486334074747454e-02 -5.708936246400568848e-01
6.113411451404480168e-01 3.894413273018773047e-01 -4.953688970778153955e-01 -7.818714969285693872e-01 -2.861494825923767138e-01 5.771033057616594686e-01 -7.539117224938671757e-01 8.881910955864842361e-01
-7.776023733210588595e-01 9.946944169542275560e-01 3.280297812037755723e-01 -9.102286886395720700e-01 -9.175465269758209530e-01 -1.399701000816193641e-01 2.271326621720715089e-01 5.252525999688557601e-01
-4.597905334873717553e-01 -4.035015636460961286e-01 2.365056642655949393e-01 1.960288468675295270e-01 -2.721366791171531130e-01 -1.476613228329659577e-01 5.526049463422921804e-02 -5.441562098862489094e-01
6.123302321733583575e-01 -1.933606938231826611e-01 -4.323964092657472946e-02 6.576336585442732474e-01 -5.348406710126738517e-01 -6.512621838914789407e-01 4.118073535882216252e-01 3.187041549645031058e-01
6.843165450640900094e-01 5.086730396158061218e-01 5.031719669217049606e-01 -6.739583672234774614e-01 2.855209544435679536e-01 9.499108677645811127e-01 -5.597464150793873827e-03 6.042220934360018614e-01
