8.809424654693631673e-01 -9.494298853212297384e-01 9.014917691284207724e-01 -3.053673169835391388e-01 -9.055940723000213133e-01 1.941651873648875259e-01 6.728466463245093010e-01 -9.083973358669099607e-01
-8.708487478066655463e-01 -9.703716396206583106e-01 4.529791750414364770e-01 -9.020112260754440392e-01 -1.523547411817283148e-02 -6.297482093720543350e-01 -1.789890904625459633e-01 8.141730914590556978e-01
2.576518755364205493e-01 -5.139803171613088750e-01 6.808282861017382892e-01 8.850692537133157956e-01 2.748968922883592292e-01 4.522094468271320444e-01 8.065010899164208880e-01 -7.246707464827322198e-01
6.361862195455167956e-01 7.607535439329886628e-01 3.308331890075384418e-01 -9.529421472455095188e-01 9.354260424914824235e-01 -7.191413391401779709e-01 1.050637141626351578e-01 -9.905838033020553102e-01
-6.787789911219410666e-01 -9.154093670811234151e-01 6.335654823736747154e-01 -5.321386019138796275e-01 1.535678707655248054e-01 6.325786951221545884e-01 4.029393388283319943e-02 6.591366531965729969e-01
-8.630732542847294742e-01 4.788920190497969465e-01 6.273699566528956328e-01 1.933251447868602479e-01 7.576037207943335794e-01 -9.656774232403491087e-01 -8.636226951904169002e-01 -6.787097580318122159e-01
-6.691992034530205302e-01 -7.100615585250795725e-01 1.624184702339492858e-01 -5.250168038788991520e-01 2.659529721433822047e-01 -5.286842630254970921e-01 -2.373596327999705213e-01 4.510348199570350936e-01
4.866450070855710131e-01 -9.696064488157098982e-01 -3.205674819952208932e-01 -9.979818937857534156e-01 6.420499187167605371e-02 -2.678752041103595882e-01 3.481007727696165954e-01 -9.192401731510169149e-01
8.007935995127333229e-01 1.600390221507559385e-01 -2.109269525692425429e-01 -8.414217210452195062e-01 -5.067750562333350750e-02 -3.332651434727218476e-01 1.982211050570457100e-01 2.817105549981471224e-01
4.007155240330102508e-01 -8.121791142604639635e-01 -6.682204786869361257e-01 1.333305183932926852e-01 5.278427253798967378e-02 6.622914095159277981e-01 4.690864011695701219e-01 8.240491551153501515e-01
