-4.902215367346434149e-01 -8.921845054667032482e-01 -1.290458153209737002e-01 -7.089871413187140980e-01 -2.840935188648334719e-01 9.402263591358637207e-01 -1.260702901802988052e-01 4.976574308462480278e-01
8.180566979791414894e-03 2.751338986536921993e-02 -4.564349727613887797e-01 -6.901680729923356239e-01 -3.035019288611564559e-01 5.954870288821059177e-01 7.156430834592213408e-01 7.695588294973405574e-01
6.561126413930873369e-02 5.833681684368419162e-02 5.650302345791688996e-01 1.057499258630523187e-03 -3.299931605903170251e-01 3.899369506538474806e-01 1.648152883332094643e-01 -9.781122111196498548e-01
-7.073359523601157051e-01 3.378455318809201469e-01 -9.447360962874171708e-01 -7.619981947938461175e-01 8.594847792102027206e-01 -1.434940206725225931e-01 3.161691997877531524e-01 -2.491219202668739641e-01
-6.438857423247283940e-01 5.777963154317469208e-01 8.169546788335575460e-01 -1.658473758083944816e-02 6.934852357441705362e-01 3.857203082386120307e-01 7.783582191044244869e-01 1.215566257240883186e-01
-9.719554175577662658e-01 -2.088821887890235374e-01 5.296656279869149664e-02 -4.455329081430026150e-01 4.470324778251673070e-01 -8.930285337225731812e-01 -1.665148569694676617e-01 1.431293048251252031e-01
4.631487950647965590e-01 -6.940166706012089737e-01 -9.798566550059892855e-01 -9.851373922698312136e-01 1.303550919188576351e-01 -2.103517976772879550e-01 -5.405786838775585856e-01 -1.734979193425025823e-01
-4.402146934708723869e-01 3.366737335903948747e-01 -6.534666825231634224e-01 4.089031009363848224e-01 -3.695874719309879541e-01 -2.282292218207071510e-01 6.958404972166645219e-01 -4.403187291828198902e-01
-9.519297945172893183e-01 -3.209373870646541338e-01 -9.823267584864863178e-01 -9.150118976187757713e-01 4.374739257895208233e-01 5.974191452974519922e-01 1.038765442034088604e-01 5.450542159869906644e-01
3.910539432873281207e-01 1.228398890381319220e-01 -2.626852168040916258e-01 -1.006100507336986638e-01 -7.931412739099548137e-01 1.864716508078911872e-01 -8.033631207572118349e-01 6.188808389569322443e-02
