-8.131326082949668077e-01 -2.184050021203249869e-01 -1.261465435976412142e-01 -9.351899581095275416e-01 3.086059597206294303e-01 7.654959826653517929e-02 3.383514823507738356e-02 -2.851629087851967892e-01
-2.967361250031204101e-01 -9.700133726756576813e-02 3.156504606858983042e-01 -1.694939490194620202e-01 -1.562565923095355913e-01 5.682456779856650542e-01 5.219614283145606048e-01 -8.971192155849865291e-01
-1.039555318123195349e-01 -7.436067535131525297e-01 -4.933880849860836637e-01 2.428089583683954444e-01 5.275428583885335421e-01 -6.999179592647095660e-01 1.294605800660635353e-01 -7.401774470423385655e-01
4.291498706793588358e-01 -3.849283660793931805e-01 1.567492641111412066e-01 2.301014824452298768e-01 -4.027886827767628297e-01 8.400397281034641672e-01 -8.720972550512562371e-01 4.411120525451008856e-01
-4.410849052952767746e-01 2.802083838161759655e-01 3.337297916257702113e-01 7.994776814390065489e-01 8.343054587949665368e-01 8.105298687595641205e-02 5.531345194221395367e-01 4.233674954428172654e-01
3.649439824190139348e-01 7.389619197103987069e-01 4.726031755700768056e-01 -9.841314369543261442e-01 6.991677089252945621e-02 3.796781191017695178e-01 -3.550984356881541348e-01 -1.237280586569577956e-01
2.452862663908115248e-01 2.190862239361981434e-01 9.747678151272016756e-01 1.841107437073825626e-01 -8.296625351554509642e-01 6.065588222630620141e-01 -3.288905125181862399e-01 2.969979143060459403e-01
7.366881824892230757e-01 -7.145315474804807554e-01 -5.734870345871487807e-01 -6.234517835726547386e-01 4.982799917910500920e-01 2.087217561505585461e-01 1.075758183901061038e-01 -9.007870267926283425e-01
-4.993266424556375149e-02 5.304749542061029111e-01 -9.788068393697699765e-01 3.664148127838298130e-01 -5.831242437881267726e-01 -9.695117289414203476e-01 -3.369106634613550089e-01 8.326782697246848386e-01
7.104045903392373074e-01 2.498277384637515031e-01 -7.642563469221861361e-01 -3.360536895912427102e-01 7.544693919187486220e-01 -5.027075555176696575e-01 2.142919726671832503e-01 -4.365702263965525187e-01
