-2.793499167244080095e-01 -9.674760367789216886e-01 -8.688064079996942191e-01 -1.283691709868941544e-01 4.334733191035122779e-02 9.894879871133133165e-01 3.774692790608122905e-01 -3.514636773524106861e-01
-9.978163921740186293e-01 -5.383512964563548220e-01 4.866405679281033958e-01 5.563936107160354361e-01 4.261137333681732642e-01 4.053211677269097368e-01 3.607626883418122432e-01 -4.942746541820000061e-01
-9.841097507306528769e-02 9.032487836653260160e-01 -8.861326451914903757e-01 -3.407809746020298292e-01 8.669158280466466859e-01 -1.024907351254840115e-01 9.573425755023039496e-01 9.919965472761496095e-01
8.081178192761242496e-01 -4.157763617926872879e-01 5.648454045204227558e-01 1.334388488292321817e-01 -7.771003629646848765e-01 4.978215928763320974e-01 6.847626406927915799e-01 -7.897418611416200385e-01
4.645212575774664288e-01 5.511805748750988609e-01 9.364710078427125328e-01 2.325969280495616687e-01 -3.507639278741536693e-02 -8.478688260720168568e-01 -6.844130100870273736e-01 7.810170791031882942e-01
-8.935039311124870487e-02 -3.502749554503088447e-01 8.538563497444111583e-01 -7.259681662662036405e-01 9.380676593155050647e-01 2.956724624913538158e-01 4.572430084868017719e-01 -7.722352777947683045e-01
4.707553196915854610e-01 6.828198708175425846e-01 -4.237857104253155427e-01 4.174520663343255222e-01 5.780053859655285287e-01 2.564617457224880326e-01 5.959974457553738336e-01 3.299514749691685456e-01
-9.378559783429900598e-01 8.790549305508754685e-01 2.447215305679022457e-01 -5.970834278286469843e-01 -9.711950092374710408e-01 -8.939742110263995123e-01 9.709717850816783624e-01 -1.212879119944698658e-01
-9.101865666675919009e-01 -9.362932509666159753e-01 7.894046152697815621e-01 -1.993354646132794450e-02 5.597776177871429670e-01 -1.667965459346791857e-01 -2.183343012491443247e-01 -5.267892770486743981e-01
8.198461472321594279e-01 -5.678355433106088146e-01 -5.471331944621031784e-01 -1.677169299626508625e-01 -6.857950508896344388e-01 -8.236879773322214326e-01 -8.536703134449405983e-01 -1.011643760465203989e-01
