-5.151833276537183259e-01 -9.392593699428557485e-01 -3.442893751615672127e-01 9.346578072260871561e-01 -2.394391492580589809e-01 5.798853533551382444e-01 -1.192577785014834468e-01 9.995862773075587793e-01
-4.953385901835662963e-01 -7.488268863286828836e-01 -2.805341487309720439e-01 -7.851516867740808703e-01 1.437969866525443674e-01 -6.528328359722950225e-01 6.061453720600806783e-01 5.914404495506928594e-01
6.028249429348122579e-01 6.805315388235702034e-01 -3.965726377585234719e-01 6.963938885808893531e-01 2.123393820049397362e-01 8.601159431409790557e-01 -6.610189507514627749e-01 2.374856390806494577e-01
-6.545392536383665139e-02 -3.411855235699889910e-01 -6.334476826407953176e-01 2.080048963187128841e-01 -7.623889739866158699e-01 -7.324570324394996668e-01 6.749636458787700022e-02 -8.152189752690497393e-01
-1.168950382569637902e-01 -7.219307210564152033e-01 -3.554292347244842887e-01 7.257800558076716868e-01 -5.366363579560240460e-02 -9.402443474827799630e-01 -5.778748595633513840e-01 5.117689376242728905e-01
-2.823604016005598627e-01 -1.526803025165717198e-01 -3.650284742989891029e-01 5.157098792689009947e-01 -9.364440346130316062e-01 -2.298709710401314332e-01 -2.015118686861061548e-02 -4.047477710029674380e-01
-9.248197668037452246e-01 -2.920625823136726584e-01 -5.846303542590503000e-02 -8.694169370491779958e-01 -3.266111442906138862e-01 3.166745078968302707e-01 3.574224171245266035e-02 4.884191255156076217e-01
4.373221482030207330e-01 1.331958041985243923e-01 -2.119389858196267795e-01 7.557654046737358744e-01 9.958934793170879374e-01 6.417639046415102300e-02 -2.464787578189360229e-01 -9.125843285119934478e-01
-7.156526500388085132e-01 -2.746184213569182742e-01 -7.189632567446446743e-02 -4.244013339269794294e-01 -7.304542008205494596e-01 8.680955875725844262e-01 3.498053723895933054e-02 -4.232260858789149705e-01
3.373788444630794192e-01 9.242090545453682804e-01 -7.610585583555691258e-01 4.276715830959454401e-02 -5.997415177120195562e-01 9.595835476910050676e-01 -3.447972824422980143e-01 4.380655679475455866e-01
