1.562188605370173899e-01 -9.255013105349969571e-01 -2.110570178791033591e-01 8.555248159540713715e-01 -4.083043928286740343e-01 -1.415940695905018032e-01 4.966389857260529173e-01 3.256518844674134439e-01
1.704334508300047180e-01 2.333575165996937262e-01 6.031172144170084959e-01 3.548077213693376919e-01 -1.616501319420413640e-01 -2.991937313011439059e-02 8.865818440401895817e-01 5.054583363915681193e-01
-9.016667197423138269e-01 1.334537476882877716e-01 7.704621990083497796e-01 1.472156999876497174e-01 -3.440799885570435812e-01 -2.438847570793947206e-01 5.020451392954674574e-01 2.625288064906894370e-02
6.600080964845636000e-01 -5.383759062841488863e-01 3.910544037797234473e-01 -2.609785417350380943e-01 5.919104718408403354e-01 -3.307617665258413275e-01 9.959226230563487103e-01 -5.310492342270949351e-01
-4.604502275994117877e-01 -1.859119772949777705e-01 4.584045415641595511e-01 1.992898121657060706e-02 -6.356658311218899016e-01 -8.578721711402623740e-01 -1.472094882094783230e-01 8.398538361600593749e-01
6.319630971782563833e-01 8.959616767935290049e-01 4.006468225241521797e-01 -1.239024430819912759e-01 7.215979061501043290e-02 -3.275024196917570851e-01 -6.172009358134653567e-01 9.035269912916641388e-01
-9.962019414291727326e-01 9.473880011559092651e-01 -7.801725399311840725e-01 5.463867129844053316e-01 -4.725448572203900799e-01 7.654001118107873758e-01 1.135936956602288106e-01 -5.950963501016639512e-01
-5.704323519248852836e-01 -7.209070356797568913e-01 -1.582299462335152729e-01 3.884801109658462259e-01 1.215078430933187459e-01 8.324214304558585908e-01 -7.642296696824850688e-01 6.185519610070502328e-01
8.720746251617135236e-01 -4.750415979732962590e-01 -4.892557587696129140e-01 5.496148524499910870e-01 3.860267915493422741e-01 -5.018176711319617400e-01 6.352266212891093389e-01 -6.006585367186196844e-01
9.568853724325021570e-01 -9.100178532974065870e-01 -5.594291271980877944e-02 -5.120284714502039147e-01 4.900627041267815454e-01 7.715536180579338765e-01 -8.198870034528706885e-01 7.117121832206114718e-01
