8.164899820629212268e-01 -9.388332340370959539e-01 -3.110977732707405075e-01 -1.099794096621968809e-01 -7.091890652711640985e-01 -6.464785087496818239e-01 5.538478151290937568e-02 9.569998692800181228e-01
8.795857086623908305e-01 4.032091819677146027e-01 -6.338880411492346933e-01 3.130392128914800676e-01 -7.728251612185694785e-01 -6.684834002073798409e-01 -6.216428723655489375e-01 -6.116681031821069592e-01
-6.819265048550651187e-01 -2.623058689546780009e-01 -9.124889957239856741e-02 2.351003164145799573e-01 -6.232456264783754474e-01 -2.462366388047294574e-01 1.434998639330276049e-03 -1.401526676971067698e-01
-3.140308295950557937e-01 5.627868900534451768e-01 5.412308845735354090e-01 1.998350535551196572e-03 9.193937999259749194e-01 6.901557727153637689e-01 5.298152233795754285e-01 7.168125985146129864e-01
4.503296192887904503e-01 -8.262992506303314943e-01 5.439513824363908512e-01 6.944279866958209535e-01 1.899097845581372290e-01 1.774369564502167318e-01 1.310003368697039150e-01 -9.609315973935652622e-01
-4.448113522700944955e-01 9.172569497997358212e-01 -1.943764866310782047e-02 -7.677393355222645877e-01 -5.880998388094238472e-01 -5.375451253330716384e-01 9.816190689703034877e-01 9.195353067454479223e-01
-8.193486950974662175e-01 7.289095251445321111e-01 -6.457840853893652699e-01 5.321934104542922483e-01 -5.283916163513646680e-02 1.614574766091392277e-01 -6.722199037661866772e-01 -4.002376588876752628e-01
-2.661045633390106691e-01 -8.816867777739274548e-01 -4.787709687564429828e-01 -6.232681207717905014e-01 8.060584950142706262e-01 2.012382427232315418e-01 -9.618423050153119824e-01 3.725400837182477609e-01
3.878775274587482613e-01 -8.274964266755790998e-01 -1.505415255062010349e-01 2.158173615568228509e-01 -1.386769556253595326e-01 9.684783173589679439e-01 -6.576678528305792693e-01 -9.388702313322561110e-02
-5.145442414828507172e-01 9.097209163677850707e-01 -1.965496464179410374e-01 4.922014197545221403e-01 9.055232571295654953e-01 5.900270403931757723e-01 3.902809052020881353e-01 4.658738231343262370e-01
