1.362875795980555971e-01 -9.886744520495056587e-01 5.521290482976599634e-01 4.727177552426866658e-01 4.544965842207986384e-01 -5.810172193319331768e-01 8.948376344443840225e-01 -4.280657162831709162e-01
-9.100882927002942324e-01 3.345218399585869751e-01 5.672425652569312859e-03 2.603493592673713497e-01 5.888190595367848168e-02 -7.677771570811890989e-01 1.217698447999313593e-01 -2.341339093564633878e-01
5.017544145554748702e-01 -9.555858107914467769e-01 6.876402522322888622e-01 4.594865585902216942e-01 -1.259192332306913187e-02 5.540848771031867681e-01 6.625794575020191868e-01 -1.730615590918049840e-01
-1.621754739336416229e-01 -4.046727763916944109e-01 3.084319395444856671e-01 -1.585788826052698663e-01 -7.533920887614515838e-01 7.048861246599238406e-01 2.597656248729027784e-01 -7.887077087410627740e-01
7.360043277145791318e-01 -9.410778517089699591e-01 9.497248007800862535e-01 7.239744600148450004e-01 -5.068851118770176800e-01 -1.717814832825295124e-01 8.651343943939315828e-01 6.980972157068463524e-01
-2.760175963979611957e-01 1.600402880450111365e-01 1.826289216215735145e-01 -6.204049937028597306e-01 -8.586628461429524073e-01 -2.172667709043407669e-02 8.064806620343603072e-01 7.467794688335755993e-01
9.369158238570940433e-02 -9.056167660232006256e-01 9.471630893957994068e-01 -7.699316616713391959e-01 -9.146345589491406969e-01 9.451084798924320740e-01 9.975050319173335289e-01 8.552395102716281450e-02
-7.597534182563616678e-01 3.947989426041891292e-01 5.639738827392439813e-01 -9.547312877643070461e-01 -5.330755013505541484e-01 -5.344778472640512312e-01 4.396326908570624692e-01 -6.958267929948842578e-01
-8.264805198568827560e-01 -9.648017574698561916e-01 7.787049924221938202e-01 5.091921269125572191e-01 -5.630599190405576326e-01 8.689184635349078700e-01 1.688186736950063604e-01 -5.463112057992156601e-01
-8.172775180255671401e-01 7.414714814088778638e-01 2.499213005034499613e-01 -4.458390886658261110e-01 3.215340403732882546e-01 -4.473914514550465515e-01 -2.347435031543194661e-01 4.299634137628749464e-02
