9.033930623863242193e-01 9.399835634239603888e-01 9.865271424028760894e-01 7.628241595341935799e-01 -4.841883629812129275e-01 -7.411745170590555709e-02 -6.114147741997384422e-01 9.514079888405206908e-01
1.878843847733797645e-01 6.853085199872295252e-01 -5.133879082783499026e-01 -5.424113651659645541e-01 1.468112738029681008e-01 -9.796891602029145218e-01 -2.144103091114144544e-01 7.055495498032882118e-02
9.448676098143786728e-01 -3.883660997609315046e-01 -5.615523262598185461e-01 -1.892409193232780229e-01 1.180370738026841337e-01 -1.059877096523642592e-02 5.113022145690382381e-02 9.628614829540560471e-01
-5.552467689806879214e-01 -2.758719150284112409e-01 2.922178700069792967e-01 -1.511870030211464044e-01 9.409205889413794210e-01 6.589479076746198594e-01 8.215246891751415426e-01 3.631694229916135885e-01
-5.653394327977943057e-01 -1.362986002086701287e-01 -4.924033486734069598e-02 -9.890689777014747275e-01 3.514111181104426773e-01 -7.035628625187606566e-01 -5.131593481159986148e-01 -4.502992993694223678e-01
-1.168573595467790049e-01 -4.732533268297098861e-01 2.636903461976689567e-01 7.170221179287263880e-01 -5.534250160332889745e-01 -6.560663622895703817e-01 -3.743698146063254573e-01 -6.913205275205027700e-01
8.844283484771313653e-01 -4.466072591196210695e-01 2.671943459972703216e-02 -1.982381064045390939e-01 9.623979771711144160e-02 6.652746901420825143e-01 -1.377625768313874843e-01 -7.132657366741164129e-01
-9.507291847225045611e-01 9.127922187020489631e-01 -4.335274527795178745e-01 -6.612168544254977132e-01 3.081730912144837742e-01 5.068526623523736951e-01 -8.659450801531669573e-01 3.814030155526082488e-02
9.616936307322403454e-01 -4.075607676987558214e-02 -8.231465214025801558e-02 -5.629414747937779850e-01 -2.296329884142718214e-01 -2.996441158490446011e-01 3.532105873659259210e-01 5.256445891537404602e-01
-1.453562862557593593e-01 -4.160609683774147971e-01 4.067765953100717091e-01 8.738134658895906348e-01 -7.775759572996110425e-01 7.971493970484360148e-01 -1.711527645803800901e-01 8.930141134282520987e-01
