4.628302559524026805e-01 5.209340962487469806e-01 4.319458271731235754e-01 8.081982704885273261e-01 -9.308016566312755646e-01 -7.558754298233605340e-04 -5.555668153334221149e-01 7.215844742727255401e-01
4.219917188299211475e-01 7.307707698095424753e-01 1.403729571405798460e-02 5.219912664238068878e-01 4.523312118120208503e-01 -6.180995588348612291e-01 -9.862253765804289696e-01 2.051562925117991210e-01
-1.918998207255642185e-01 8.578995736656080950e-02 -8.302495973102079763e-01 8.758109828638414029e-01 -4.888679607063000088e-01 6.003298531591716447e-02 -5.337883383064254694e-01 8.266105389276661164e-01
-5.340541368698505931e-01 -4.074884663045550415e-01 -8.573242401821490333e-01 -1.598625849875594529e-01 -3.943771816204724168e-01 -9.804822789064160382e-02 -5.067902651636810862e-01 2.327586874758149627e-01
-9.106764905999977788e-01 -9.146142659431495403e-01 -5.825577973765794226e-01 -7.607658179204086490e-01 -6.599393055484468196e-01 -3.690003053684465240e-01 4.493558033028210996e-01 -1.864229607715357506e-01
-1.302804194859263909e-02 9.577237230730932804e-01 6.538735704956262218e-01 3.117559331638002362e-01 8.048154539239731342e-01 -6.193820791429405226e-01 6.905487677732036200e-01 7.985522944639551479e-01
5.961004047119127236e-01 -5.382895520583890203e-01 6.919999763526112346e-01 -6.257004405179897866e-01 -9.124200724618751757e-01 -6.634177148258939560e-01 6.123716586787386618e-02 5.880687615649204947e-01
-1.827737543373528784e-01 5.139606223373180960e-01 5.737475356439669660e-01 4.735000547951939698e-01 4.990207716239822844e-01 -9.105797346106303536e-01 9.393186012015550812e-01 4.002350883410805693e-01
3.797841988732275631e-01 -5.921054874753166608e-01 -1.960489275894627959e-02 1.513014536287762279e-01 -5.976210787680724668e-01 3.198003137992488920e-01 -7.646766099747879242e-01 -6.174892170673427216e-01
7.784062485524223529e-01 -2.706324388026126737e-01 1.026407898463022050e-02 8.890723721770983357e-01 -7.226281334169675219e-01 -9.812822763229906986e-01 3.074148253970918621e-01 5.310579333604472652e-01
