1.913130785523993183e-01 7.419212604084175489e-01 -3.118244366816851354e-01 -7.864998383544123950e-01 -2.269620644670524712e-01 -3.979228851913441112e-01 -8.162471961522830277e-01 -8.566326438056333092e-01
8.928984930582983814e-02 -4.579722370736405423e-02 8.649798297598498831e-01 -9.947174992400553695e-01 1.300936804432824001e-01 1.450823632814899344e-01 -4.118443191397269665e-01 8.836067999073868862e-01
-9.648052512874416564e-02 -2.157847746570014102e-01 -5.002153188010050044e-01 8.133578762140358798e-02 -1.329527157686345440e-01 1.832470625459046154e-01 -1.220100611187613371e-01 8.955431072127855163e-01
-1.094788304415783564e-01 7.376226421871505678e-01 -3.317467710899371092e-01 -1.091922444736703746e-02 -4.161295647061504788e-01 -2.749566621109735820e-01 2.892239106819793903e-02 -6.689943688636708075e-01
4.267074328472828526e-01 1.901078910425335611e-01 -9.997105228706122393e-01 3.784230922676803388e-01 9.488085713282945477e-01 -6.471966302246801028e-01 -9.865870328338042228e-01 2.436462080405268349e-01
1.528010070303684742e-01 -5.152914933378216489e-02 5.102117005934709848e-01 1.249623492918836565e-01 -8.048497027422762962e-01 4.311838204813633890e-01 7.703716090231749192e-02 6.851773913806711302e-01
-6.801489838803937982e-01 9.194842634962467898e-01 -9.291022300696758496e-01 -9.582747960626303296e-03 -3.848073577411059709e-01 -9.527440999719232195e-01 -8.630644227949493263e-01 -3.162191711979791542e-01
5.432667494573539813e-01 -4.179747271562057609e-01 1.054895179562926888e-01 6.962137969382911074e-01 -7.699126601414532090e-01 -2.138349635838365792e-02 1.187986915283485434e-01 2.916172856270060620e-02
-1.881501862088685861e-01 3.659566971478953601e-01 6.133021159461753413e-01 8.998788013510494732e-01 -9.405607461997935737e-01 -8.594093757319689608e-01 8.671505134638310963e-01 1.497765051295931737e-01
-9.977135566424106816e-01 -2.206958126321874047e-01 -7.371396914750829588e-01 -2.040372951853797190e-02 -6.176950269856156250e-01 -6.843795826347416345e-01 5.455561358587324161e-01 -4.793488102657579297e-01
