-3.955188503367548236e-01 -2.203985744717396056e-01 -8.718709225708638488e-01 5.958808712176262290e-01 -3.594132527754161366e-01 3.963197617177438570e-01 4.154424343255989083e-01 -5.095139278842781838e-01
3.923182447096440484e-02 9.344563807135504163e-01 1.171189799024883182e-01 1.188645786507276370e-01 1.682087688243443235e-01 -9.798162488938193526e-01 -5.242173065269040144e-01 8.895117858347370010e-01
9.626445652770005967e-01 1.173890969715654098e-01 1.284696776393026152e-01 -7.249241521363800622e-01 8.717773920595095483e-02 -3.160979137416550788e-01 -6.062226413726448104e-01 2.535125150812860273e-01
6.096933239415260886e-01 -5.286105010984543107e-01 -2.692096552113587560e-01 -5.232715987408704805e-01 -9.821749635835503867e-01 -4.821283784508545445e-02 2.158827289318230314e-01 2.310274355178381089e-01
7.726432348818423890e-01 2.614092269972632110e-01 5.614825744882927516e-01 -6.971475435687639610e-01 -7.460123260062818673e-01 2.812439181873558347e-01 4.164631009282233620e-01 4.255543184452414973e-01
-4.223969149862052408e-01 8.561361182961491068e-02 8.334075579734714356e-01 9.755798164420714791e-02 3.570246877064013891e-01 -8.383021048973000600e-01 -6.897337563699599272e-01 9.311688432284770389e-01
6.220035792276821240e-01 -8.921164479595717900e-01 -9.374023204046655344e-01 -8.435054058643474129e-01 -2.181165670953180147e-01 -1.654703522103093682e-01 4.629773674394406235e-01 -9.212512564068506826e-01
-5.930369637084604850e-01 1.295701356321261599e-01 7.874416342913821421e-01 -7.507438021150423246e-01 -3.541082813116103178e-01 4.970434424909528914e-01 2.095451741017657632e-01 -8.613365244998929526e-01
-7.766390821495043895e-01 9.735206914205638551e-01 4.875702951812452834e-01 8.685440741610963578e-01 3.583168280202138067e-01 -3.219362219771908507e-01 5.066168446655598956e-01 -1.123515170297775256e-01
-6.571089540869903267e-01 3.856837875086365219e-01 -8.327096338211688042e-01 4.654188661902911583e-01 2.883186017583161398e-01 -1.038154560220050371e-02 8.671367029975349805e-01 -3.163298672801275746e-01
