-3.106866408868111940e-01 -1.658850275799170770e-01 4.861465138927749674e-01 7.979094970684066368e-01 8.016142834945871876e-02 1.157956184438984071e-01 9.627432246802571925e-01 3.627062077371552284e-01
-9.351090093533382941e-01 -3.992159793456755423e-01 -6.583254007444676592e-01 -9.754698976581761549e-01 -1.030733332119937451e-01 -6.143530043570122334e-01 -7.715172709602944323e-01 -8.899774216149263228e-01
2.892516539114597940e-02 3.248361370796220005e-01 -1.749743750820120791e-01 6.168107965629963108e-01 -9.456372233242245073e-01 1.341130695800076822e-01 -7.382982464687559698e-02 -7.986829211010360030e-01
-7.251673616162415126e-01 3.395397399239858949e-01 7.538178517857903049e-01 -9.324639202741185073e-01 -9.709879420413889406e-01 -4.628011219704115664e-01 -7.301272907589015926e-01 7.537157160926839516e-01
2.317386563729395554e-02 3.611153444176855576e-01 -2.522629920083692134e-01 7.587707826291927304e-01 9.010379176208751506e-01 -2.418105182680452270e-01 4.561605399198100930e-01 -3.328967019490129964e-01
8.934132912852148500e-01 -9.431557369013734426e-01 8.596789504642929902e-01 7.346462306850098933e-01 -4.678155792650737776e-01 3.180038530529301077e-01 -9.990269085593852516e-01 -9.372546091436508853e-01
4.763428104158198284e-01 6.791205057737004225e-01 2.477194054724536354e-01 -8.677831559208972756e-01 -4.973195256650160267e-01 9.788116272385003480e-01 8.898801636200937004e-02 -8.996112325335834381e-01
-6.660466421012820604e-01 5.249803443077967202e-01 -3.449200466343165239e-01 -8.644258550830283827e-01 6.903054528147654079e-01 5.207397448172670362e-01 3.366534304295754065e-01 -1.107906094228860994e-01
-3.841931154558155814e-01 -5.875475040721420683e-01 -4.445621470883971416e-01 9.114170999272195317e-01 -7.764345774399146194e-01 -8.628047413450641301e-01 1.030895703760701387e-01 5.618213872319532953e-01
-1.864546969973561730e-01 6.939134350927447237e-01 -6.110982936482340921e-01 8.182217436066223648e-01 -3.410716122785650839e-03 -2.894549606469478675e-01 5.981180591998354057e-01 -2.863310573831803207e-01
