4.503931902707081214e-01 8.943595575798350961e-01 8.994323996532258558e-01 -1.741848945522279646e-01 -6.966663385243718754e-01 -4.734410268874409411e-01 -9.744949957364057447e-01 5.620123310495575009e-01
2.480456933006467413e-01 7.924902203235755227e-01 -1.977188906256250878e-01 3.245505827485735129e-01 3.925927394522132907e-02 -5.858973251909855851e-01 -3.224476074459166064e-01 -9.940789985898748071e-01
-4.212924335411420973e-01 7.728635495381503961e-01 7.946468958634054225e-01 -3.865733502963208945e-01 9.059744303183825398e-01 -9.893267777720777811e-01 -6.118644223407709859e-02 4.462677868888353938e-01
-7.620627230534355867e-01 -7.642157783904643953e-01 6.181320978640545416e-01 6.807004832444556452e-01 -7.780823032800985306e-01 8.012035680991425046e-01 -3.421380879503810313e-02 8.013455086373169056e-01
-1.751058637890574587e-01 6.857808191491672201e-01 3.210792424258781530e-01 -4.549192254102776278e-01 6.566344201262330760e-01 -7.391040202289185235e-01 4.017550652238899289e-02 6.358050092326141822e-01
1.237309593538151731e-01 -4.780508796133018379e-01 -1.597001243270455006e-01 -1.811332670204883755e-01 1.529994235357219345e-01 -1.343671031183202302e-02 4.059960330082645896e-01 -9.645246795473945145e-01
4.397950145748803497e-01 2.415052234613157545e-02 -6.898408941550655538e-01 6.049333245693198080e-01 -5.754211792289900540e-01 9.144905349673815298e-01 -5.806285836128843858e-01 7.448076134081642596e-01
-3.980796037295981638e-01 9.236291420979543254e-01 4.340120443434418718e-01 6.030982123021244590e-02 -4.938370427080114311e-01 -1.711709362274560497e-01 3.010870108964853742e-01 -3.572690588609075402e-01
1.467070973547728308e-01 2.017789678495105488e-01 -1.930027614651708134e-02 3.609697370093987168e-01 -2.174185138100304115e-01 -4.300863877079257325e-01 -5.591039701171853782e-01 4.887606156843975480e-01
-2.062077755312512473e-01 2.707796614009980729e-01 9.335007415358465011e-02 -2.462066987761419856e-01 6.045885167119102732e-01 -7.532903850850660721e-01 7.466855276673995956e-01 2.080664921609927109e-01
