-2.653563599147277241e-01 -8.410586878323373927e-01 -6.655731206896218222e-01 5.939749774444826880e-01 4.740688094315610446e-01 -8.799898848734355461e-01 -4.418758980694155181e-01 4.593310936411800771e-01
1.123639973617087673e-01 1.661105623310343837e-02 -2.892489718376991537e-01 -7.261514704234963702e-01 8.294899007787370770e-02 7.455967727658141531e-01 -8.809141280113981232e-01 8.719787144667070500e-01
-7.727651738572911544e-01 -4.365826247031698859e-01 2.601598845132946369e-01 -6.409728208478613354e-01 -1.820263595077786789e-01 -7.451645432892832766e-01 -6.692097102579195322e-01 -3.874481748109621648e-01
-2.242219022393154848e-01 -2.906414019330045839e-01 -4.009791715051940209e-01 -2.227235207453654997e-01 -1.839564022223414419e-01 -4.643426591080264121e-01 -6.892928720725213232e-01 -9.429794442964372081e-01
1.324303405752920160e-01 9.127284223093137250e-01 9.878213666473185661e-01 -6.879148150953644514e-01 -3.414952733831004839e-01 -1.969026701876124275e-01 4.998898802220503867e-01 9.910306033548239579e-01
4.668084172313136104e-01 -3.058868511182355476e-02 -1.779006808466954137e-01 7.452505738819314995e-01 -7.254116015993772315e-01 -1.316451305334931376e-02 -6.761745666507608110e-01 -1.740576169563277098e-01
-9.667360805511635569e-01 1.062787148571562312e-01 -5.627535034959370019e-01 -2.013544743959891914e-01 -7.335229037752799552e-01 3.580268997962920974e-01 5.958444077451683363e-01 -5.071808250743390367e-01
9.045182143806647090e-01 1.890824736217617819e-01 9.387329464352347497e-01 -1.122172413703710347e-01 -7.230101837680869004e-01 -5.027603254206041150e-01 8.867943853363584594e-01 4.832949347682147234e-02
8.368836438791598109e-01 -7.960876483476246879e-01 8.788507037922090870e-01 4.159903221040210930e-01 2.248585038635224631e-01 2.331987152766876736e-01 5.452201875716178314e-01 -7.013285979775893964e-01
6.571815339588356064e-01 6.538151103110265705e-01 7.007826398423744330e-01 1.273754869517929045e-02 -1.776519370446325574e-01 -8.299399214358846866e-01 -7.090700249439478853e-01 9.556345228369282907e-01
