2.425912168590729223e-01 4.311025312648686381e-01 -6.834659966385705498e-01 -6.588635778482454519e-01 -6.693223693842880184e-01 5.373011700481342690e-01 -6.874557762194497545e-01 1.707919055244950801e-01
-5.631592242822953676e-01 -1.216861223331009434e-01 -9.514900820480995947e-01 3.529489517285531175e-01 3.891672037979334586e-01 -8.142646428136839365e-01 5.107394261474929031e-02 -8.754194937767820761e-01
-9.807762621089823885e-01 -2.264083893657136137e-01 -3.571942714753426618e-01 9.296875381797722326e-01 2.910277232736608877e-01 7.369848140079708898e-01 7.826592281702726694e-01 2.115963444743391708e-01
5.817326827288586966e-01 8.442399241759774853e-01 -2.443661386604341068e-01 -8.011088219601172344e-01 -9.812811581402749450e-01 -3.639566242888456760e-01 -9.454229639797562257e-01 8.849720699654444189e-01
3.382656110460029453e-01 9.831602484335066894e-01 8.138377007675372532e-01 -4.110141842026289183e-01 -3.253223506867359838e-01 -2.352883710431161735e-01 -2.866128654856718860e-01 -5.067095234351499666e-01
-3.403242864708544424e-01 1.209756924234175468e-01 7.183672374260496873e-01 4.509628901212006102e-01 4.113314266423531151e-01 3.841841584126799436e-01 4.988717826535076227e-01 -7.755289439785455485e-01
-5.490399839348791833e-01 -8.267917594734328635e-01 -6.059477262484940230e-01 3.982715427834537802e-01 -9.324130917395090368e-01 5.510616620839923208e-01 7.075714650331030864e-01 9.507810620879491026e-01
2.701902048631776854e-01 -4.412862499756275980e-01 3.410538935457601006e-01 -8.474892402374667455e-02 6.421249635611303574e-02 -5.965044551836122810e-01 8.572084265300425887e-01 2.844725095917193247e-01
-4.459182195048183583e-01 -6.435374726913241084e-01 -5.238060730030689172e-01 -6.782268524109094088e-01 -7.570219054030722372e-01 -8.949995898706353259e-02 3.193150006688172393e-01 1.245506075269311452e-01
4.815148620297886595e-01 -3.813905028450190748e-01 7.698922908024645739e-01 1.741897187316643336e-01 1.536816960076972105e-01 -6.445818692985614273e-01 -7.029089983178022916e-01 -4.125705669195232073e-01
