-3.195633390407273122e-01 -5.332429472056159359e-01 -1.957841195028442449e-02 -6.333699378592050344e-01 -2.112376111723497374e-01 4.773066498577560601e-01 3.795934447500441955e-01 -5.345004970409590328e-01
-1.773098576212854827e-01 4.795405330316149239e-01 8.769396247948622047e-01 9.442198998986173208e-02 -7.588828773464750821e-01 -1.042356368841614866e-01 -2.734784052484626748e-01 -8.080742158149867294e-01
-8.294123759429616882e-03 -1.646077921609678807e-01 4.573160827000488649e-01 -1.553932762628518205e-01 -5.430543747648077790e-01 4.216474886882939366e-01 -4.246691554536496938e-03 5.774079904596420842e-01
4.608023023399010487e-01 7.843356814114947895e-01 -9.337946756072283971e-01 -5.513958629725284055e-01 3.492225428308330937e-01 4.404416332377272258e-01 -5.038007048015824552e-02 7.282255562632342638e-01
9.191539946056592747e-02 9.340702735280905777e-01 -9.155648848850779231e-01 8.550816362544757521e-01 3.573003197096076278e-01 -6.044634358547837927e-01 5.315785490159186111e-01 -3.520954346682645397e-01
-4.558009343567310800e-01 6.172862253541153699e-01 -9.984287747404319013e-01 2.351969667465365621e-01 5.254461470679179236e-01 -4.205985906354776649e-01 8.762862447005312916e-01 3.619441235560885151e-01
3.969208278023605985e-01 -5.278931129531863053e-01 -7.628664844943233714e-01 7.473663212857009075e-01 -5.783176246813415133e-01 -9.281808533068260925e-01 7.109174198587431270e-02 -8.418275193466417949e-01
-5.973913383760571794e-01 -8.371183174265921512e-01 -5.314397513476412094e-01 4.469229133087055938e-01 -8.503532998322638203e-01 8.913831508007874493e-01 4.057333464212993235e-01 -3.677026990258258632e-01
7.255160742612642988e-01 8.181784824626081587e-02 8.558921785491251377e-01 9.862778721101166379e-01 9.571988659768528862e-01 -7.268024003616118112e-01 -5.576063914781674846e-01 6.070297058772180510e-01
2.680521144138303669e-04 8.572226336048682782e-01 9.046021468140064137e-02 -8.876042123359795255e-03 7.633916558180733336e-01 -5.643412788481039222e-01 8.267395182798400466e-01 9.632678480519667463e-01
