7.404436479669453952e-01 -6.515814531326027392e-01 -6.830507414708957281e-01 3.944367782984696813e-01 -3.790545953484347752e-01 -1.405014802251480788e-02 -3.235413513546341324e-01 3.739804163103621626e-02
-5.293663050262995551e-01 1.845689357829236599e-01 2.679178869413461062e-01 1.891761695617464323e-01 -6.186672113288973485e-01 5.737968024157797942e-01 -6.091651693828665781e-01 -2.536554224016720482e-01
-8.425904320324315577e-01 -5.833020424609194343e-01 -7.910070899981089809e-01 8.687300958495220993e-01 -5.721887914801573327e-01 5.517452882545630377e-01 1.202640580705778284e-01 -1.627570343679531906e-01
-9.531251973209013961e-01 9.293811432888996471e-01 -6.592871204635519788e-02 3.257788412312379034e-01 -3.385694518329867009e-01 1.998608594517534698e-01 -4.896193036403913013e-01 -3.914210083908784554e-01
-2.516677839426129104e-01 -3.511976850604383582e-01 1.532344624927035603e-01 -3.914033302270103487e-01 -8.105538709749033899e-01 6.615317772261830598e-02 -4.957115188074161516e-01 2.112679414973437364e-01
-4.757561261004397135e-01 -2.924941043622364401e-01 -6.847616109300491694e-01 -9.703573518569965639e-01 -6.804487652826629596e-01 7.237189474858125582e-01 3.082285797587727139e-01 -8.076879444755753479e-01
-1.987301981691971253e-01 1.001526885444701254e-01 6.631879987696420731e-01 4.327041212365467793e-01 -8.943593021564739676e-01 -1.172990537221247909e-01 8.446848407707479023e-01 -9.180553799554727057e-01
2.691115364649321329e-01 5.128206039037899178e-01 -8.334149376530082254e-01 8.101898148412085554e-01 5.312486924915797992e-01 3.296831858319224651e-01 2.787000414753300070e-01 -6.659241472892476477e-01
6.856115133632207925e-01 6.858700103382653346e-02 2.653838787197628779e-01 -8.766760798061801196e-02 6.638318247334293876e-01 5.297711109703699961e-01 -5.184365763493994361e-01 5.589357380984207868e-01
-1.552836011578369035e-01 9.256660775501275307e-01 -1.887219298265230272e-02 -3.885208021584625193e-01 -3.246540718186265995e-01 -1.515628828966495423e-01 7.090939348050842028e-01 -8.859179582518592611e-01
