-2.196898253530799039e-02 3.503688361783474647e-01 4.860948326012424214e-01 9.095936653974692199e-01 9.102719557190968036e-01 -7.054788817850243809e-01 -7.569723834958699271e-01 -8.932341649933575045e-01
-8.434243022985636884e-01 -7.969543350207337618e-01 -3.794661970589561228e-01 -8.295074830768862650e-01 -6.942090790098642827e-02 5.832965412197281818e-01 8.853932406103346420e-01 -4.818319494040785855e-01
9.432870819343757152e-01 5.896646205652149586e-01 3.949481609176332952e-01 6.005512205559826455e-01 -9.010545338144404504e-02 -5.522626459302482083e-01 -2.289990028817554535e-01 -9.409921589997365388e-01
-7.669664823706254797e-01 -6.178049080982146446e-01 -9.336244158853572728e-01 4.874270820741259946e-01 -2.478500795509701593e-01 -2.391786706806118268e-01 -4.006729925823588889e-01 6.297233022927684054e-01
1.495577248837767215e-01 -2.346011933507208269e-02 -8.549930579504660955e-01 3.795526712571868355e-01 5.140419504232884851e-01 3.751608007865760985e-01 6.720118014815241736e-01 -9.678395342993417749e-01
7.932860237396617276e-01 1.930518293941287933e-01 2.639197079738806462e-01 4.998961008076390211e-01 -6.384819655139506445e-02 1.178668815617835985e-01 -9.937261213391797021e-01 -3.446435636255751334e-02
-7.102772757410080740e-01 -9.837781771537590370e-01 8.443631946872889316e-01 -8.369601480330568499e-02 -1.343914448037568654e-01 -7.027707430780139042e-02 8.020655993679148832e-01 -9.096298489440042268e-01
4.124702032753921888e-01 5.548645940422569645e-01 1.341251279087356529e-01 2.143265961608453729e-02 -7.586640167403317925e-01 3.695786560747682525e-01 -8.834573734566286696e-01 -8.296426707484907404e-01
2.503952852917663563e-01 -1.335949577460926463e-01 9.679043491854344428e-01 -7.773330703316179147e-01 -3.606809313639156578e-01 -8.869742660259598566e-01 -6.855033315511314118e-01 -6.650423089039720903e-01
3.454284711317761047e-01 8.936034525133127460e-01 -3.101212024897275210e-01 -2.993224216816061656e-01 3.832756593186665839e-01 9.593973229114527435e-02 -4.779818402239868202e-01 8.172113322452214668e-01
