-5.778878222178707169e-01 -9.724448963791441081e-01 -6.753362950452146407e-02 -6.370782201778804055e-01 -6.960045811675890093e-01 -2.011231147058254454e-01 3.256687255169492534e-01 -9.238208174254838312e-01
-3.280038354321135330e-01 8.471613069305927723e-01 -7.297859018690737720e-01 -6.965818599385882326e-01 -2.076407965103144182e-01 -7.723827529454250218e-01 9.996076736130719009e-01 -8.477592468784713731e-01
4.810452332303265521e-01 8.367639047499073612e-01 -2.970357846398441470e-01 9.390638285154957465e-01 -1.375563842451739127e-01 9.614782368149650260e-01 5.678027951123654216e-01 6.517802739750477858e-01
3.521076654270152151e-01 -2.761498113430991275e-01 5.228651920064586456e-01 2.536398834027220328e-01 -6.937247638740304811e-01 -2.332297443511983648e-01 -9.636989268238440598e-01 -5.585748926654521274e-01
-7.801961952538265521e-01 -7.424551180844762843e-01 1.879304665774470529e-01 4.228700175540889283e-01 1.191482962701497783e-01 -1.668301317342879564e-02 7.079323910337498305e-01 4.434396590584681608e-01
-7.591106184530120871e-01 3.468932739489671846e-02 -5.847406434845010548e-01 1.080016203677420794e-01 8.886530603541062945e-01 -5.493841919971127474e-01 -6.007469051815113037e-01 -2.988390148781499001e-01
-2.627913133579049543e-01 -8.404713329052917459e-01 -1.028934946082786794e-01 -7.053519024417915784e-01 -3.113262485067309626e-01 -6.035688774247360833e-01 -1.767513916303709021e-01 1.621111900341480894e-01
-8.234323439010073908e-01 -7.261489102472789003e-01 -4.144508308047674117e-01 1.745199292345622766e-01 8.669813090653657461e-01 -2.468793288234083505e-01 -4.619425532671921353e-01 8.915449474004955022e-01
4.381648224060843422e-01 -8.406321797949982688e-01 4.415022815306979265e-01 9.749808325252300456e-01 -6.791406913937059198e-01 4.183596804234024358e-01 -4.843729613084175600e-01 2.258831135494590026e-01
1.516541676381504278e-01 -5.033644546352025184e-01 -7.557685026331426581e-01 -9.028320987979963075e-01 5.767755493012014512e-01 5.636530580381404754e-02 8.451583602573722320e-01 -2.878591239779395572e-01
