4.839011906039998312e-01 -2.514515378159649650e-01 -9.142291467470111677e-01 5.800902236690308467e-01 -1.535990680888739135e-01 -4.261385846681258194e-01 -6.481992346287623885e-01 -9.665218666274701942e-01
-6.333789705212333754e-01 5.903877563672181861e-01 9.245404340136809118e-01 9.669653962884194875e-02 -4.463958340592240059e-01 -7.174815476084916988e-02 9.601737076039964514e-01 4.176366773957365108e-01
2.035118751804045889e-01 9.083673327821357724e-01 8.181141100134410316e-01 -1.632246488602051571e-02 1.944413723027784702e-01 7.481801727529946433e-01 3.845862842969847151e-01 3.997668939811305222e-01
-3.282027963212639232e-01 3.662522973572828189e-01 4.170075253165772544e-02 -5.953315109401848826e-01 -6.693083418091063663e-01 -6.279348533152264711e-01 -1.518370016912580223e-01 -6.625498180138833515e-01
-8.024069619347753424e-01 2.911424238864430691e-01 -5.882909416268611302e-01 -9.511679865056827943e-01 -5.041851974675710668e-01 6.033786076560954115e-01 7.319094341822387495e-01 -5.724450797648414913e-01
-8.732267700558313805e-01 9.534716579319366669e-01 -8.856471664013598755e-03 1.239850260987580555e-01 6.093935711126166055e-01 -4.873968733716860235e-01 -1.002800110931960642e-01 -7.468973488077388367e-01
-9.260188996039917519e-01 -4.014153806269853408e-01 -1.929725605708949576e-01 3.120831806778017192e-01 -5.785861852485478796e-01 -2.377141343570490228e-01 -2.061937037089949243e-01 8.585078294474348670e-01
-6.164904369391588368e-01 2.324433510318735241e-01 7.904955434404925541e-01 5.119706332509665891e-02 -6.264245923858680065e-02 -6.273037462761255068e-01 -6.890008892666292795e-01 -2.338758365807809270e-01
5.712244545160569675e-01 -1.010138340335289264e-01 -5.856778171959895474e-01 8.711056397537313423e-01 -6.907551674675531661e-01 4.528691146374734799e-01 -2.302418885560439943e-01 7.027082276814948791e-01
-3.254009157461854596e-01 6.886529195957551419e-01 -5.467861024767015632e-01 -3.567460303243144004e-01 -9.808909352354484579e-01 -4.537528196345139708e-01 -1.965015517451806915e-01 -1.393970040077039396e-01
