-8.913138715460997563e-01 7.632943566273127090e-01 6.418371866008785176e-01 5.655153275171793670e-01 -2.442494705426454527e-01 8.217433022771263307e-01 1.330817736067155810e-01 6.548844609796986571e-01
1.257723936195551673e-01 2.296662950258634428e-01 -2.636995209236925319e-02 -7.902758669207767817e-01 -2.067924881660507808e-01 -7.605008205516907704e-01 -1.401482886155780427e-02 7.000542065574812955e-01
1.054818816268814352e-01 9.432327734078715942e-01 -5.189993452881211944e-01 -2.374947460575178582e-01 -1.228983063067123904e-01 7.558058541257681728e-01 -2.075901998290010653e-01 -9.730577112159566333e-01
-3.257960488571471913e-01 -4.332803333936241508e-02 -6.711876132715985932e-01 5.859139593140467728e-01 -9.329417986312724675e-01 1.641429475844671249e-01 1.243532686038744117e-01 -9.747809023524418581e-01
3.931439359546433643e-01 -9.802445441049678632e-01 -8.436823712493963789e-01 8.620528148285966363e-01 1.654771809559396623e-02 -8.223603790866691465e-01 -6.589445978159784723e-01 2.955267004212547288e-01
-4.533696643813600602e-01 8.772687062830002436e-01 6.583232821701390236e-01 1.741874963032103985e-01 6.559730930022993345e-01 9.908703846890594136e-01 7.849788070762435677e-01 5.437822236151430566e-01
4.913440589859445762e-01 -1.350020601340737869e-01 4.016783529018090881e-01 -5.347306422644870771e-02 7.739488984723124076e-01 -4.744198444470106857e-01 -6.630511815586872526e-01 -7.983932286584036753e-01
-1.260512313337713852e-01 3.706019459469773736e-01 -9.177345185765397595e-01 8.352244534628101569e-01 -6.871461116624011378e-01 -8.022441344149429110e-01 -1.381370128457020119e-01 2.393190504879982861e-01
7.326032931559200989e-03 7.603133538327089269e-01 1.994354434962550826e-01 -4.613708862974381653e-01 3.542588839170635051e-01 1.835646975913245438e-01 -2.551330047113615773e-01 -8.902204312258059637e-01
-6.818824999457340219e-01 3.447073706067111942e-01 -6.097203977976466405e-01 -8.373344173927479428e-01 8.852192392055984183e-01 6.981119806824558349e-01 3.945195843904536481e-01 -3.324347237567046864e-01
