-7.461544339193135755e-01 4.978835194816038090e-01 -2.313977040531001172e-02 -4.669832005751590742e-01 -8.156428872325360846e-01 -1.020955984620739443e-01 4.853010881703512247e-02 -1.978037135724530771e-01
4.247110141697829633e-01 -5.342747811568973049e-01 3.531584816144381911e-01 7.424516674891268320e-01 2.429303143477479221e-01 -1.176746331874085616e-01 -1.173766159887257299e-01 -7.876494446829349627e-01
3.671137326321098904e-01 -5.456095035333066168e-01 -7.120762553255124416e-01 -1.579195974672606972e-01 8.917214294250503936e-01 3.202158367125034211e-01 -7.112079522677983157e-01 5.230165211020709748e-03
8.054521642248488877e-01 2.082524449270148903e-01 -6.884845574804507873e-01 -4.028728581608389536e-01 -4.480250764165174537e-01 2.641935699676407623e-01 5.925012369625652919e-01 1.872928714948227658e-01
-8.089460983064133970e-01 -1.686937094878404597e-01 3.344266861876965535e-02 8.214008065002023073e-01 -4.938951743315109777e-01 7.885480150923676046e-01 7.220474893419770446e-01 3.975331221667337545e-01
-7.834453928186100313e-01 4.716217166433738228e-01 -9.116500295304648116e-01 -5.923633410459321347e-01 4.744016638493686600e-02 -2.649776895581785752e-01 1.368079330970064511e-01 6.203329154699590564e-01
3.162652666198793039e-01 -2.229833525316047282e-01 -3.445756929090595388e-01 7.254959079432516944e-01 4.769083577228552251e-01 -7.057876382307401997e-01 -6.700263383870042055e-02 -6.632896103871734894e-01
-1.199445236898668554e-01 2.570460570436998715e-01 7.486108982085561969e-01 -9.121334856637481892e-01 -6.377680426793801427e-01 -6.427692193026337542e-01 -9.447948696499073318e-01 7.704619945148187821e-01
5.903512669484878295e-02 -1.598373630157901015e-01 -1.421646192583732038e-01 1.309165570218004948e-01 -4.083228958579645518e-01 -5.621546200107496727e-01 7.249403671737533195e-01 -7.851360703888985437e-01
6.730882060946770107e-01 -3.968524540659514876e-01 -7.466163248587165402e-01 2.046758921144884447e-01 7.209052092048864324e-01 -7.523093054082916620e-01 3.065163692780006333e-01 -5.834475668557779215e-01
