-3.863345657887031770e-01 -9.430443293488246503e-01 -9.560738596833038283e-01 -2.882300463702451854e-01 -6.360149782505726268e-01 7.706488084027875995e-01 3.090344962459783407e-01 -7.373681832427239069e-01
7.780743585368818938e-01 -5.018957622471287294e-03 -2.153946228628187409e-01 5.913604512844523597e-01 7.840015873038619354e-01 3.187580686454849488e-01 -6.357507044190775503e-01 -6.754999166198853988e-01
7.296006058400137384e-01 -4.373848673903732998e-01 -8.378273152109949606e-01 -2.611996290120055519e-01 5.327746342906274357e-01 1.150110271009394669e-01 -2.996861422800543018e-01 6.632577616954478117e-01
-3.250927920839852270e-02 3.887338169712546421e-01 3.759707236272038511e-01 -6.055807044444188048e-01 -6.142478094706160796e-02 -4.391004799829745231e-01 6.899321644745846083e-01 8.438252226074860474e-01
6.714902477823831983e-01 -3.596330938496676843e-01 4.914775646140432386e-01 4.330449460143719342e-01 -7.047427525483400679e-01 7.719700085410190482e-01 8.992286433320100247e-01 4.369081317001515252e-01
8.273245373221247423e-01 2.288155020401789752e-01 2.521976245141099859e-02 2.550525906445932911e-02 -2.837478024511812524e-01 3.249997713447054792e-01 1.471852849525914220e-01 -8.231099222929634251e-01
-8.413926788721861616e-01 1.676872681609653526e-03 -8.817005725561297691e-01 7.878591498904907731e-01 3.820356990604996117e-01 -9.807298371125254821e-01 -4.727901531256168965e-01 -3.214308741042952722e-01
-6.267935658295176182e-02 -9.010463394491163847e-01 -3.045197346526054005e-01 -6.277863962268821485e-01 5.269413112203684690e-01 7.801320666329585318e-01 3.579672514731015998e-01 9.259255685707892258e-01
-1.283803828839500394e-01 -9.727579688900274135e-01 6.535854604783932764e-01 4.455633891686163750e-01 -6.996712780579348312e-01 3.692242020125191537e-02 -4.513939227500141094e-02 -2.438148453747694955e-01
2.490255458844452541e-01 -1.682547771272537851e-01 -8.721771767312112011e-01 -7.216274966100320043e-01 7.964606850265698590e-02 6.050837072811994233e-01 -1.736556549293282181e-01 -2.326609952182359109e-01
