-6.059244848330918032e-01 -6.486428163445132622e-01 7.479474688312948150e-01 2.543373540540505573e-01 7.102285718536809345e-01 -2.111314120709084641e-01 -9.394132754363646587e-01 8.498884100916526130e-02
-3.069360745317248895e-01 -5.349972274367309488e-01 8.416005407259619098e-01 6.392374331345214156e-01 1.890446893517159221e-01 -1.399241151099299696e-01 4.779934397225589215e-01 8.121189740876544327e-01
3.201292239219797331e-01 8.411257255257433840e-01 -4.160232263795982099e-02 5.031289368917892801e-01 -9.540858183952523053e-01 9.206194584283842186e-01 1.945883803324914840e-01 -3.208414925176499288e-01
-5.589148685590845655e-01 -7.835772535938734240e-01 -3.291779920630886203e-01 -8.715834070458832183e-01 9.534898955921720098e-01 5.922178637245880672e-01 -2.680325584072409395e-01 -8.898724253434486808e-01
7.108234341261203681e-01 -7.116946220336157758e-01 -2.161575839084695083e-02 1.070781347358680247e-01 4.013575630995711574e-01 1.234626604255513183e-01 -8.676023330674262901e-01 -4.120529253308480300e-02
3.022200612032512890e-01 7.198053975406450977e-01 -6.698146501535904296e-01 7.363599334108303918e-01 7.715902022487068912e-01 4.150380027276714401e-01 -9.932007134931715164e-01 -9.526297792502507189e-01
-6.501831370206523353e-02 -7.941644801393810127e-01 -8.440641627361911148e-02 4.380037766602604687e-01 1.895778719007432667e-01 -3.686779181477193301e-01 3.000985508573750238e-03 2.524314059428336421e-01
-4.741080985049259677e-01 -8.324791184176143499e-01 3.479798284652513285e-01 8.017364289374973030e-01 4.742994290696498361e-01 -5.132611259042205720e-01 3.954914459551697181e-01 -7.078156099035637361e-01
-3.809270828576321044e-01 -8.061860112623653318e-01 6.412353225614277896e-01 -4.451989714723203484e-02 -8.622986843928408529e-01 -1.939074599748233929e-01 -6.237464348888133170e-01 8.309772237198971290e-01
3.275966142799140446e-01 9.140467568769174989e-01 -2.116095023388095964e-01 -1.334528322484660467e-01 -1.096038762407116618e-01 9.679768694605821455e-01 -4.974510067448494333e-01 -8.563854648898900912e-01
