-7.397807753254919128e-01 1.193082719504794387e-01 5.682272574766056294e-03 5.720983246226007957e-01 -2.411260882725791976e-01 -7.943300355663085455e-01 -8.754459780381802503e-01 2.951583377326676416e-01
-6.906732568065814259e-01 3.748352565623414012e-01 3.230378117942775962e-01 -8.425089230698743492e-01 -6.403712019770717578e-01 8.385467803070258963e-01 3.584391128425590267e-02 9.590777330661859335e-01
8.907777971663171090e-01 8.138254415692349752e-01 7.640727946452507968e-01 7.437514309965729264e-01 -7.186036469182490727e-01 6.995197664204875210e-01 1.152294152145365569e-01 -3.991682480368576869e-01
-1.672916592008251158e-01 3.880060033609278314e-02 -2.624389693437685356e-01 -3.970676146390701433e-01 -5.459517746309612285e-01 -2.416676553883621015e-01 -5.889146231343724835e-01 -5.377841423122007303e-01
-4.871069449499798587e-02 -9.687308621013703824e-01 -9.532788762840962438e-01 -6.914787676320273135e-01 -6.598464157629442273e-01 -1.651667668047236415e-01 2.059305112297415974e-01 -5.129570426578233810e-01
-7.342939635017051714e-01 -9.480261385684962683e-02 -6.567015418895270074e-01 6.998749030082538347e-01 7.196273920085096698e-01 -6.266861051932774984e-01 5.429447440608003994e-01 7.021784998953199963e-01
-6.709079307240755075e-01 -2.043473487969869051e-01 -2.064249104872164509e-01 -2.838542179971785817e-01 6.113452971149995196e-01 4.802201405057338057e-01 2.936886416339639094e-01 3.568434508954050344e-01
2.459671827741602979e-01 2.964303282950666585e-01 4.054051108682936722e-01 -3.197622363861256645e-01 5.644703395726755613e-01 -1.946727770288037007e-01 4.955141615583218417e-01 -9.797765404445604176e-01
-3.934065126512220623e-01 2.178452577123417555e-01 -6.567649611532266896e-02 -9.611872743258291774e-01 6.197819461408424768e-01 3.539667415031266806e-02 6.127904290633350293e-01 -1.460138156607735382e-01
-8.887060196228306896e-01 9.771995165160660690e-01 7.786771947050803444e-01 2.757070311680298591e-01 7.108163293843030583e-01 6.167295197680826568e-01 -9.257202480766086872e-01 6.200799153448046663e-01
