-2.842180410999228801e-01 6.860384037753255448e-01 2.436235422826578123e-01 2.376608731246176998e-01 3.814925400450601689e-01 8.552692477857672948e-01 7.985439304716823727e-01 2.359559514830711358e-02
-9.889725476610624622e-01 6.959031664275514562e-01 4.422892474456883161e-01 9.220401832034732514e-01 -6.625079398391742203e-03 -8.380422515151257912e-01 -5.066040785632466292e-01 -1.438845788965887884e-01
-4.178098679638142521e-02 -6.264636384731470109e-02 1.833386088178889928e-02 -5.018907075536538365e-02 6.065320262036688614e-01 7.029658995887297923e-01 -8.523221698864511531e-01 9.657238364559983523e-02
-9.459116766233093276e-01 -1.165698681119746727e-01 4.185701150826242056e-01 -7.239204317480802953e-01 4.342560170952656229e-01 9.563325621454179526e-01 6.959287058553793592e-01 -9.233865923797910380e-01
-6.862266284559821461e-01 9.746169354228502169e-01 -1.764950440927757214e-01 2.276832427328607800e-01 2.305909264021943628e-02 3.460403027830385447e-01 -2.049843162347761982e-01 1.794140172826685919e-01
4.112641804132666223e-01 9.017838625038279154e-01 3.331730898388163276e-02 6.557929254789041096e-02 -8.726479816370245057e-01 -1.822005391600023394e-01 5.471237357740399432e-02 -2.785922977521604338e-01
7.178390665963114703e-01 3.548846632187698802e-01 -5.676029706600334013e-01 -5.801054805482062093e-01 -1.459554296118272809e-01 1.558710195275636590e-01 -2.559026505159966991e-01 7.143819508752380365e-02
6.648397923309763424e-01 -1.407163568950404731e-01 3.332246829600638005e-01 -3.124095519192766623e-01 -5.497903119835603203e-01 6.244620548050066056e-01 3.385994030446146663e-01 2.056315288057839474e-01
-7.911355085338738213e-01 8.941057094646653880e-02 8.330677358693545642e-01 -9.787533540398665188e-01 -5.989258687516436641e-01 -9.398328291185298333e-02 2.623733292075969281e-01 5.463717135830450378e-01
3.290646702908528454e-01 2.843934488502797286e-02 -8.734471298997597000e-01 -1.762790867272134854e-01 7.946773757393490456e-01 -1.930850194451292356e-01 -4.209021488006023937e-01 -6.254771738861990560e-01
