-6.647216666439774713e-01 2.977799049166485190e-02 -8.951929347477041166e-01 -5.458469949437951829e-01 -3.764116765418901167e-01 8.116340343140155955e-01 9.599883936743436319e-01 -2.394954872766485998e-01
-6.311180733975503276e-01 -2.653241283697833630e-01 2.771592571771415159e-01 2.816238336099055051e-01 8.233668825947337844e-02 5.224600800325507333e-01 1.057435382618563402e-01 -7.613261137172586679e-01
-3.298491287541915895e-02 -3.227728635704298910e-01 -5.449860231115211118e-01 -4.681640496748789015e-01 -8.292813014566309260e-01 9.703750886068600590e-01 2.106172854177015275e-01 8.706171845233900974e-02
1.858381237649051609e-01 7.755010691088559671e-01 -9.501998350796787562e-01 -1.432622611309508631e-01 2.386150580876702509e-01 -7.658349991676358659e-01 5.321676458997677273e-01 -2.003306471499504138e-01
1.737748773104392797e-01 2.777071965946624754e-01 -3.994624961640298455e-01 -8.077890365379392090e-01 8.466678292579450371e-01 -8.875676909334062614e-01 -4.678148079033881412e-01 7.967916691359471226e-01
-8.297926735817169330e-01 5.741109893335316627e-01 -6.583140650581658093e-01 4.389514054117737984e-02 -1.267775766090251111e-01 7.499770775256218158e-01 6.538514114476068340e-01 -4.396533681905425706e-01
-3.483554970580204913e-01 -7.576360302333298158e-01 8.869248813238088669e-01 -9.099096857375952307e-01 6.282369187256675591e-01 1.893712633347297558e-01 7.200222709390600162e-01 -6.110373236963504429e-01
-9.101640091127261023e-01 -5.657571283365001591e-01 3.010721103033133783e-01 -4.527016428801902137e-01 6.019711747315621420e-01 -4.829651798518030947e-01 -2.609293212873020629e-02 -1.035469734064238256e-01
6.650625973991217688e-01 -6.684562138610874449e-01 -4.599090441642834648e-01 -9.618282387300935987e-01 6.322106132037335069e-01 -9.328623813835981160e-01 6.642509709537756102e-01 3.998125947275930070e-01
-3.776163153598310895e-01 -6.812559417168464471e-01 5.957890414401314505e-01 -4.780276014694484488e-01 2.019270073910273133e-01 6.662065675865767034e-01 2.472448841958299059e-01 -4.758020745982287636e-01
