5.229448156794584968e-01 8.996163272392756483e-01 7.322132979142632614e-01 1.367408654148740688e-01 -8.688406408225417543e-01 8.856630592565661875e-01 3.593236649374047520e-01 9.930187126048066748e-01
-5.105449457933866064e-01 9.421799109516348913e-02 -4.734775223675948830e-01 9.073444524453588844e-01 9.026375253527569864e-01 8.775763498520181560e-01 5.950501942372050657e-01 2.220367457676286627e-01
7.605727120491778681e-01 5.898285301341519293e-01 -8.958114367600544803e-01 8.179252704494293091e-01 9.584014005473238118e-01 -5.662928294919871153e-01 -6.559056375504681569e-01 1.785049268983127657e-01
5.202966581864485462e-01 6.168770991478749188e-01 -5.985111049804971994e-01 -1.808179091313872888e-01 -5.865487441243830702e-01 8.957492559804671739e-01 -5.030745391552455814e-01 3.503255469812633915e-01
-1.461003892747831934e-01 8.374835868315713139e-01 -5.165266923312925584e-01 -1.532888986211877747e-01 -6.486452930005099926e-01 -9.278064643056722627e-01 9.310946656299297075e-01 7.304876104128497083e-01
-8.211837502036845038e-01 -3.851925897718713188e-01 -5.783338132811748356e-01 -6.608232371321864917e-01 9.020274853918193170e-01 -8.780024732145352839e-01 2.867071432640209139e-01 -3.081552010109078754e-01
-9.548892059546592037e-01 1.381186224920334382e-01 -3.281236844979884548e-01 -7.275462553501035323e-01 3.104317294459195686e-01 8.322991236765386880e-02 8.702665268774643081e-01 2.927015305831239811e-01
7.077127190753769170e-01 -4.101661646776921799e-01 9.149823222722008875e-01 -1.288046343957072182e-02 2.216435240427041542e-01 2.772073295576245044e-01 -7.168675045074182073e-01 9.091151865585447300e-01
1.731351381071848383e-01 4.838900836818051943e-01 2.488629965268878141e-01 -2.245895356409490784e-01 -5.302553559099238978e-01 -5.741905176719055426e-01 2.653310988603645448e-01 3.948539455646686847e-01
-7.987642808647068549e-01 -6.020156010363657550e-01 2.710500506640078910e-02 -9.141482192714036614e-01 -8.275236905164731205e-01 5.378469046321177061e-01 -3.396526625118356790e-01 5.901670364888431664e-01
