4.508636453909975472e-03 3.370251221299656041e-01 -9.662131986293092112e-01 -4.961974847465491223e-01 4.696562452093202555e-01 6.630374139762662544e-02 8.065463609390048916e-01 -2.934581533650006957e-01
-7.652875901790743285e-01 4.219900771175650878e-01 -5.183987124077855668e-01 -3.138815397436345300e-02 2.090462129626637910e-01 5.545315930511725000e-01 -6.081469230429030759e-01 -1.762038197312925103e-01
8.624769008627675149e-02 -2.685715940606601126e-01 5.709846654346515393e-01 7.560470106950178959e-01 -4.630582299893704068e-01 2.827542305896568742e-01 -6.468451605425609152e-01 -9.010164916085872111e-01
-4.281403073541250048e-01 -4.201988793455662119e-01 9.201677745599980973e-01 9.897056224122742218e-01 -9.527505383488994450e-01 3.303640606918640810e-01 3.468947033292366644e-01 -3.568860763092041033e-02
9.070965442230427556e-01 -5.605003077054411253e-01 3.529442288370081560e-01 -6.093823244368508085e-01 -9.637260726475345152e-01 -8.495402877102595784e-01 -8.649299030652268794e-01 -8.350196289911473446e-01
9.515047814078043675e-01 5.447493072634224109e-01 5.538221319151701572e-01 1.868431465126663138e-01 4.761412692983473249e-01 4.211597887654026096e-01 9.352673906192889852e-01 -1.281636633780929291e-01
-8.375296587204443810e-01 1.843891577062750642e-02 -8.198183561527623286e-01 -7.071750301782495640e-01 5.510101674383607318e-01 8.254026034925423527e-01 1.283993850044495844e-01 4.496755712953521833e-01
4.442469252511178635e-01 -2.424488004118252604e-02 3.874214635303943055e-01 4.075474491597974591e-02 -5.007066635415089451e-01 -5.004926477490463377e-01 3.499836669521787513e-01 -8.038627900546320149e-01
5.344023970194413664e-01 -4.558110375010195892e-01 1.889340165793700343e-01 2.462856124960479676e-01 3.232169646296270127e-01 6.176112353076399497e-01 2.732477528397834199e-01 4.818715573614167358e-01
-4.677698316227716369e-01 6.402322719447453014e-01 2.435336455854186788e-01 -4.870359347053556665e-01 -1.820091652642763513e-02 8.287443088025157056e-01 4.007097399292784967e-01 -2.557058153947908696e-01
