-8.773377103379569331e-01 9.292263015165456164e-01 -9.300244424430086365e-01 6.826105987224577731e-01 9.898530913859513447e-01 -5.412425068715254195e-01 -2.764752180625513756e-01 7.754560286537177660e-01
5.339811708643842358e-01 -3.390678477098372223e-01 -1.367593427402513662e-01 -3.947232174925734416e-01 1.758403384055362562e-01 -4.848414343901072954e-01 3.043178897072498224e-01 4.357094238675363052e-01
9.960457744424053850e-01 1.143272556066166068e-02 5.433024476378078838e-01 -2.861705725839509551e-01 7.453483558865081626e-02 1.467277603180048295e-01 8.602228965673213157e-01 8.253181049029358896e-01
-5.005762805524616166e-01 -8.508792607241828510e-01 -7.062491167752213972e-01 -1.239899613638568709e-01 -3.034243611930662610e-01 4.872955630828335050e-01 -6.317723442168150516e-01 -4.773600331585901024e-01
7.766011955254863430e-01 -1.958414829587176165e-01 -2.165124429006870521e-01 4.959910050483999910e-01 -3.344539873438074906e-01 -5.700392807428555919e-01 2.430511533184349648e-01 -5.389521590742332169e-01
9.903271276976408632e-01 -2.296247323687783393e-02 1.083466697703892034e-01 -5.800609210512090996e-01 6.045350792165904430e-01 4.955975357248143531e-02 -5.329336089329350656e-02 7.862269577556602052e-02
-7.111538751572792361e-01 3.779028387373188913e-01 -7.595787505666891093e-01 3.528274497802215137e-01 -3.608407985246686600e-02 -3.187641602348141312e-01 -2.691586770541367635e-01 8.383356021754744258e-01
6.073426593926811723e-01 -2.913885414955286191e-01 8.837720202348080534e-01 -8.131825991784653596e-01 5.606255488540743404e-01 5.000160345886863755e-01 8.729881231592990787e-01 -8.700473349718154115e-01
5.083655912446658487e-01 7.228502203704723073e-02 -4.812607320873711902e-01 -3.189429253317583868e-01 6.058153579293905633e-01 7.795664324565010350e-01 8.487983100982734452e-01 8.240604317162201209e-01
-3.293819211406616709e-01 7.954896562833575491e-01 -7.351745662109643309e-01 9.056858367363231910e-01 6.271734994451305667e-02 9.776531079385415435e-01 -6.476389580505523824e-01 3.087975514356193774e-01
