7.200294954772821221e-01 3.955752102327836361e-02 4.410103555912319173e-01 1.432958994356372529e-01 7.414386300642081817e-01 -8.622358103936460516e-01 -9.718710416863962642e-02 -6.645254981362938018e-01
3.418533478072189880e-01 5.378889478451442940e-02 5.886515835993824108e-01 -1.361532071266409183e-01 -7.468638195221144471e-03 -5.004696856479018408e-02 -7.682319215514450406e-01 -8.913688340605943061e-01
-3.913546551681359453e-01 -2.226024159777491018e-01 5.817500453621982093e-01 8.772390618422136743e-01 6.693993410124876586e-01 -3.676852099422776021e-01 2.978807021174310066e-01 9.345647054911894180e-01
-6.830386859485788609e-01 -6.997073821814123740e-01 1.012854790990445064e-01 -1.347989829342843837e-01 -9.269200737335736573e-01 -8.804120147275724673e-01 -9.185284395416417613e-01 -8.512986447475276996e-01
-6.395560699540243643e-01 -6.368414654035730038e-01 -8.465944617231744296e-01 6.036310337990717922e-01 -4.114944967459002179e-01 2.832240777930035147e-01 -7.444360479208178560e-02 -9.160621532342290152e-01
7.786024349113089826e-01 -8.230340734366614619e-02 8.286721639068048706e-01 4.253819327534908989e-01 9.829789090515401728e-01 -4.034224590658475051e-02 -7.604692313047516361e-01 -8.757467581181190841e-01
6.494313049281503769e-01 4.457077767891455267e-01 7.972253163656941588e-01 8.403049962209403478e-01 -6.286030380120088967e-01 -1.194268946399277276e-01 2.029279886414081524e-01 7.183899921778038600e-01
2.485460228303759678e-01 8.875783860198560582e-01 5.820729245911444583e-01 -2.384121395832758949e-01 7.930722792791102815e-01 9.308379198282787925e-01 -2.519660612100929065e-01 -5.294963136435566486e-01
7.448765741544416397e-01 8.286616921427323312e-01 -2.241008801957504737e-01 7.428880550970446972e-01 3.918658158444636719e-01 4.157469601203542808e-01 -3.418754494882620953e-01 2.576679371682226716e-01
6.417467159574588020e-01 -7.862009169978372292e-01 -8.104323537326416638e-01 4.381145435163489310e-01 -1.586849881666303475e-01 9.915415825529603211e-01 -3.323033722052335381e-01 7.603141398840265186e-01
