1.042537183894369779e-01 9.855420503761025408e-01 -7.506494704232831161e-01 9.593117960543067202e-01 8.002088552881165828e-01 4.659986488284202366e-01 -4.709344640810073646e-01 -8.995760223634561292e-01
-8.816012887422166600e-01 -5.864433239771866813e-01 9.703129752784724893e-01 -5.581907901573950337e-01 8.442753062260535124e-01 -4.801689096132286672e-01 -1.517811201429293266e-01 2.503391241124777178e-01
-1.187531965688446434e-01 4.268766472185381300e-01 -1.898305378258642317e-01 7.415695993889537263e-02 -5.375012149700268971e-01 1.102916330693624047e-01 4.797283500803835032e-01 -3.939367579369239536e-01
3.526186735281047202e-01 4.979112218668495515e-01 -2.694735378717616481e-01 1.604509321920399856e-01 9.207177653902969272e-01 4.683605840377074170e-01 4.061159210797777863e-01 7.474212109030911044e-01
3.698475064016366609e-01 2.311444831169011671e-01 -8.687167394997781233e-01 7.654388139668704127e-01 2.487707742289282375e-01 -8.869098037350060526e-01 -9.285873654662379906e-01 8.479426277533992362e-01
3.282402990637010021e-01 -4.607389052130084206e-01 -6.362321834012312216e-01 -8.704674986611922183e-01 4.535873608795215617e-01 -5.230647277164268694e-02 -1.594911919989900895e-01 4.038945204045731874e-01
-3.490887255244461418e-01 -8.876464232586154246e-01 5.803716485584973217e-01 1.333153720491422334e-01 -5.999622804022031186e-01 -8.325500143544031229e-01 -5.108813937917062731e-01 6.270519993407215331e-01
-6.971770223099877928e-01 5.718639429029364063e-01 7.353610362279081603e-01 -6.872486574445839658e-01 1.102399260443043261e-01 -6.422248074504302018e-01 -3.618884132975432877e-01 -7.136057388904344378e-01
-2.880678158488501062e-01 -1.994076188275721861e-01 3.485345641795551952e-01 -1.743570378733096948e-01 9.990988534400362386e-01 8.134453758807420609e-01 -6.393600190924264570e-01 7.066253626548670841e-01
-1.858747261129010120e-01 -7.214280806196968765e-01 2.240864017204517999e-01 7.705130730619602630e-02 -7.617301423710323149e-01 5.416182966672304921e-01 -7.010031173834196938e-01 -7.704547495352624953e-01
