5.176190490372933883e-01 1.632530838210775048e-01 6.556712800109203432e-01 -8.640818438353787823e-01 9.162889923740213938e-02 -8.043403956196508720e-01 2.800356440582281170e-01 -9.546947202104463237e-01
9.740463997826431797e-01 -2.535337932422985219e-01 -6.813544724896962723e-01 -4.015829072668677391e-01 -1.862315098186848594e-01 -6.903869378845106652e-01 -4.668570443773520928e-01 -5.549141685034464366e-02
-2.219884504552271931e-01 -1.024428991894741348e-01 -2.842886864019751325e-01 -9.504816268175926286e-01 -9.515212760444049511e-01 -9.151366852226447968e-01 7.756931802094675366e-01 8.948537518715753425e-01
-1.325900488012503597e-01 7.860492378483838749e-01 8.872529179139765354e-02 -6.942110695215963911e-01 4.193192818599407179e-01 2.148027888165979782e-01 3.701561094446348399e-02 4.364540022156182530e-02
-3.437629248509870283e-01 6.432070326997607612e-01 -1.246084842074319798e-01 8.528772767471548555e-02 -8.227407541068603170e-01 1.843901920302204456e-01 -2.014014815882605447e-01 6.456793483957168345e-01
4.815951234209518983e-01 5.999426168849675278e-01 9.790054149359155300e-01 7.589625011647933572e-01 -4.465628335267477489e-01 5.027451400700972961e-01 -2.183966790359581633e-01 8.647599767541616078e-01
5.900000089660724090e-01 -5.895170713375552651e-02 6.838786669508611915e-02 -6.771786000603214895e-01 -3.435900209965061514e-01 -7.022942059547137017e-01 6.831743102286171876e-01 -3.454330083656065309e-01
6.498003707618171809e-02 2.000700715337471181e-01 6.877145701654805432e-01 8.299704113095838220e-01 -6.999215255327715379e-01 -9.158190959901948425e-01 7.814154974304470258e-01 8.431140571360506986e-01
-9.915292954080454635e-01 7.897335343442548616e-01 7.400727837440634893e-02 -1.383285467316548445e-01 6.552446984589130885e-01 -6.347106720924140522e-01 -9.751308015794268869e-03 -6.040503581462239868e-01
-1.957325634529167857e-01 -9.777681955691541749e-01 -3.482085554355998092e-01 -7.932693335734173345e-01 8.694153076716863993e-01 4.616721119359543657e-01 -6.982328967545152754e-01 -7.155124354567483635e-01
