-3.806137811381005154e-01 -3.503927403762625570e-01 -9.620672847312810028e-01 -1.894438975964585214e-01 -8.793649598420578695e-01 7.072590358261325871e-01 -7.343537826968487003e-01 -2.976447122259755496e-01
4.883022736901243555e-02 4.820842919968422180e-01 2.878611705096416618e-01 -9.899459887843204964e-01 -6.583850726287709954e-01 7.214712420211901733e-01 -2.089344804172876824e-01 -2.051827158658112715e-01
2.495269345815698259e-01 -3.989399804298938701e-01 -1.701270402553693994e-01 6.474239353521034079e-01 -7.298381400207880620e-01 1.939150683959804944e-01 -1.787066225959992316e-01 1.268676350931108310e-02
1.541562155976572424e-01 -1.780372524490367869e-01 5.363648207854354588e-01 1.999569566052374903e-01 -1.037720316927690511e-01 -2.835874626298899859e-01 -3.525775651239817510e-01 6.859143165990368995e-01
-3.035814378458792095e-01 7.916032326020918664e-01 7.127510430939518749e-01 7.620877413835187575e-01 -1.026151319542496498e-01 8.481288079285935755e-01 -1.172912143059279266e-01 -1.142298264140482189e-01
-1.363153763824638265e-01 -7.490410168096055532e-01 -4.972534159196877468e-01 7.527433220787773660e-01 -7.203259932899419571e-01 2.711221285414344706e-03 9.336114797254881914e-01 -6.457455812886410129e-01
-8.186550156021659141e-01 -1.197936399700345600e-01 -8.207580012155171190e-01 -4.646172477432319869e-01 8.446285638891755099e-01 -3.319960296258868127e-01 2.203191178752330615e-01 -1.874171388854000142e-01
-1.791454243238452815e-01 3.788911815626281321e-01 -5.083943001519364291e-01 9.265315235268190008e-02 -5.817276675105973460e-01 -3.582516658485570549e-01 -2.038759176268258866e-01 -7.711174246504117757e-01
-4.786027986700025494e-02 -5.611172759823350731e-01 -6.974175976907948105e-02 -9.778363735818520475e-01 7.670699804231635444e-01 9.725743953073757719e-01 -4.265939354587011678e-01 7.578333747755960914e-02
4.786749695979193309e-01 -2.662275786409771250e-01 2.565622828088789387e-01 5.680003529846471277e-01 -6.388304238245754441e-01 -8.742994059361013370e-01 -6.828469077248908725e-01 1.088397382954742199e-01
