-9.715266602970054066e-01 -7.863630500116425281e-01 -1.491560319940941071e-01 -7.139642317578236419e-01 2.295119638989699951e-01 6.757640072967183720e-01 3.746601991504996398e-01 -2.754991632440300098e-01
2.947020733256617842e-01 4.819467736825118198e-01 5.146381734797200735e-02 8.841167074861464581e-01 -3.916469366789900874e-01 7.704854932127020994e-01 2.868547371105107935e-01 7.529705828618076247e-01
3.259671000677573094e-01 1.135537395466632571e-01 4.491961802041100071e-02 -6.997861230564419444e-01 9.862528854820573621e-01 -8.641614757321696150e-01 -2.866885299121673114e-01 -1.987083533669637969e-01
3.364166636192684745e-01 7.490431837286466443e-01 5.423227593981081451e-01 1.107178787652716156e-01 -9.297604786854603010e-01 6.590097491828321719e-01 -1.454839247586123818e-01 -5.227714781362970964e-01
3.150156941449155923e-01 -1.777722152717642334e-01 -8.977247764346141246e-02 -3.550599082487604363e-01 5.826791422208426052e-01 -3.645108639686684970e-01 -9.910337488814870976e-01 8.517034862800019202e-01
-8.540575387961388820e-01 7.266158295636271358e-01 2.792916856608922416e-01 -4.326141226051121169e-01 2.318435192373802245e-02 -7.771031261093559461e-01 -8.518631014803570434e-01 5.190338002702179487e-01
1.839414193998543112e-01 8.138587231181324544e-01 3.206420318112308543e-01 7.771450307469418561e-01 -9.866570127973008919e-01 6.475248664716564129e-01 -8.433001073020569560e-01 8.634619592861934034e-01
-8.916342621246204914e-01 5.181701390470558888e-01 5.427319579178946363e-01 -3.579093571839990773e-01 -6.056921611324688204e-01 -2.009439499780727445e-01 -2.559039259693502988e-01 -6.785057523206492469e-01
-7.309181612289097352e-01 5.850218227297188101e-02 9.293362820813315661e-01 -3.860314050678814723e-02 3.192571164945907647e-01 6.922233673695792344e-01 4.737852524903922724e-01 -6.953410790012961584e-01
8.318693772802581154e-01 8.822060272445431117e-01 2.141360776623049134e-01 -8.884323970781546898e-01 -6.775841815112797484e-01 9.879428058834909265e-01 8.849713886680257158e-01 -8.603394940183293205e-01
