-2.542241044231341451e-01 2.378652626650601398e-01 -5.477813413045091728e-01 4.927156578213076621e-01 8.818159244075476355e-01 -9.009184872882878281e-01 9.685246889930327896e-01 -3.295303532871551866e-01
-3.993250276236426366e-02 5.430580517250835904e-01 1.324269325215765569e-01 9.713697285268740877e-01 1.310290432678726802e-01 9.847671396714976488e-01 -1.581513000967424976e-01 -5.785907013153930301e-01
2.297038376149955763e-01 6.841220342399185750e-01 5.254346439860828610e-01 -4.273452810797659929e-01 -6.241091965877765269e-01 9.492321211430432282e-01 3.159872839386819177e-01 1.214867280887046430e-01
-7.529057774351779475e-01 -8.749750406726375385e-01 6.302580554037700011e-01 -2.382196310536963679e-01 1.082762170206004182e-01 3.779267821437530817e-01 5.983556308043527228e-01 4.977027034873238165e-01
2.454788541293249082e-01 6.952259737799009187e-01 -4.952069586002367796e-01 7.884394554253406628e-01 9.539338678700977070e-01 -9.944179582227079539e-01 -4.285596016947144093e-01 -1.098123953091434402e-02
3.246178556624412792e-01 8.030658404621549007e-01 7.411781346273074167e-01 1.304884156150079022e-01 -7.543731992527091812e-01 -9.480576854707114531e-01 4.885859095844824473e-02 1.556229213793172139e-01
-2.120893839241828616e-01 -4.873264696669752372e-01 -7.556472617363598765e-01 -9.634988351875173329e-01 5.734602604770215883e-01 -7.193748672665796207e-01 -1.384034097460040691e-01 8.477037381619847434e-01
2.596899476304022070e-01 5.215157880253742384e-01 5.465017195205275069e-01 5.109591141999967334e-01 -4.451286732200543383e-01 8.236702990470496921e-01 4.632993020595363998e-01 7.688219683074637434e-01
-2.186856005911514966e-01 -7.592308200513657734e-01 -7.588078540671452377e-01 9.499948347194557829e-01 4.158813157247653880e-01 -2.886408533396447318e-01 -8.997156747598309412e-01 2.582448764339302372e-01
2.237695729813180545e-01 4.200441920517268279e-01 6.324125785083960505e-01 3.066972598559689622e-01 -1.904812102120618800e-01 -5.552633594069724676e-01 3.012094279220756121e-02 -6.729351338631126556e-01
