-9.228781316208505281e-01 -9.303469098047427721e-01 9.174328127054451887e-01 -1.261429888860396975e-01 1.423417197535055134e-01 8.701784907246870038e-01 -5.052741369540816319e-01 -4.584778388548877981e-01
-5.689102110799786338e-01 -6.416064661102853783e-01 -6.404783281279211593e-01 9.260669100754361782e-01 -6.585334195641578958e-02 2.372821535727303033e-01 -1.284479516020413659e-01 2.760883246153507109e-01
-7.347700124364986429e-02 4.928653317961491087e-01 2.009138154215261984e-02 2.580456933312376133e-01 -4.438405234163886881e-01 -8.206448054825703498e-01 -8.530943992323776204e-01 -1.605524771696882347e-01
4.074952958977229311e-01 7.280941763085295726e-01 -2.971922287302342092e-02 5.348851017190026091e-01 6.996107844729124725e-01 -9.245002547510283719e-01 7.915078824443297911e-01 4.895646544508212017e-01
-5.991378467873336167e-01 -2.037824023875709489e-01 -7.339750187978610896e-02 -1.303150320231458714e-01 -2.285048848103921060e-01 8.335764577261457475e-01 7.679614511200258953e-01 7.605574651323330215e-01
8.798908831648142304e-01 7.298484411768650926e-01 -8.254168270751742753e-01 2.050282013014557148e-01 -9.203507088184714746e-01 -6.507217242006892999e-01 9.226525097756244076e-01 -6.661817646283254568e-01
1.599385649875280091e-01 7.408172302710087642e-01 8.117858901233683255e-01 6.748531818001859417e-01 -9.624117784850150237e-02 -4.479462528807880428e-01 -8.568037498434724064e-01 5.189431521251657298e-01
-3.026957561629584070e-02 -1.573120392936881995e-01 -6.426854202591021359e-01 9.948837357680950788e-01 8.912318119516775550e-01 8.463891440622113294e-01 -5.426346407269304617e-01 3.598077112829685120e-01
4.695186613639725781e-01 3.483972332266622729e-01 1.143298083703327972e-01 8.010759435945025153e-01 5.034954060788112695e-01 -9.746993032331991991e-01 4.368484017569786992e-01 7.778050830503913105e-01
9.924830760956371289e-01 -2.249898390547582228e-01 -6.495690865566938754e-02 4.156267908880728612e-01 7.231539814166987323e-01 8.420726601942560841e-01 -5.477098623815266354e-01 4.155298496024717458e-01
