-5.011154302681228856e-01 4.864531079687033355e-01 9.490831225494522627e-01 1.645707898188080165e-01 -6.880641336380894924e-01 -4.699187634068922037e-01 4.866822282596994231e-01 -4.242634886079157397e-01
1.547387346671948993e-01 6.602989514513317726e-01 2.066718349440284097e-01 -3.529527502221139201e-01 -2.828924046522187652e-01 6.989162012768608268e-01 -5.711612699207535560e-01 9.407877474079122671e-01
-7.955101934193620217e-02 -4.228030912787037465e-01 4.713351244838861476e-01 2.395126354638601462e-01 -9.119201778470396036e-01 -8.669587046506479489e-01 1.814195045659339200e-02 -7.321248428898556870e-01
3.402367917865105618e-01 1.805930170542180413e-02 5.238175925204253680e-01 -4.742924086841671105e-01 -6.368599729210322469e-01 -5.706877134170917909e-01 8.483909315741624546e-01 -7.578874676290661139e-01
-7.819302203738671686e-01 7.460434590925242304e-01 7.579275555143991649e-01 -6.229046021386854814e-01 -3.479020147040594590e-01 -5.698684811230294578e-01 7.613705567346151781e-01 8.883489103534529807e-01
5.304054221306391259e-01 2.611332052966151007e-01 9.740592427495056160e-01 5.112345170914323056e-02 3.202136542421618604e-01 1.317351795718664231e-01 -9.097979919442824581e-01 4.930218806133175313e-01
-2.252892948338711676e-01 2.628928698888177706e-01 5.816415930543243906e-01 -7.909694539011442593e-01 4.148535426097559320e-01 -1.680997047849863701e-01 -4.429866916147240374e-01 5.953157315797155125e-01
-6.445730974938166380e-01 2.489196087045515426e-01 8.724756972137126532e-01 4.599410020833230028e-01 1.522239080857938909e-01 -1.622715404445791432e-01 4.549053412676877794e-01 -7.351397060675803896e-01
-4.414584720034901988e-01 9.787105077895497107e-01 -6.432914968350453844e-01 -2.255102677460969485e-01 5.684961017808731754e-02 2.435645123012606383e-01 -5.908779694454135978e-03 2.443630393043754179e-01
9.985346821353711100e-01 -5.443742821824693046e-02 3.113972712652550712e-01 -9.361547719588314553e-01 2.445365221638073905e-03 -1.792696290074924370e-01 3.803710882272748339e-01 -8.466299420796901121e-01
