2.342893943650923294e-01 -1.715836235319263547e-01 5.441090131659314100e-01 -5.060762066794932679e-02 1.089769904570641046e-01 6.622833541488544196e-01 3.998621335383882869e-01 -8.190729668263907470e-01
7.958082807174804429e-02 -3.819830319214654324e-01 8.412626172757684540e-01 -3.074720186678292499e-01 5.086598872147096717e-01 9.890550141465468403e-01 5.177305590001868296e-02 -9.839246110329340489e-01
2.514081961691165823e-01 5.062964031089329797e-01 -2.553889568049243497e-01 2.338771558807750672e-01 6.190090672137789074e-01 -4.381366796577035316e-02 -5.253370700989696829e-01 4.403474561959643818e-01
-6.700494548019642060e-01 -7.226682310383285568e-01 3.783039655957090019e-01 6.955764715126198094e-01 5.496820535797344309e-01 -1.095376871741666758e-01 -5.693416457503077677e-01 -5.809489930346112274e-01
4.278408576983281364e-01 6.046276754114290330e-01 -5.769467122678815230e-01 2.296428453859733487e-01 1.204598278733708394e-01 7.388756261638609324e-01 3.911068831527855227e-01 -9.314220889051838537e-01
4.204743880327190819e-01 9.071103445761778961e-01 -4.205180018699916644e-01 5.029279533915567146e-01 4.758933258198971838e-01 3.582355202731875021e-01 -1.978089445101880450e-01 -1.230736739790634360e-01
9.052424551312461265e-01 -6.295188909070101868e-01 5.713343314155614472e-01 8.926224477988922157e-01 5.889995859359862251e-01 -7.603806048800954009e-02 -6.012260548577430530e-01 -9.133339994541926909e-01
-7.383232215795068054e-01 5.217684745799060497e-01 -6.012586414025276049e-01 -2.318593467396776742e-01 -7.282041456742325281e-01 4.194243221225757434e-01 -5.086826559032344708e-01 6.316740492558068354e-01
6.468953169294024974e-01 -5.859780457036591894e-01 -2.430115207376319919e-01 6.814309160799401077e-01 2.279602459755316612e-01 -9.311625666947374036e-01 -3.355032873801719884e-01 -8.904632455952656844e-01
7.521244786065368615e-01 -2.340300491973736907e-01 3.865711354691687696e-01 -4.014204602735138572e-02 -4.131339972037442188e-01 -4.797966085497094024e-01 3.732079172921620724e-01 -9.567244266649332918e-01
