3.005713197492321243e-02 -7.651647505981979958e-01 6.369043558984317510e-01 -8.321834191029895411e-01 -3.835314066863615423e-01 9.966542650635616951e-01 1.479174551329180964e-01 -6.734653620244850369e-01
4.004378184710899458e-01 6.526762393206633206e-01 -5.922665192237921428e-01 1.174848389391769388e-02 -9.853916592601683622e-01 3.248783768344061240e-01 4.630645315665633532e-01 5.841588229138543475e-01
5.272929873160332459e-01 3.126739868064309924e-02 -7.880194817887267167e-01 -4.306129820772204297e-01 4.785619704150523290e-02 1.675786897251343444e-01 5.717861511639066308e-02 -6.759795924998048822e-01
-3.371462196462478023e-01 4.191868691224427401e-01 4.452428829728753978e-01 -7.031278116503429931e-01 -6.698169264635216447e-01 -8.224932809225335983e-01 2.013296587413400118e-01 -3.536599412834682266e-01
8.841988467028756293e-01 -9.733880052584504838e-01 -4.802711747327892411e-01 4.783954788461890484e-01 -7.213558816381600014e-01 9.105153627161615137e-01 -5.716611355235921010e-01 -9.593945999776445355e-01
9.052633060353914018e-01 9.389273323164857299e-01 4.902345408404256144e-01 6.334833918896132232e-01 -6.009667258309789872e-01 -5.429472159989745528e-02 5.703823228741076168e-01 6.582748159556057743e-01
8.673821470785993970e-01 6.445081140421244914e-01 -8.776142476038086837e-01 -9.699033639849619082e-01 -9.625333722594420216e-01 -8.631910664249786702e-01 7.639954305160689962e-02 -6.828577916481821664e-01
9.006366742216371790e-01 3.198981610510338580e-01 -5.706256541587491071e-01 -7.660887172673720436e-01 -7.442283104967775120e-01 4.062576913996878147e-01 1.069444801740071505e-01 7.505260656645784678e-01
9.700475178270770993e-01 -6.128856053026994211e-01 4.529963870982616214e-01 3.083712268865659301e-01 -9.383634040021884282e-01 -9.115671127252786832e-01 2.417718495182625826e-01 3.614747490674727892e-01
-9.424649234661930386e-01 -4.038501658937287964e-02 -8.423376164534472910e-01 1.442295139448481756e-01 -1.115143912715446106e-01 -6.000951352726375809e-01 -5.747018053556736117e-01 -3.319586347283352001e-01
