-9.691939734427101882e-01 -4.913701916899522182e-01 -5.126849107332687172e-01 -5.072929156379692994e-01 8.538333733651943813e-01 -2.803774552466540282e-01 -1.856577212959211742e-01 1.904706931286959115e-01
-8.340729827142157049e-02 -4.008926007624602494e-01 9.727466726147993015e-01 6.230560237867732720e-01 5.217198402512204236e-01 5.825938722878594156e-01 -6.414235211723866570e-01 6.463339248386623659e-02
-3.635910269324260646e-01 -4.359831723562175299e-01 4.562690254483880992e-01 -3.238241639124583848e-01 -3.514850824049926548e-01 4.167338776793678701e-01 -8.007554538944994249e-02 5.330761494561344627e-01
7.944724192843088950e-01 -9.314783153935533022e-01 5.364608029797381938e-01 4.091387795616963086e-01 -1.609786893445301903e-01 -8.966753198779033873e-01 -2.504521361602418672e-01 -4.384835506621462820e-01
-6.016010415652424115e-01 4.148643524896395984e-01 1.548780046499544927e-01 8.487374598960586436e-01 -3.452149169001395013e-01 4.810230035513667346e-01 4.212395496852834320e-01 -8.533654251901527932e-01
-7.866276110131908972e-01 -8.334561018596955417e-01 6.645208587539253031e-03 1.126346722451392335e-01 -7.371197863292571206e-01 -9.194172748631883607e-01 5.123508882727421110e-01 6.299659356526938758e-01
-6.450305298180503133e-01 6.428869031895820818e-01 -1.950482714919172800e-01 6.108535032467674597e-01 5.251014027027010034e-01 7.596990825628553434e-01 9.122878797872775447e-01 3.598601506309913045e-01
8.951694978431155025e-01 -3.693634796428557632e-01 -6.445270325718468474e-01 9.381703343831881980e-01 6.509526910980429903e-01 -9.940442938919507032e-01 -8.047700183885047043e-01 -8.870933545443526747e-01
-7.743268025466671922e-01 5.616117423432354094e-01 -5.630055431908651542e-01 -9.303419140088977635e-01 -3.866925210607088381e-01 2.669119261837384904e-01 -6.071065441138623342e-01 5.465986134251856754e-01
2.684322253780480061e-02 9.510166732689453450e-01 -7.210033170914289524e-01 8.955409748194480546e-01 -2.288028194445157482e-02 2.487494687680882333e-01 7.690283325382190061e-01 1.714610671513254747e-01
