8.723895686708382780e-01 3.670744984951404000e-01 4.893120825356727099e-01 7.524567082203121871e-01 2.116460977686982492e-01 6.947026465100978321e-01 2.887464196575135755e-01 2.340189832978305517e-01
5.014266723866340758e-01 -1.428442935152469673e-01 -8.282309901578259748e-01 9.854345642962423213e-01 1.458458574385697037e-01 5.507295841492689803e-01 -3.166022853087764322e-01 -6.366633065998572594e-01
5.457101870467366833e-01 4.381076882668073491e-01 6.994235147230354332e-01 7.441755733292187980e-01 8.765229799829334922e-01 2.327439509859412503e-01 -1.913249254127808996e-01 -4.850611488016884909e-01
-4.169204003215811749e-01 3.001289982149026869e-01 1.749635899312205201e-01 -9.192674727782732536e-01 -9.062420607649892546e-01 8.239199667304752950e-02 -9.677776288220656387e-01 -4.935754726858871955e-01
-5.926022392197425326e-01 4.687542850153492147e-01 7.949560285637868873e-02 -5.459970595541507876e-02 4.585914633117698092e-01 -3.481498950836556805e-01 3.101437302399363549e-01 -6.194852705666811232e-01
8.500806644971217185e-01 -4.521344906101276706e-01 7.503596678060369118e-01 8.014009741458150149e-01 4.561363149016499641e-01 -8.071071921152681572e-01 -5.061592447627387692e-01 5.188026737348196971e-01
8.904339327980204111e-02 -4.013414051816144301e-02 -8.305357573705036689e-01 -9.781367452733815693e-01 8.266114948915936900e-01 -2.976086118554646109e-01 -1.615061081942872345e-01 -8.361365153423718777e-01
-4.481593130780525680e-01 9.429255330852179817e-01 -6.725151893652672186e-01 -9.100346947902486772e-01 9.014423426789150984e-01 -5.687593548506311159e-01 -2.644819384470440404e-01 -2.865985385007958630e-01
4.592455180872168086e-01 9.775506796278299326e-02 1.858610895896430915e-01 -1.461139854947210992e-01 -3.931026249846987231e-01 -1.387280133933921356e-01 1.202427861319608215e-01 5.526251426321928673e-01
-2.607094957372861899e-01 1.185674406022692029e-01 7.861344658095621440e-01 -2.327749141445167869e-01 1.973455647746331643e-01 -7.629859001856924561e-01 -9.996271262491831511e-01 -3.896391735244981724e-01
