7.612973735916550577e-01 2.698736538750425851e-01 -1.839316646095492391e-01 6.105460268069911045e-01 2.733151025225706299e-01 -4.417204779259045200e-01 5.806318531164933461e-01 -5.684584290340906065e-01
9.980515967828120782e-01 2.717089631260776184e-01 -8.571409127287139551e-01 -6.072872264938560249e-01 -7.985620070871770615e-01 -2.716616167621146438e-01 2.784105213316785399e-01 9.442185229740436281e-01
-9.446080610319018689e-01 -2.738667061191710772e-01 -7.066054680857063452e-01 -2.053051377737014072e-01 -8.473180560973061493e-01 -4.226237425706418360e-01 -7.772645315061341709e-01 -3.657778324975182738e-01
-3.791298849982094321e-01 5.488647716392587306e-01 6.253363757688368274e-02 -2.873850196981273530e-01 -3.155433003278145243e-01 -8.548180529151041540e-01 1.570424098997686979e-01 -3.804445380880117078e-02
-8.596926398675441838e-01 -5.538503739472011578e-01 7.052490175405301542e-01 -4.454008363738075627e-01 8.265750938221791966e-01 9.387652608530467901e-01 6.916243642313568696e-01 -8.360836091135084303e-01
-4.565385636535792546e-01 -1.847763141769969142e-01 -1.470516736967584226e-01 -9.460417676390984187e-01 -5.559412549274969084e-01 6.069864926788075543e-01 4.956815740144675519e-01 9.778203681243395895e-01
-2.851719610265377458e-01 2.368602740977954202e-01 -1.081443394957770643e-01 -1.431640252559345239e-01 8.331628128773689301e-01 9.843930670770490998e-01 4.149909930466773034e-01 -9.103109896819863156e-01
-3.681328315663727757e-01 -3.899961867277998984e-01 -8.335707747427847369e-01 -8.109869692328781632e-01 6.159380720682632315e-01 -9.663244514938953422e-01 -9.762584618700076433e-02 4.551088021184048760e-01
7.621062050979061642e-01 -1.857829100459575944e-01 4.807884447481245438e-01 8.700756705151178050e-01 2.758659739698576807e-01 6.626226774326486879e-01 -1.988556655591275923e-01 3.489447256071980252e-01
6.781035360844362980e-01 -4.250544249183390022e-01 5.338263093594286524e-02 -5.412204496328820724e-02 -8.850918057880305945e-01 9.293885265714307842e-01 9.890913321765584243e-01 8.859854920454175442e-01
