-9.490975457622643496e-01 -9.053289749562352107e-01 -1.940354169842066767e-01 -8.681986215870585166e-01 -6.923301361636213791e-02 1.859169924063015511e-01 -8.571994429675267035e-02 6.947397010719105204e-01
6.418866012702095780e-02 -5.809388340491878910e-01 1.204063937857910993e-01 -1.017693626074631652e-01 -1.937093148879442950e-01 8.275648416269647534e-01 -2.987980471475106814e-01 -8.102426890912481916e-01
6.595335697717343848e-01 1.273029877533073950e-01 8.164122418213606291e-01 7.015485484078576306e-02 9.565394532612576661e-01 1.593700969751159491e-01 -1.864670274783901682e-01 7.255825871188212872e-01
9.955901558561941478e-01 -2.172847957939827435e-01 4.594157054947056729e-01 3.698455284315109726e-01 -4.058568385587109084e-01 6.370876043342799111e-01 6.077885335917503351e-01 7.381182250745910167e-03
3.662937070018623675e-01 3.521707883675422313e-01 6.892685517154057973e-01 -2.834950821835178214e-01 7.917685320141190086e-01 -9.320022298455077348e-03 -8.740123096294465377e-01 -4.227946760841108098e-01
-5.525515154148126218e-01 8.099057557028643828e-02 7.980720766531761434e-01 -3.563398561056589919e-01 3.051699256854327746e-01 4.377269004919215334e-01 -9.264824073146462613e-01 4.201054108144239851e-01
2.254864658350921314e-01 -9.808214351879160908e-01 -1.552039207127544618e-01 9.419607694914131635e-01 -3.493535435696366598e-01 -2.161463278137438770e-01 4.202455312412087807e-01 -5.830945355607508596e-02
8.973256745909277132e-01 -8.975041071539262560e-01 2.121628487124871398e-02 1.222668122106544963e-01 9.788575284278158151e-01 6.409056364558174401e-01 -8.932186022111567869e-01 -1.865994067337239937e-01
5.882753829481148777e-01 -6.228186562516750957e-01 -8.858717948274621445e-01 -5.560885185864066216e-01 1.857269842856887898e-01 -8.521444597982907876e-01 9.599497762219515451e-01 1.832528557689108162e-01
-3.924408818499225404e-02 -4.193356222200272931e-02 5.050424842332195130e-01 -1.945645035560932268e-01 -8.266052149274574212e-01 -7.519971713998152563e-01 6.905883623963475770e-01 5.579651905982503379e-01
