9.268647321257361682e-01 8.810556747680697853e-01 -7.676528380281395503e-01 6.641600196453294469e-01 5.707280164916237464e-01 -1.084324251762049940e-01 -9.460215516013015247e-02 -7.783844605516374582e-01
4.438860508428026375e-01 -2.278662244563487427e-01 -1.497459252228527937e-02 4.826753589955146140e-01 -1.694957557549048310e-02 8.478216246566907532e-01 9.301685054351929161e-01 3.234123160466744196e-01
-4.019123324344493486e-01 -1.403303589885094294e-01 1.289265812327866634e-02 -5.636098875251402962e-01 8.610313437367751455e-01 6.631245784201904581e-01 -7.314610212282173229e-01 4.771023216600820405e-01
-1.570341277351783305e-01 -3.929119583604616661e-01 8.299940926872153568e-01 8.386515727144641108e-01 -5.117448572250895555e-01 7.831224875821458653e-01 7.239105087104560354e-01 -3.440760484112339590e-01
8.589882321295412293e-01 5.391056472314292858e-01 4.949841646144155227e-01 4.844273208302900535e-01 7.016093169289807641e-01 4.556475544938574096e-01 -8.926925636636080519e-01 1.015444945413750411e-01
3.743300647015259663e-01 9.148067271490023522e-02 3.578730931771887391e-01 -1.259390310651824496e-01 -4.933115125514913046e-01 -1.722278784680200125e-01 -1.277224898348541249e-01 -3.036114298112329024e-01
5.718404737779274605e-01 3.975015648864446138e-01 8.689849154187203606e-01 -8.978708131584292040e-01 -3.588387280486105002e-01 5.942204329780484962e-01 -1.876000102045656259e-01 6.340129436169414934e-01
4.022741587289508924e-01 -9.105397498370237930e-01 3.050529426742565331e-01 3.046068531536527679e-01 1.051579839798371108e-01 -9.938038665471997657e-01 1.020312024236640358e-01 3.459244643158432275e-02
-9.076745830463635034e-01 -1.384402805776530077e-01 8.443170820514644959e-02 4.264127992251882660e-01 6.964489527146653369e-01 1.744627188462830603e-01 -5.789807538433306977e-01 -4.051604598006135483e-01
-9.573856723780194145e-03 -4.608509111317427021e-01 -1.490499324422487337e-01 -6.740019108570105555e-01 5.910139724817315976e-01 7.787072592466843801e-01 9.546593405935399623e-02 -2.616084228236548181e-01
