9.247367260549785861e-01 -5.945307485387822943e-01 -2.112682879762501909e-01 5.258421372291710583e-03 -5.550171730054804797e-01 5.774678172776193108e-02 -8.279191097069080740e-01 -8.560347707573920939e-01
1.163456134885489934e-01 1.008471316581311950e-01 5.700348651175661807e-01 -8.961518726616017894e-01 2.668490155326976865e-01 6.613731857965972072e-01 -4.419312422290146980e-01 9.659787802446966332e-01
6.731307614058985589e-01 -1.269596555995811116e-01 -9.368981678236412147e-01 5.993328986605006570e-02 3.114794886707583643e-01 -9.846981487187118631e-01 8.463057291287829909e-01 9.091940945745335956e-01
5.369774980612642690e-01 6.597271688690320435e-01 7.231211056143400651e-01 7.992259562484258506e-01 -8.474724693807855758e-02 8.143344784989059448e-02 -3.670479175526373261e-01 1.036719306435927024e-01
8.266792189508653799e-02 -1.035708489284741241e-01 -8.459151093251775499e-01 -6.323056120477934527e-01 6.786829041228825687e-01 7.789836072056957050e-01 1.664553567630848718e-01 5.401548639187296885e-01
3.320593582964812551e-01 2.761455489727939749e-01 5.375633656563429952e-01 6.152590355192795180e-01 -6.305782818705543136e-01 8.656987966529239298e-01 7.106197180301232486e-02 -1.025088756758041342e-02
-7.699818144499990247e-01 -7.220118074139543207e-01 -7.612224377338621117e-01 -1.147512549993470188e-01 -5.109821484086152221e-01 1.952940450372198100e-03 -8.897517676711734769e-01 7.150690002622144270e-01
3.616544930793370582e-01 -7.076433161140127659e-02 -4.434634106665906739e-01 2.599725606094311914e-01 -4.686123662343177898e-01 -3.218934090979930218e-01 2.449171622874635190e-02 -6.944157847706879938e-01
-7.900609509992395640e-01 3.477986492832809695e-01 8.287599033836294815e-01 9.247543036747625234e-01 -2.615054291867451308e-01 5.470437953804085929e-02 -4.356848957201409078e-02 -9.471851132042643506e-01
-2.273408990301235555e-01 9.965472442090141936e-01 -1.811230575192781522e-01 3.841692120354789353e-03 -2.903326513100767947e-01 3.177364195631304788e-02 -5.839934509786035566e-01 5.049919958995889857e-01
