-6.790881127332992762e-01 -9.267961374220030635e-01 -5.658170533127464541e-01 1.939810681154874317e-02 -5.867745019215682145e-01 -3.585691779488182629e-01 -3.985072416809343210e-03 7.755163000369920123e-01
3.474626500107513838e-01 2.576842546537694290e-02 5.183216899333342731e-01 -3.724665167503580232e-01 -1.649067785109037398e-01 -7.316923529634904444e-01 5.877505824786883881e-01 -5.701190122219241818e-01
-7.148004220762964600e-01 -2.097233980149406651e-01 4.425603534085875701e-02 -2.927965280135562676e-01 -3.597005041734899766e-01 9.511349884802913213e-01 -8.571569961462264242e-01 -1.489904842637599369e-01
2.879342581946833235e-01 6.084089754915413817e-01 7.109234136559627881e-01 9.971582965243017682e-01 5.300838651977175520e-01 -9.404489677277987347e-01 2.159319797410497177e-01 8.953908977779569955e-01
1.310626773806555789e-03 -6.587857157058998325e-01 -3.482571219468122425e-01 -6.044383791663532346e-01 -2.925621830747211494e-01 7.661258382990472349e-01 7.924295548688180535e-01 8.921590245087906990e-01
5.050886399846321595e-02 4.282221973740789611e-01 -4.550601770903472953e-01 3.441077070069520349e-01 -3.814343974959970573e-01 6.811805900514193990e-01 8.645145092310178025e-01 -4.198998590999010183e-01
-5.644131232846221202e-01 -3.140034193564367193e-02 7.786364114469335185e-02 -1.905942724158491419e-01 -4.480940482988833296e-01 1.154466260696853652e-01 -7.561331379330966662e-01 -3.387112591800642836e-01
-7.017721441517692504e-01 4.597081615239786423e-01 -4.664740078102485032e-01 -4.231004913244165166e-01 -1.275020574918261929e-02 6.812193787555287372e-02 -3.013518526660308172e-01 5.867155519054665369e-01
3.702534079711707893e-01 -8.974918899933346239e-01 -1.895719438433978166e-01 1.769014500780758947e-01 4.459632916284232973e-01 -4.813102740228765164e-01 5.615028670796338162e-01 7.096575000795279919e-02
1.829722370269488696e-01 3.246186484132935757e-01 -9.574592069438585540e-01 -8.454245495130983112e-01 -2.473319986294326700e-01 -1.461400437331978885e-01 3.041758852644900202e-01 -5.157816011444071869e-02
