6.069199928589603665e-01 8.488698643067031924e-01 -5.287779103696448324e-01 3.345420821106781517e-01 -2.329581828875000316e-01 1.107508128365868316e-01 3.936157662607797647e-03 7.673356494657816995e-01
-9.788058154691299251e-01 8.823460600735757442e-01 -1.134860262741865800e-01 3.616690385954957065e-02 7.040493035390777976e-01 -6.053658909239170161e-01 -1.443999053523348230e-01 2.369084029862824625e-01
-2.138277973729436621e-01 -1.565534765986409393e-01 -1.410881199468201341e-01 2.208947777919572086e-01 -9.658887548423220615e-01 3.994796625466623397e-01 -2.377640178334226029e-01 1.291574911752779720e-01
-4.621722051888099703e-01 -2.175558740580636474e-01 4.411047579026272647e-01 -8.245280159146570753e-01 -8.421170685814605150e-01 -1.188037569455278053e-01 -7.609923206950393038e-01 -4.988873609690036570e-01
8.057285216921670212e-01 -5.800962553664850141e-01 -1.584050657830420317e-01 -1.043917433985974696e-01 8.041289261032140701e-01 -7.817239947664300637e-02 -2.640076898821765994e-01 -1.980691865479276004e-01
-4.210432759390199120e-01 5.364329740383160239e-01 4.086411346545502088e-01 -3.805380129297688541e-01 -8.246374193045347134e-02 -3.837954788312079035e-01 -3.861361982500426393e-01 -8.223506340091339961e-01
1.316444455831178306e-01 -6.224422681600045859e-01 3.004166655768334415e-01 9.639151717362877125e-01 7.354744362670073698e-01 -9.381893564452779000e-01 2.928553410420151604e-01 9.522127176195331888e-01
-8.769667331900177221e-01 -4.543050294629966679e-01 -9.370864027680392283e-01 -9.649848671990408633e-01 1.439652158919990654e-01 -8.471600058251242960e-01 -6.832502327585827651e-01 -9.616000086786771206e-01
7.557302372330638729e-01 -9.999692367712189611e-01 8.552408938740789779e-01 1.371562584636889515e-01 -3.717172879608636737e-01 8.499359957703340740e-01 -8.779143191564899862e-01 3.730625217576433172e-02
-7.099970393578185490e-01 -7.431935166224687972e-01 -6.462096742717227116e-01 2.363176635890826827e-01 -1.257272673459675083e-02 -1.401271598547015884e-02 -2.418710895419120543e-01 3.391385587519124556e-01
