-2.771404906157968195e-01 8.000714243687214733e-01 8.227873912038630166e-01 -4.643332406025597603e-01 1.882388641623706782e-01 3.277433073007882669e-01 -3.462126111484953306e-01 -1.694308750007047504e-01
9.040587727924300765e-01 -1.710173404811026199e-01 -7.379501361865496989e-01 7.191513572853007741e-01 -5.521955830132951881e-01 -4.462254906046256853e-01 -3.638004795111151601e-01 -3.672721995856651489e-01
4.342239230836455466e-01 1.784226907982131571e-01 -2.388519261304975494e-01 6.297245969462550441e-02 4.113253901272211355e-01 -7.628573635903719286e-01 4.150177499020710759e-01 -2.514453649597614415e-02
4.432955208057371976e-01 -6.738205741798635184e-01 -6.409421962395489558e-01 5.874557115713237021e-01 4.792451318652573011e-01 -4.956637629876596840e-01 8.769116140778732138e-02 8.001735990532821141e-01
-7.016712867100778350e-01 4.922904142780790693e-01 -1.506100905458818140e-02 5.677154964916655278e-01 -9.446213937541918515e-01 9.785475779177947864e-01 -7.342894364376837402e-01 8.725367249267406144e-01
-8.783850532733390448e-01 -2.490007431168492769e-01 2.926574302900928348e-01 -7.407641893659899779e-02 4.806650249266986030e-01 3.405652346556200527e-01 -4.757645448083358541e-01 5.894692222312838403e-01
-3.663299865958786761e-01 1.997683970603445491e-01 -7.162003554376528136e-02 6.280726194575936283e-02 7.707558895593566994e-01 4.626164285260121467e-01 2.854363647833857431e-01 -8.129248839341252086e-02
-3.989375626904188010e-01 -1.627281162001057435e-01 1.606728722939387843e-01 -6.044207108812649221e-01 -3.840189259982778047e-01 -8.531527908059977072e-02 1.219425902468631584e-01 -6.161189629686507629e-01
9.702096873715315706e-01 7.270179549848185818e-01 8.839734505917005158e-01 -8.806123602641959813e-01 -2.058439937638554262e-01 2.272281860943561327e-01 1.489967755004626415e-01 -7.208355059765307882e-01
-4.311313266243756992e-01 7.096071008353381782e-01 -6.550268670855230457e-01 6.189608790920295700e-01 -5.799072815457140262e-01 4.985538567544578470e-03 5.998536149543818308e-01 7.130116246282014458e-01
