-3.183326097827170464e-01 5.802262336125614262e-01 -8.319843310248231649e-01 -7.084827134922127012e-01 -2.551571750282897177e-01 3.627995902940965856e-01 1.261006981792822668e-01 9.645454444684355977e-01
-9.690604025876470295e-02 -4.667227614383264722e-01 -3.577764947617061431e-01 8.578588712686485707e-02 -1.442571196125046473e-01 -6.643629903107655110e-01 -9.151819423817004751e-01 7.149378705252291688e-01
4.238175409972997354e-01 -2.559684006866593808e-01 3.379251027562035770e-01 7.191630406546190013e-01 -2.633005543516198088e-01 -3.598364190184781819e-01 2.344738203382621400e-01 4.074517303942135626e-01
-4.915306836713906335e-02 -6.050820615385299472e-01 9.636275728472027957e-01 -8.132758335657017668e-01 5.144345815030995084e-01 -7.133006588300561113e-01 4.664617472540100174e-02 -8.687122768694577335e-01
-7.772615784966214747e-01 3.319608380476282150e-01 3.323522844134663146e-02 7.000283921361583062e-01 9.850360266024327238e-02 7.512949410776441628e-01 -6.934873966123602518e-01 6.032138227041883294e-01
-4.545600278105199621e-02 -4.730102034437912994e-01 3.518570700789636074e-01 5.163077555618766912e-01 -2.510214617832677853e-01 -6.719981848580642847e-01 8.018780187168481621e-01 1.478592683225303794e-01
9.897478876688017291e-01 3.149903855789226714e-01 -8.438654468336861392e-01 -2.040691918929646853e-01 8.728333466819560016e-03 -8.155831871129695099e-01 -3.038384647295422347e-02 7.307116364308172685e-01
-7.185725118471155692e-01 -6.193162187876000147e-02 -6.265681915647247635e-01 -1.442506503981133559e-01 -9.148321575413551621e-01 9.345920143937591629e-01 -3.943068244078744566e-01 8.236494454797747000e-01
8.465496947124935279e-01 6.688607367284744587e-01 -7.343485309960033902e-01 7.775800035358049200e-03 5.348003373816156980e-02 2.427844342956344548e-01 -6.360833230911246972e-01 -6.582705354204225756e-01
4.859053100520782653e-01 -7.841246718366419177e-01 3.908908666611556892e-01 5.113241373258012867e-01 5.070829691754139557e-01 -2.536809894335050330e-01 -5.596876051514014794e-01 -8.542190035175689644e-01
