4.056760379166082231e-01 -1.605832731809935243e-01 -1.134196191830167955e-01 9.738203566263861077e-01 2.439950671341124533e-01 8.286815506630296202e-01 -7.326227803778160297e-01 2.082107160014712299e-01
-5.190047716930183963e-01 -1.026920175436880633e-01 -2.418599979864142213e-01 3.925878847002957084e-01 5.177839682165963353e-01 5.405628766117900330e-01 -8.568502833817819297e-01 -7.745039985156703111e-01
9.359675209524134232e-01 2.810804983439525451e-01 4.247892763788065906e-01 8.668555281046763650e-01 -7.715229553980607058e-02 2.913784254948228458e-01 -1.531951215863072147e-01 -6.845069505172478586e-01
3.116152646569350093e-01 4.424159941579386413e-02 9.993072380618646111e-01 1.200000097365627738e-01 8.940793304848588807e-01 -4.017030643607328866e-01 -9.587791828922216375e-01 9.070191112293748414e-01
2.660495884549904932e-01 -5.971024291875977053e-01 1.307867282248236229e-01 -7.851756994918406285e-01 -5.055053425319160354e-01 8.223800294346805817e-01 2.857860338107034437e-01 -5.047663324074462832e-01
-5.419670788664898708e-01 4.239263507954111887e-01 -4.123747740344771984e-01 -2.358764901557146576e-01 6.155239867426243183e-01 8.366418655052583198e-01 5.796196022127286795e-01 -5.887234509581276143e-01
9.280020605284642343e-01 -3.431330312833587026e-01 -3.926538979002571761e-01 5.132888531695491974e-01 4.942984118708109165e-01 6.732983855670529039e-01 -1.739151043359685733e-01 8.365668405113473316e-01
-4.495556105554787685e-01 -2.859044685585199197e-01 -7.343413003140393247e-01 6.320641349770026451e-01 -2.043042793324134632e-01 -2.014134518597265888e-02 -5.471485549894938849e-01 -9.034117240462251619e-01
-6.897600727405959198e-01 -1.910769557951383923e-01 9.160397241165672000e-01 -6.124533571107868557e-01 4.297621395752322382e-01 -8.558892971180884768e-01 -4.862075026632637353e-01 -2.533556625333344137e-02
-7.018274913203172982e-01 1.958390620216599043e-01 2.699720898682145265e-01 8.980350867924993263e-01 -6.304210376214463007e-01 -6.874568256293576152e-01 2.362198400387445218e-01 -6.324904359884353511e-02
