-2.611094204263233465e-01 -6.596905472377772028e-01 -6.151006837668073768e-01 4.572735122056477142e-01 3.474385553082475209e-01 9.521867843161233580e-01 -6.284900877583361467e-01 -2.360468834178095499e-01
-4.047984146711551823e-01 4.588446516485267246e-02 5.939787781845338177e-01 -3.853713870880324244e-01 -3.316711507866001440e-01 3.604707869625625172e-01 5.338642429445963344e-01 -6.282226102366972320e-01
-4.745481814823206967e-01 -6.878884940882290522e-01 -4.731812328564808379e-01 1.250566558471848388e-01 -4.960657480929526741e-01 6.712178575858114282e-01 5.017978479909654954e-01 3.652745575048756965e-01
1.249733901969449779e-01 2.995218260321970138e-01 -8.771266127464325546e-01 2.838224930857591310e-02 -8.113810126075819973e-01 -7.433087717948130280e-01 -7.233739809940360477e-01 9.252928615582887151e-01
-8.424560854135465515e-01 5.092986091126183723e-03 -6.137252802897854576e-01 9.139811447209793549e-01 8.582068612976778699e-01 -4.660602453901137032e-01 3.066194809234037422e-01 -5.094603333074565477e-02
3.772556490261980144e-02 9.051266045195429655e-01 7.675874697918951828e-01 -1.001736946757285640e-01 2.647605660556047180e-01 5.723982714972046804e-01 5.852295143585759529e-01 -2.002442090921894291e-01
-9.590843397169317441e-01 -7.007153509898642607e-01 2.485690778546685298e-01 7.260772771881327525e-01 -8.891508604174227504e-01 2.712748601150432037e-01 1.388726323738773694e-01 -1.635506775867177076e-01
-8.086202183136410593e-01 -2.434234829102093212e-01 4.810133887910095218e-01 7.998584728902062846e-01 -4.213796875860809088e-01 -2.845192939085934292e-01 -5.293903523110112808e-01 4.594772439228245187e-01
6.646900195842480041e-01 -6.042717534509141064e-01 -9.275919733475468387e-01 -5.448299217503276282e-01 -1.434578590484794081e-01 -1.985598649990563125e-01 2.740650183488531066e-01 -4.765214586256290019e-01
-6.945935302556320856e-01 -8.863737509954090488e-01 -1.239869924841425775e-01 8.128779296307220292e-01 8.670323614947970103e-01 -9.898223547816287216e-02 -9.824053684294671296e-01 1.504021968675046672e-01
