6.599415112435025321e-01 3.491792610023769505e-01 -8.892859655083307224e-01 8.701535201691730226e-01 -6.072868430545055318e-01 3.206642126476502153e-01 2.172168784858150570e-01 5.777007566924508009e-01
-7.777102353146256863e-01 -1.616592878949534295e-01 8.490526634209016876e-02 4.117889286024862816e-01 8.020813935974340225e-01 -3.299163488622118834e-01 -5.097783234628616711e-03 9.604933419438068665e-01
2.671894268576082698e-01 5.743491172754247032e-01 -4.956775079881614587e-01 4.896132978041114470e-01 9.964409341354116822e-01 4.910248127441769750e-01 2.755713582777796766e-01 2.523964551497406283e-01
-3.245454607395894531e-01 -2.622415070677801552e-01 -2.624321124299850982e-01 -8.223810038289296465e-01 -5.069534148293153297e-01 7.440079409199586991e-01 -3.436558209155538002e-01 -4.840269925458322575e-01
-3.421335947206016748e-01 6.190919557972867082e-01 -8.667359823712312838e-01 6.837680638573071512e-01 6.273072944876945112e-01 -4.629461522109461491e-01 1.574776116229370526e-01 -3.265350522750480877e-01
9.590977155789597308e-01 -5.936903048295956165e-01 -3.658826238948247322e-01 -9.664285629572124670e-01 8.055248321029866432e-01 5.315028649673878558e-01 2.153127360192603756e-01 -7.835439575942166890e-01
8.747950603786740498e-01 -8.218892675674993598e-02 -9.599737322797916583e-01 5.450048217527665440e-01 5.213918061580786745e-01 6.306163453860147428e-01 9.657511158743679047e-01 1.828198196372581297e-01
6.920193647166275053e-01 4.281529648355451023e-01 -4.540925291453210555e-01 4.487948802043637553e-01 -2.208572471346552657e-01 9.273485284164935116e-01 6.443504317101336198e-01 7.746942466026329743e-01
-4.842734920140232546e-01 2.130314411870255498e-01 9.378154568511467559e-01 -3.299754493267417210e-01 -8.666871490138867706e-01 8.030349603018462901e-01 -5.459770702177000334e-01 -3.307046484154465560e-01
-8.023517280787246797e-01 -9.567772692075124930e-01 3.993785531077562734e-01 -4.321985961287084788e-01 1.620608364092201992e-01 -7.751794972657939375e-01 4.357833116042109101e-01 2.964562358472973003e-01
