2.629729607659792023e-02 7.504855595017392300e-01 -1.914833884436650813e-01 -4.471372917972160632e-01 6.745370259891494413e-01 3.411285789611282482e-01 -1.676475865567583767e-02 8.632756815479785129e-01
-6.717439681622261460e-02 7.182843578920348193e-01 -7.885797820164475169e-01 -9.227136459058569162e-01 9.035714586138254845e-01 4.599908479982635079e-01 -1.427543833567332943e-01 -6.129294459475718160e-01
6.504173244131907783e-01 -6.973353817502458973e-02 -1.949914624519044626e-01 -3.433285238224592639e-02 7.087875644006988995e-01 -2.203283170339180863e-01 8.269311533591952035e-01 -2.889938292592142410e-01
2.783938315895193583e-01 -9.034980999003139335e-01 9.807572666363058023e-01 -1.345227192252336224e-01 7.231857032432598142e-01 -9.664511732971861058e-01 5.799368488212184314e-01 -5.896777328210602853e-01
-3.788484804838609943e-01 4.513494296276032713e-01 1.075875348805643839e-02 2.478777331517545424e-01 -1.850239103667665752e-01 7.291751618616251207e-01 4.759802279722986640e-01 4.487297032706136779e-01
-5.313929791790943380e-01 -8.762676383458392060e-01 9.102725830561073650e-01 3.371758118821466255e-02 5.244266323246258299e-01 8.726005006192147917e-01 -6.309378063720221252e-01 9.613345647555819884e-01
-4.809236192293044887e-01 -5.403415550286791991e-01 9.396496153019477937e-01 3.131108000071634034e-01 -1.826231759024399270e-01 1.769358284314748175e-02 -7.421938921132098521e-02 -8.851345992924617434e-01
7.694763259174872694e-01 -7.375262875181063382e-01 -2.934154089611198390e-01 1.546080286735180831e-01 -4.263080026195449346e-01 -6.086865471266815764e-01 1.927247367044335746e-01 5.997572132606712181e-01
-1.300612010992474588e-01 -9.940006796250004939e-01 -6.788804014480902538e-01 -9.169049257973704847e-01 5.624637285067635162e-01 -4.136513836420350199e-01 -3.475480522927048010e-01 -1.341929708246574204e-01
-7.481084505891355541e-02 7.987212570212836038e-01 6.623954091530381838e-02 6.667296129237640923e-01 -2.647083927759168454e-01 4.322711672476069467e-01 -5.994709499685253462e-01 -7.768109838592300864e-01
