-4.719471321718318180e-01 8.546638384488280948e-01 -3.079466995651514161e-01 2.547964768340968966e-01 8.513701748961552962e-01 2.150655630978122179e-01 4.413804242082153273e-01 2.743421048689005382e-01
-2.103290158471999849e-01 -5.727958705284128538e-01 -1.935701396054192447e-01 4.682014630695685575e-02 -1.476047627213472602e-02 -5.854016524161682611e-01 -9.476491388933512283e-01 1.980641247128065441e-01
-1.847086522466618863e-01 -2.605118712169618433e-01 -1.376258617749515079e-01 -4.919663582908471167e-01 -9.246291502340711066e-01 6.051661299001600547e-01 -8.491328316904356299e-02 -8.395430924716595911e-02
2.910038644396277796e-01 1.377855413641613236e-01 9.517904125246565705e-01 5.988080208517660985e-01 -8.196904533215678690e-01 -9.019515782958913430e-01 -6.787469708443043537e-01 5.968826194172125454e-01
4.431726857131663699e-01 -3.378801792507704072e-01 1.194070858022400206e-01 5.195948496072479994e-01 4.668005168036262198e-01 -5.592497215246838849e-01 1.992274310686026340e-01 1.969719840044448222e-01
1.430872089680599313e-01 2.883405064855228961e-01 7.355654527159583012e-03 5.250923750180103156e-01 -8.072509716748363928e-01 7.181380711520890525e-01 -9.068862800654711176e-01 6.071400984392427702e-01
-1.916117338175218343e-01 2.476368930172243576e-01 -8.948035698628833412e-01 2.148963953484805955e-01 -5.133922582736378804e-01 -4.568382562259254431e-01 7.717004692781848085e-01 5.886267504381368365e-01
-5.974375735555752520e-01 8.479578728399348453e-01 -3.643663190490276094e-01 -6.613453945884584240e-01 7.195718653735359016e-01 -7.498306256270503845e-01 8.232196961199458318e-01 -6.464043487377419961e-01
-5.790673949621627514e-03 2.012396726470868646e-01 6.532932923600007769e-01 -8.806180846984912325e-01 -2.891450005317752758e-01 1.446490487282034998e-01 8.015685030833170632e-01 -8.068365984060354990e-01
9.774959314495419438e-01 -6.225223777090023169e-01 2.568142370182122658e-01 6.194927995484660332e-01 -6.475898145092029434e-01 -6.731642027525954752e-01 3.628617455851825824e-01 1.405077608907820963e-01
