8.626822391977928550e-01 -6.189593505296078213e-01 4.491346012792629683e-01 6.226498886576705694e-01 9.369418126758788379e-01 6.813880428823670954e-02 6.686800007202036156e-01 5.351953964807392161e-01
3.339773935340824007e-01 3.623054076676839319e-01 -5.241699831967023826e-01 2.332596685862609043e-02 3.779003701553067529e-01 8.925357410580965212e-01 6.684826344206884485e-02 1.407171716864192845e-01
4.937977029764821779e-01 4.193649209432070979e-01 -7.534645867919242956e-01 1.465515870644797936e-01 -5.066652320004030319e-01 -6.909015725050606793e-01 -3.897682296667321911e-01 5.344669743112628879e-02
-5.418160761959385230e-01 4.393809676456668090e-01 -9.735233208692231077e-01 -1.686552824119647020e-01 4.172523215285304232e-01 7.476307064735689956e-01 -5.717538182182080320e-01 2.586815009042451319e-01
5.982346157114566410e-01 -8.606225371894764553e-01 3.733130711436603022e-01 -8.491817690917260464e-01 -8.217414861236518320e-01 6.432040572336568118e-01 -2.752519348037625324e-01 -5.800988144178802486e-01
-6.630550308052705066e-01 8.391613626057368158e-01 6.750627991641344749e-01 6.764729089522614203e-02 -5.159712765698807324e-01 -9.091228595297191628e-01 9.497534646372642886e-01 7.905162029338670404e-01
-5.752781066513752428e-01 -4.829912318499181012e-01 -9.738805094304527898e-01 6.980398617567773467e-01 5.605884609477962410e-01 2.666383031820196425e-01 7.566871854318324431e-02 -2.141676833536214630e-01
-7.463980614615641773e-01 6.076818744098015923e-01 1.345092895008022094e-01 2.213388842350139107e-01 -1.125965779668025579e-01 -5.789287269588838658e-01 -1.743762545890710225e-01 -3.264830765365467347e-01
-9.434074292536607231e-01 2.210293655476227581e-01 -2.337605830547642149e-01 -3.727318815805213958e-01 -5.212798231247337544e-01 6.238375100239075266e-01 5.755973485626486585e-02 -2.111924226605539356e-01
7.128090789942045369e-01 -8.859588712532653343e-01 4.447060706321415147e-02 2.408021272207241381e-01 3.636466460753924324e-01 -4.968799467102822387e-01 4.335111565574312209e-04 9.022552142199204983e-01
