3.439285826615057218e-01 5.302812949603525894e-01 -7.264239544793156256e-01 -8.355231995880929574e-02 5.771692981840914616e-01 -6.894054064066310605e-01 -4.022943313359634843e-01 -8.777351068326628702e-01
3.408051302192285359e-01 -7.687225166185207570e-02 -3.487690356550769977e-01 1.296209689390652731e-01 8.507855221742572915e-01 2.218388079344757458e-02 -6.800626591117477915e-01 -1.441394503948436601e-01
3.547674763601991188e-01 9.341290726228046459e-01 -6.556679331446828574e-01 -7.246073429041031133e-01 8.826993731506047602e-01 -1.926361676579286808e-01 -8.910721948742803544e-01 -1.393292930128375851e-02
-6.901156893232651690e-01 8.603610062041067152e-02 -1.222244540432380067e-01 -4.228889566457882943e-02 8.478441440410831031e-01 -9.868021703690810220e-01 9.633811607981366265e-01 -3.178427949593636281e-01
-1.422120548491050407e-01 1.898726906932048930e-01 -4.777050500230202168e-01 -8.706158608532252874e-01 -9.140832632877653463e-01 -6.999040543081171961e-01 6.158721462630407650e-01 -2.965761569084652827e-01
-7.840945146494728846e-01 9.866744108581433359e-01 -1.905292032834038363e-01 -7.394880355756168200e-01 -2.712849711234355254e-01 4.565153475284864371e-01 -8.637531842058874254e-01 7.977079743552533131e-01
6.743393241550532657e-01 9.088895232562947957e-01 -8.101707189075537663e-01 -9.619588102749454528e-01 -6.414529103400683496e-01 -8.981057744650380315e-01 -5.881812254622122982e-01 7.563886864618234451e-01
2.760182369645081124e-01 3.145648320904423922e-01 -7.810213318120957648e-01 8.545557424813734482e-01 -5.067826514781583747e-01 -7.908706454045528744e-01 -7.027128491755356698e-01 3.137341199255749835e-01
9.775479453877427005e-01 -7.106655208531136303e-01 -5.720432903564542926e-01 -1.058330730480812054e-01 -5.936705786509153260e-01 -6.075106841008128811e-01 -4.417659093527086522e-01 2.470759954539114567e-02
3.112175918671189478e-02 3.842634820208052915e-01 -1.527845414887079034e-01 -5.407412684517935997e-01 3.799689944090940408e-01 2.814305149683002938e-01 -8.841516211707884931e-01 4.671633371717913707e-01
