-6.181634420203199198e-01 3.742680686944015456e-01 -5.933998295549469670e-01 1.423038325845817909e-01 -3.400144442374792852e-01 -6.146878164273459344e-01 3.637502608264231441e-03 -6.507867400712803452e-01
4.124321816274334473e-01 4.108990685190199166e-01 8.396276588880773328e-01 9.930366021472882831e-01 -9.327424039120220112e-01 -8.655059563214140272e-01 -1.997739518499130895e-01 -7.064251630170541585e-01
-6.059305320319130495e-02 -2.759933027869527766e-01 -8.737852495066953384e-01 -5.055879787792376678e-01 4.189090339221035464e-02 7.961399910969146898e-01 5.790863091747455726e-01 9.783082791935195921e-01
7.425598402595612324e-01 -9.329846580972600556e-02 -1.989319389141859240e-01 -3.288335082066888848e-01 -5.674915437526926176e-01 -1.101564623395390186e-03 8.807960668408736371e-01 3.563209918679419719e-01
8.324328032383097042e-01 -2.333004193922705305e-02 -1.233870299284922645e-01 6.008128866423447789e-01 1.969831106191497483e-01 1.688437284370210012e-01 4.014187208467634438e-01 -5.375951372262857131e-01
-6.192899584488498199e-01 7.710036356396463564e-01 -3.967742352416487872e-01 -2.471666122397542242e-01 1.301526900312444113e-02 6.236215615319105066e-01 -1.960659366172421425e-01 -4.621765460636990674e-01
-6.016237571852778299e-01 -4.558215409591970246e-01 3.335915502847128788e-01 8.080000364253401290e-01 9.852100027589509867e-01 9.200956929814656515e-01 -4.396252764884069908e-01 -5.412537472683132123e-02
4.660919527000275675e-01 -1.833035347718561248e-01 6.542943043017304117e-01 4.766128650079917151e-01 6.450974212695022025e-01 -8.839338226490689454e-01 -2.397840463117326681e-01 -5.239541216993048867e-01
-3.488738238422426363e-01 -6.250513138437490124e-01 8.715566577320008612e-01 6.849072711626971177e-01 -6.529826834492127308e-01 7.922135314657556826e-01 -7.310302523542784314e-01 -1.441595601550107464e-01
7.807286971062279424e-01 1.323778885500175306e-01 -7.766422982455081225e-01 5.390641527805117850e-01 -7.988520007757231589e-01 2.102397672831930464e-01 -8.043778262998375617e-01 -3.417660083302966889e-01
