2.496416450793375041e-01 -9.934331604412267591e-01 -4.378018698761638738e-01 4.463375125955477696e-01 1.869468597551877664e-01 6.823550615441700273e-01 -3.008854709347472678e-01 1.658008492373150844e-01
-2.162962168493447468e-01 3.756046559465531232e-01 5.646749321318571546e-01 -7.711792148015776949e-01 -1.127644569209012015e-01 7.542280047275820021e-01 -8.793517835225115320e-01 -5.270427943844226970e-01
2.780943387514258625e-01 1.486021300999322836e-01 6.743736910970254961e-01 -5.861631756518952407e-01 -3.431630632122111280e-01 -7.760251569625573609e-01 6.793475621691409394e-01 4.620943810762943027e-01
-9.165071768324382084e-01 2.872029951185499641e-01 -4.205064275976657662e-01 -2.250430085245116452e-01 5.807377504046851158e-01 4.008952992339716026e-01 -6.698470449522100356e-01 4.620625101038906557e-01
8.050306219032994370e-01 -1.758743125666333285e-01 -4.696557162153769394e-01 -2.079870489712141168e-01 7.885300167742925748e-01 1.200805664747237600e-01 -2.853539729404641623e-01 -1.404035018327174367e-01
7.284720103284940684e-01 8.092352328842988829e-01 -9.220483159464618605e-01 -8.547650100217851765e-02 -9.368168603036706177e-01 3.025596465250262046e-01 -7.028656398873911471e-01 -5.957013359439602418e-01
-1.851401551292266578e-01 -9.178547748179817223e-01 -1.955780807404507993e-01 -5.686607239937442326e-01 5.464621780297158615e-01 3.998044853631579354e-01 3.680966459944865488e-01 6.255645582126660997e-01
-1.247012537864289339e-01 8.449726991617834138e-01 -4.263729796145458995e-01 -8.285629839221302362e-01 -8.226673327221978305e-01 -2.999192828876076078e-01 6.671387123139849162e-01 1.614987143905697309e-01
-7.251288556791348761e-01 2.452250980963948113e-01 -5.281818429814133520e-01 7.187491444373028671e-02 -6.287647341687097047e-02 -4.997151773093366778e-02 3.329571268006383811e-01 -5.024733366650750988e-01
-3.458740375475635176e-01 -1.343509771723019330e-01 -2.889471044198845817e-01 1.586299730773621519e-04 2.078180866358070311e-01 8.541554276138685342e-01 6.650819974870467721e-01 -4.919450073737330342e-02
