-7.585153389019387848e-01 -9.545616828605751891e-01 6.109286991569560232e-01 -2.832362291687546829e-01 2.855215630908558566e-01 -2.348901175288193865e-01 -3.817563475016996222e-01 2.919422848565416118e-01
-8.414354640709917899e-01 -3.952595887238268269e-01 -2.410979903724181916e-01 -8.551591386180590337e-01 5.434073059888167023e-01 2.371734905519191638e-01 4.503473938135549304e-02 -6.545561512688531369e-01
6.933287628534019476e-01 -6.586870066302088489e-01 4.757041963358057401e-01 6.550120498556992743e-01 1.156061297019055356e-01 -1.998595467375663404e-02 -1.300344191052982268e-02 -2.806879745915336066e-01
-1.951507252534454562e-01 -4.635054865611560881e-01 8.418315300742600371e-01 8.280775236553725716e-01 8.950772622844072046e-01 -6.635259462371196904e-01 -5.157196227310096859e-01 2.377841078810440933e-01
6.728259177250672796e-01 -9.929841541815556116e-01 -8.283331876601860433e-01 8.604550070953229657e-01 -7.193883971363024266e-02 5.956227424620377242e-01 -9.382963925188350096e-01 -9.077737682484194881e-01
-9.224100316041150549e-01 1.143156461354386533e-01 5.624521469629737425e-01 -9.727161289378563058e-01 2.994218301286171169e-01 5.572771587116269743e-01 4.564520123473851942e-01 8.531502802731083523e-01
8.334200464214247539e-02 1.192844184385144501e-01 2.963665053622754897e-02 -2.451058830275609779e-01 6.537205093858333704e-02 4.608476901663960401e-01 4.045380143248649141e-01 6.601644418076599852e-01
3.885810786691032970e-01 5.637721522329235402e-01 -5.089008525182767695e-01 -6.755639484110467219e-01 -4.670462871010321315e-01 6.926448754578071743e-01 -9.341095032342126014e-01 6.782570700285341925e-01
-5.579814093624271276e-01 -5.553698531608670663e-01 -8.350038987709345051e-01 9.688390912073818750e-01 -1.919700413566893804e-01 4.729014502095374439e-02 5.461014922292257712e-01 -9.843198154650347753e-01
-3.518096723041905793e-01 5.053973831976525943e-01 7.828875059355677735e-01 6.611408788105701539e-01 -9.295858471591296190e-01 -8.762510689655576002e-01 -3.812034917695201752e-01 8.452349401782357496e-01
