-5.546131563392768804e-01 -9.459750862637528179e-02 1.545581690429251864e-01 -7.287747047666519595e-01 3.278997079085885780e-01 -8.749578039492624804e-01 -1.974789606433671185e-01 3.860712765066014462e-01
-8.120447562041828160e-01 4.843010654738151288e-01 -2.000562078287373424e-01 -7.953793476759396519e-02 -6.202120979534897494e-01 9.498690004989134295e-01 -7.424111637832369048e-01 5.903421133106800944e-02
4.991322739792261043e-01 -7.702675876417810485e-01 5.434166238954891703e-01 4.257370699378071333e-01 7.771685407544457469e-01 -4.288102126809245629e-01 -2.613013844504079586e-01 5.070561589938338276e-01
-9.332066927622157948e-01 4.498775763966129659e-01 2.591191243043924342e-01 8.273019868735940197e-01 -4.878686456550003214e-01 -8.293214287904770998e-02 -2.892450725419470903e-01 9.579721441545423488e-01
-4.589139873095346989e-01 3.747677854640627526e-01 -4.153598677025818198e-01 5.256342786290586488e-01 3.668914579727826641e-01 9.192142018604871900e-01 9.911395533197087104e-01 -9.973597201253276978e-01
-7.207849650275803821e-01 -5.247261831189842241e-03 -7.139094101321348251e-01 -9.321095122469991168e-01 -2.139465343257620500e-01 -6.838342506096708462e-01 -4.195922033952765862e-01 -6.221317649489810364e-02
-4.399396368729062701e-01 -9.035834596128669016e-01 -1.061894953823285803e-01 7.613150602806384448e-02 -4.503692682238895628e-01 1.758244534127917369e-01 1.396759992776344106e-01 7.182774601015087246e-01
-5.730260370824764582e-01 2.903838739858142226e-01 6.246161378277292897e-01 -2.025064207453726173e-01 -6.822579367061372135e-01 2.262200678946260091e-01 8.836206573457923152e-01 9.000653858804767982e-01
-6.446222176250171465e-01 -7.373740330387683617e-01 7.782486135827471063e-01 7.428062191128825820e-01 4.976304860172477973e-01 3.980890313297780203e-01 3.410065779676416664e-01 1.447428187425943147e-01
-7.242577554018172492e-01 -9.733301814774453220e-02 -5.038701926509061568e-01 8.528076101031445422e-01 8.901831020415180706e-01 -7.714523714784573549e-01 -8.892094453721308689e-01 -9.838831108207395371e-01
