-1.205034635112369745e-01 -9.698718436020583589e-01 -1.826286138639618972e-01 4.962912404300254821e-01 -8.152657980600237497e-01 9.516707975342317827e-01 -1.926398286812647243e-02 4.371444631308265549e-01
5.396613541753159105e-02 1.595707891329682937e-01 9.148337879547929763e-01 -4.305870493692018908e-01 -1.470666215842058033e-01 4.283045960156453003e-01 -8.508096235147450948e-01 6.927929412399542741e-01
-8.980911893635319387e-01 1.461621626806728358e-01 8.669019952008487628e-01 2.193204075010404264e-01 8.407388502243979822e-01 -9.928722995735195234e-01 3.927282346309994843e-01 7.822756519939593201e-01
9.881946692097851592e-01 -9.318073496261629618e-01 -7.565458609271529244e-01 1.358569487939735865e-01 3.461790416300891682e-01 -7.590877316145272502e-01 8.834120567923269274e-01 -2.098579855569169261e-01
2.123377405624786718e-01 8.436466808097542458e-01 -2.771227083345850772e-01 3.806225089548398444e-02 4.841741569786404131e-01 -6.488594773915772329e-01 -7.467709539928959472e-01 1.317694380262459664e-01
5.276273932269512912e-01 4.885254929470510543e-01 -6.030537678470397900e-01 4.292860459034821830e-01 -1.834696798317059230e-01 4.788035810715183249e-01 -7.811009713597878434e-01 6.536774556030189309e-02
5.007214235290711191e-01 9.296408697285394318e-01 5.629921968982987135e-01 6.719404893322415973e-01 1.455537090620051544e-02 3.550625592080247639e-01 3.547596307192508736e-01 -2.637295197779643274e-01
4.244128370742510370e-01 8.895729001891583554e-01 -2.742437653058316105e-01 5.022921637759518720e-01 2.243993586759960301e-01 -8.771123363437021148e-01 -6.770266321046578550e-01 6.195036720909197214e-02
-2.280170805032644132e-01 9.781086402516778744e-01 4.725084873808116370e-01 8.528461340237052379e-01 7.431382701517679212e-01 -8.599944964719763441e-02 9.069691885978237167e-01 2.268482976155434816e-01
2.680646287650370052e-01 -6.260620109473853390e-01 1.108136907493746381e-01 4.201267919741129564e-01 -4.028603780629456121e-01 -2.698928795264365910e-02 -4.329509265211610725e-01 -8.182363417227946911e-01
