-5.951823559590694313e-01 -3.343734989902620303e-01 7.350190424204061657e-01 -9.118353041175406570e-01 -8.511015356794295883e-01 2.341374542185121754e-01 -5.739883596956516509e-01 1.500247343232401498e-01
-1.701438728426973857e-01 7.814502097849795881e-01 -2.890526461943787595e-02 -9.859780074827080298e-01 6.220871498363200747e-01 -5.447112281440851245e-01 -8.583777881274594623e-01 -5.112102040898196531e-01
6.116218974801905794e-01 -5.722987809448731866e-02 2.563618814530506107e-01 -1.701805813493075803e-01 -2.424825685883278403e-01 -1.844667912584796454e-01 6.180667095252494470e-01 9.424690123584555934e-01
-9.556460197629863540e-01 6.476391682817252970e-01 -2.406262181861973382e-02 9.134741090514653106e-01 9.397789345418061657e-02 2.082582966984487527e-01 -2.423903364687871598e-01 7.927176923670793407e-01
-8.517139119021270854e-01 -3.248672502029752440e-01 6.810971656427786680e-01 9.731129700741476540e-01 5.588594883159601068e-01 5.552204638071178699e-02 -3.443397702622670309e-01 -2.936973625449248448e-01
-5.025679419787913993e-01 3.117081590445198724e-01 -3.668741490482316792e-01 -2.173501210661268335e-01 -9.863916957412759423e-01 2.835658493090797982e-02 6.578151335798381183e-01 4.839725413208895155e-01
9.481346021403502800e-01 -8.433735814739995451e-01 1.641696279955642268e-01 -4.760754170399965624e-01 8.944705369704304410e-01 1.564968177537535698e-01 2.664766483336791225e-01 -4.244824850962014562e-01
-3.206812257695603741e-01 9.276699737479257024e-01 -5.802445878246409450e-02 -9.451484446198210598e-02 -1.608720617726293600e-01 -7.624647809182696356e-01 -9.464462690420454294e-01 5.259000937176210311e-01
-5.831442018258949922e-01 -1.471530051458957988e-01 -2.774274000158405418e-01 -7.833725188448901200e-01 9.302893193722869825e-01 -3.890086406081085801e-01 -6.677795363421163977e-01 2.315915216497002049e-01
2.175725882410322054e-01 -7.883140517376969747e-01 -3.234538858334690126e-02 2.052191124332922723e-01 2.701280543014707991e-01 -9.290185707813753968e-01 -7.869362864629727561e-01 -7.893296692299343054e-01
