9.022667129140542475e-01 5.763064191477336173e-01 -1.731334589164938986e-01 3.857986757482960716e-01 3.538083183535303267e-01 3.982212083108527256e-01 -8.986518974308350671e-01 4.495238724084602566e-01
-8.389054863320213329e-01 3.294116074129385119e-01 -1.348401436542969734e-01 -7.978047150343197114e-01 -3.895898281396443785e-01 3.527969801199233313e-01 -4.659648373454179371e-01 -6.105125845330141576e-01
-5.661558647738837990e-01 2.996026404901974693e-01 -6.959497165943313579e-01 2.062005075466206705e-01 -7.658774238556387282e-01 -5.967568034952746014e-01 -6.265756200607772719e-01 -8.199080266201901335e-01
-2.852621926147622666e-01 -8.377345986456177229e-01 4.592918450719265522e-01 -2.468194532707368438e-01 5.600894640692251070e-01 7.880078641414201002e-01 6.989175721502616234e-02 -5.929592117512085814e-01
7.849991966115938968e-01 8.689848139510558678e-01 3.105840056136295324e-01 3.160360158991002422e-01 5.739595711569436265e-01 3.189566402375150211e-01 -6.882607374710869585e-01 6.708107974300037135e-02
-6.210386887271588385e-01 7.467128349223890460e-01 -9.707621990079511320e-01 4.216180913956695253e-01 2.370415999018993247e-03 8.660030215580214463e-01 -7.313318683140406229e-01 8.923262785157686228e-01
-9.071418771396793090e-01 5.612687220447352132e-01 2.676091492351908574e-01 1.818948746301058961e-01 -2.290756406969598480e-01 6.552208644834722762e-01 6.073666987002033224e-01 -8.632752453186851582e-01
5.393736036955394386e-01 3.445163388749821198e-01 -5.100085501215274597e-01 5.844248962036298067e-01 -1.409263725139044965e-01 -6.573330888241701864e-02 9.083345207527604437e-02 5.419260185885816927e-01
-6.843560603899669914e-01 -7.695393787941626762e-01 1.231316256774961371e-01 4.989770102863217982e-01 -1.507152844584391804e-01 -6.319295358638776783e-02 3.873717511136096636e-01 -8.982061792272157952e-01
-3.411005408559555363e-01 -4.929308075624800889e-01 9.665442944691533533e-01 -7.268212483541685032e-01 -1.357401630958177119e-01 -8.491887147153256432e-01 4.514096265023879173e-01 -6.278005531281050100e-01
