9.552685568109231529e-01 -5.041664734330244535e-01 4.855029411198819034e-02 7.362501764301756513e-01 1.550441424959005943e-01 3.296524016234534393e-01 -4.522804792609043112e-01 -4.533449852040765116e-01
1.049055262598443949e-01 -5.059103156216537833e-01 -7.807949859257254932e-01 6.563942386439560739e-01 4.684932911997770066e-01 2.360124647789987318e-01 2.549543234126081526e-01 -2.685200841622148449e-01
-2.979378525858111804e-01 -8.862405178390633242e-01 9.433527601399420703e-01 -9.948186000936340978e-01 7.077648326101471099e-02 9.154108203579942593e-01 -9.754885355251246004e-01 9.887793283664600974e-01
6.855417228651636830e-01 8.911323861895965592e-01 -3.621599662071839365e-01 -3.111411614909957990e-01 -4.057827667071052247e-01 6.256486149269051555e-01 -1.255329967611522601e-01 -7.397665229234133832e-01
8.407643549273364769e-01 4.491612443480772487e-01 2.411241821061389512e-01 4.780872350166032181e-01 5.640236924295758403e-01 -4.193519265284577635e-01 2.303201868503570449e-01 -8.037293226615900288e-01
3.949106336714376386e-01 -5.253114559135052541e-01 -6.962888290446824779e-01 -4.577035176724948418e-01 -8.702177625436824382e-01 1.538391836134702650e-01 3.892709636911590998e-01 -3.459390500767767218e-01
-9.039803735798335182e-02 -7.462439591215588308e-01 -4.075224848656524568e-01 8.569022637355752092e-01 -2.446082534356153193e-01 7.980650669838607048e-01 -6.224864503225204793e-01 8.582192906971173318e-01
-6.173894647244320133e-01 -5.817007581216824263e-01 6.468834830577605555e-01 3.053832965008036471e-01 1.022109797069394865e-01 2.175951428982503266e-01 4.178730739761771229e-01 9.528475948686048191e-01
-7.829677431376362851e-01 -7.401783721617039014e-02 3.826292373479363018e-01 -2.548699309472317598e-01 -9.205527341947672415e-01 -9.504149245745894259e-01 -5.058724569094137369e-01 7.823120896209907471e-01
4.849419703804718207e-01 -1.545999729931410993e-01 -7.924519889955157215e-01 -4.373262193868725500e-01 5.087595383806495786e-01 -1.388942046061201196e-01 3.260720625828210650e-01 -5.744719467239089994e-01
