-6.327119943287513593e-01 9.415847508606181027e-01 3.597893791789528173e-01 6.822833735809050726e-01 -3.711260316261686398e-01 2.101714402100889334e-01 -9.214641245635146749e-01 -6.756202518918019706e-02
3.170283004644660618e-01 -1.227199609289726379e-01 7.120831344201050683e-02 6.908355877307981174e-03 2.812671837667584107e-01 -8.630928122465200136e-01 6.768975884533068310e-02 -1.042898869608357426e-01
9.270441835480454085e-01 9.931882411665937660e-02 -7.116390087025261657e-01 6.319215407702052367e-01 2.546811138520197471e-01 8.564928681595416204e-01 2.927395138562209898e-01 1.833402828406327512e-01
1.709539820097294438e-01 -9.411418647202030030e-02 3.929785525896836162e-01 -4.842262690462160180e-01 6.725989623448869192e-01 6.074890547904037152e-01 -9.698486301626825234e-01 4.255556528141990480e-01
-3.785219836487305756e-01 2.207422048966276584e-01 -9.551561531675236694e-01 -3.388510470644887640e-01 -4.966507542221458849e-01 7.323729308959363582e-01 7.869688953406879239e-01 -2.957523652114633084e-01
9.959440144018294472e-01 7.619697974135808405e-01 5.281520566856061638e-01 5.171381314886343006e-01 9.799072451499288849e-01 -1.243537625325754625e-01 7.446347869321598978e-01 -6.379648983470165291e-01
9.704478237536142693e-01 9.578757498462977527e-01 1.278290992981390151e-01 9.820936249782523664e-01 5.404627843183700264e-01 4.792315912197846473e-01 -8.992625916766121552e-01 -2.187556346786185824e-01
3.536235893298129707e-01 8.827181921037079437e-01 -4.807017280338987675e-02 3.140876848016429523e-01 1.819414602695146321e-02 -3.374663324131117470e-01 -9.142842361272245366e-01 2.811528916250416454e-01
5.999701566443449430e-01 -9.917205232300552176e-02 -8.847960857274363988e-01 1.535965061802639919e-01 -7.647858911942286841e-01 -4.358635893345592649e-01 2.291280039912129141e-01 3.194710351300238393e-01
-2.170702661994716731e-01 -4.346569618042610550e-01 8.077509229345558595e-01 8.683363160092558708e-01 7.769886728984087831e-02 1.172970970946436431e-01 -2.408143400724334082e-01 -1.812575523554158519e-01
