-3.486400881376685579e-01 -7.022477721253557181e-01 -7.853905060611081623e-01 -6.753691440281182068e-01 7.008169396147736485e-01 -5.527743657644716979e-01 6.874397898192730061e-02 -6.838307704923451968e-01
-2.962053403111173377e-01 2.545526091542549274e-01 -8.391460545067108701e-01 -5.376444838488190214e-01 -4.280943903440803666e-01 6.493431971866643337e-01 4.946638067733573063e-01 -5.149354982973504136e-01
-5.033249158666763812e-02 -3.047538345468647769e-01 2.406927663888749347e-01 7.092055210871879289e-01 5.200642144407348066e-01 9.969341957200055226e-01 -8.576388954649212248e-01 3.172530002566307239e-01
-3.285880862039562977e-01 -1.826327833506522502e-01 8.350593911468642272e-01 -7.347660278622991648e-02 6.204834541597672448e-01 -1.057072111188350760e-02 7.058570144772620125e-01 9.544612937933287800e-01
-5.065152304945845785e-01 -6.364655896973396842e-01 -4.865039228531644611e-01 8.744857344678393929e-01 3.901831163280824466e-01 2.046566143509020996e-02 -7.631705205560763705e-01 -7.568913625762441200e-01
8.779803817612850114e-01 -5.238227322874096092e-01 -2.867247011733844442e-01 -5.261196432377810428e-01 4.395771975888655980e-01 -1.314309988898532122e-01 8.173674288325567527e-01 -1.074901406992183617e-01
-4.635270887384808081e-01 8.585791818501740114e-01 8.435514274720581351e-01 -3.400112155963179728e-01 7.078512643112448988e-01 5.540158888988908625e-01 9.232122388783723377e-01 8.953608051784842647e-01
-6.298579098216845473e-01 -3.650119128719511163e-01 2.512349174776482563e-01 -3.768541081603462573e-01 -7.621962568482967271e-01 -8.192324630680380970e-01 -3.930107904824582388e-01 -5.414110363330228992e-01
-2.257408716600095566e-01 -2.577235757437854602e-01 -4.876523029140429344e-01 -5.560669241072726532e-01 3.777331757004203094e-01 -5.558751448846186438e-01 6.020176432564878777e-01 8.365584159980008483e-01
3.027097892986476690e-01 7.264072279081548178e-01 -2.775326532127992962e-01 -9.150736009200270971e-01 -3.162168760886485686e-02 6.038761967010763954e-01 -3.255031591450068262e-01 -7.553337887282047802e-01
