-6.125388290072226738e-01 6.505813848798127630e-01 -6.566564069943703341e-01 3.846161449851659420e-02 6.039660188645890049e-01 -5.908729285408711451e-01 4.137897535955068484e-01 -3.922336745877048614e-01
-1.493849593757294869e-01 2.352923281786205578e-01 9.456746517936949203e-01 -3.631666147137346812e-01 -6.735987984128983808e-01 1.706331784303232180e-01 9.905919296703769028e-01 -3.432995820163948775e-01
-3.548486347331025748e-01 1.722163664851998899e-01 -1.834774675177786030e-01 -1.299752807595855320e-01 -8.706592414032143790e-01 7.338822666547082374e-01 -4.909194151266920159e-01 -8.857596951226136550e-01
-5.078547049806336755e-01 3.328830177313708560e-01 -1.842679879280717525e-01 6.307366441824400205e-01 -2.315796719581422192e-01 7.460525484360913673e-01 5.866379904328566930e-01 3.430227688147158283e-02
8.020529749117726315e-01 6.437268213842555209e-01 -6.101761397465776948e-01 -4.717652809675063619e-01 -8.250454262749877810e-01 -3.184232739003745039e-02 -1.457348692591886596e-01 -5.491912096780502406e-01
3.637465613174968304e-01 -3.279440256032657430e-01 2.018162732006449911e-01 -9.775141935548783412e-01 -2.143738818202660656e-01 -6.727282753005037197e-01 3.869484188285363668e-01 -2.285768373458774150e-02
-4.497915412501451993e-01 8.474742238716321818e-01 -4.735848764044485737e-01 5.974943160536452247e-01 -1.079431350427937364e-01 -7.922611961234000688e-01 -1.512654832030875252e-01 2.698982110831806835e-01
-6.244604257969776917e-01 -1.702463129156579491e-01 2.420091481388160215e-01 4.311314137503390320e-01 -6.500649410415992868e-02 5.750768103033154777e-01 3.029575311318568609e-01 8.930050739786927760e-01
-2.598369680922674174e-01 -6.864170647287868299e-01 -8.236427714771124009e-01 -3.575336826946406976e-01 -3.070421789993271755e-01 7.825667758117966777e-01 -3.548121667280852432e-01 -7.579392539590801281e-01
-1.850020380378467610e-01 -9.880381102356488032e-01 -5.893435504137121139e-01 -6.595538482956757598e-01 6.495854533099596484e-01 5.849536170515823308e-02 3.965143948545417629e-01 5.047116117480809905e-01
