1.614959442845986803e-01 2.016180173587913682e-01 5.648881856276384283e-01 1.001874209040700681e-01 -9.274241597057968356e-01 -9.210004589709575029e-02 5.717520590000486624e-01 2.501095576465923731e-01
6.810060007797915649e-01 3.703846331466700281e-01 4.766478903491622177e-01 8.050393333151499853e-01 -6.346533883775973273e-01 -3.829690920831803069e-01 -9.659633526127335834e-01 -8.991727141869374496e-01
-3.393307389743400737e-01 9.955172990057818971e-01 -9.314158164522403638e-01 5.775398685441937019e-01 1.798210830364748158e-01 5.514450760658957673e-01 -7.226220403432379591e-01 -8.331346814988280780e-01
5.279465640651310743e-01 2.029243919717824696e-01 1.703374720144403831e-01 9.251134031419110393e-01 -7.675557742862415544e-02 -1.002199794948555045e-02 9.340181565701559663e-01 -8.202055589168255612e-01
-8.303511681854949256e-01 -3.449900096027136431e-01 -9.022610585678250139e-01 6.656511305252554855e-01 -9.738467202599696559e-01 5.712477887780194052e-01 -9.948707596422567967e-01 8.112763859969711611e-01
4.693963082177796675e-01 -9.772152558565889713e-01 -3.869030886379387635e-01 -4.369103338320181606e-01 1.992795498809021293e-01 -1.655330407831592243e-01 -9.736153038232011614e-01 -1.096779429823779850e-03
7.467962122589266727e-01 -2.807802817670430606e-01 -8.461138289036782556e-01 -7.756858270987907478e-01 2.708794215824432694e-01 -3.466904119440163967e-01 -2.134868026847422939e-01 -9.582657529725457923e-01
-7.613781858740336084e-01 3.539518907181684604e-01 -3.728337950062088346e-02 9.679553329844983178e-01 -8.869204535781722853e-01 6.803664241405995572e-01 6.610715878449267002e-01 -5.549276442168047385e-01
-6.536802100352101519e-02 -5.058514880004922887e-01 -2.572398227246766034e-01 -5.064444905998088942e-01 -6.845280666782840306e-01 -9.373962384293474948e-01 -7.682984475431489102e-01 -8.188653751467718234e-01
-2.918551957843260602e-01 -9.945364634937627901e-01 4.978276804706593950e-01 -6.770573821518461877e-01 -2.083546554291728636e-01 7.198203549406723134e-02 2.710320521328970500e-01 1.187703209915536018e-01
