5.709336335946431085e-01 -5.987250453109778103e-01 3.580560396081493568e-01 -4.781830199969228090e-02 -4.679307602114108899e-01 -6.350955006030734040e-01 -7.567910381167957112e-01 2.138898567445686183e-01
-1.397576087066325634e-01 -9.172866938926056424e-01 -9.027641375289414682e-01 6.881477297560056883e-04 -8.593268618273655068e-01 -7.160698733155601570e-01 -9.541415690727763632e-01 -2.866600623849739904e-01
-9.586462678833140849e-01 -2.791527023246407335e-01 -2.645599512178151702e-01 6.923239218286565411e-01 7.122391171000701515e-01 -4.888727275995328192e-01 -2.530927749428601992e-02 8.263548390478061556e-01
-7.314180275125572450e-01 9.469463793864796308e-02 -4.575933712131825537e-01 -6.623547068661697068e-01 6.008079587991632664e-02 -3.367933063421841844e-01 -6.706388464712897957e-01 -8.538938084058855793e-01
-9.848273068327595414e-01 -1.142484189662131833e-01 -1.028520777258195018e-01 -9.386211558751642592e-01 -7.736043594814614455e-01 -6.935856325980198633e-01 4.355197902579110991e-01 3.362144468521315321e-01
-3.639633869623433160e-01 4.514850192630801562e-01 6.897070756178409479e-01 -2.406888344609035002e-01 8.796991581839730401e-02 9.155981101570529468e-01 8.864072548741097624e-01 6.709476002163397013e-01
6.862902815020464065e-01 -1.251331469724774603e-01 -2.999977141678156212e-01 8.999885241173377626e-01 7.611881145365493317e-01 -5.282122542084182193e-01 8.827357932506241234e-01 4.653687558116412770e-01
-4.555554829600318989e-01 3.796579766537342415e-01 -6.840361379738861825e-01 -4.365309095309100051e-01 9.123672831075184675e-01 -7.590046165953918678e-01 -2.957024978589928299e-01 -8.375937589541273542e-01
1.975781973812775760e-01 8.351269188313703573e-01 8.854926043488806631e-01 -4.394279392194304634e-01 6.104353888410438689e-01 5.442878643011905826e-01 -1.587104522460891509e-02 8.514319323725252353e-01
9.341973979696331920e-01 -1.332324407954668111e-01 4.060348653218111004e-01 5.822338831280138294e-01 4.632383667573503061e-02 -7.843052570316006999e-01 -8.785588004850906074e-01 4.122638832412517385e-01
