-7.126904525536263968e-01 5.669989429623867316e-01 -3.889386689560936361e-02 2.725797778662371051e-01 7.408069014080196357e-01 6.838101497670614481e-01 8.227165003838938784e-01 -8.047344757558545503e-01
-1.939452140217443610e-01 9.062983231242311977e-01 9.973543830266762278e-01 -4.946291281776404869e-01 -8.152657004545049713e-01 7.977553090237639033e-01 1.883283495050351863e-01 -1.403841649943813330e-01
-5.664084052177920103e-01 4.799332719896172161e-01 2.919960647934412012e-01 -3.417944639867651624e-01 -8.759796063923941389e-02 -3.156776984914657636e-01 2.902739006276668920e-01 -6.737601155465924307e-01
-7.834622777167659091e-01 5.614166868042034242e-01 3.852492064183365983e-02 7.490321490265723359e-01 7.316078200018716338e-02 4.184685560932479564e-01 -1.390596875943812538e-01 -2.624711883746067009e-01
4.991378739097129813e-01 5.851906821427839134e-01 1.954375886053183464e-02 1.602567086362620685e-01 5.311180571732458944e-01 6.237163187502419159e-01 -4.695463099882606350e-01 -7.504767166893018260e-01
-2.389093504855921424e-02 8.443898131350817682e-01 8.045060484968533654e-01 1.523549138392508162e-01 -1.324367956186633943e-01 7.654602342145173655e-01 1.001389831802184105e-01 -6.590375467163374079e-01
8.526023014058938809e-01 -5.878383305083316746e-01 8.357717837595979304e-03 8.041463161550039818e-01 5.624554816776106136e-02 -4.212454816498856225e-01 -4.595759733659445789e-01 -6.033798991518408705e-01
2.004279959290493629e-01 3.837864996129647377e-01 -5.091684565728302747e-01 9.633405382657704852e-01 -1.375595902231070422e-01 5.778149820010169968e-01 9.900806825443637660e-01 9.546280301029193005e-01
-1.186464597875718230e-01 8.743529837912318303e-01 7.402708072057806454e-01 8.584079356283240703e-01 -9.954456480353905956e-01 4.068912132440665186e-01 -8.614393511212072863e-01 1.147590514109144699e-01
-9.346271263722805145e-02 -9.313325847803450852e-01 -1.824902421940912678e-01 -7.432017573464420046e-01 -1.830663078389598297e-01 -4.386237107199357776e-01 -4.045325875688881023e-01 -1.793782814881659249e-01
