-9.431204163493080994e-01 6.520018909737499424e-01 -8.582416017483287529e-01 9.084643937719312223e-01 -1.927716298552994978e-02 7.722921969202634074e-01 -6.006023306997918532e-01 -6.934152223332670228e-01
-8.878378713110715026e-01 5.523651102184807815e-01 -4.707647826123222412e-01 4.218365705937621168e-01 -8.725619071332977317e-01 -7.835429073412791823e-02 2.983096229645925135e-01 1.288807844604262787e-01
-2.330147361848111665e-01 -9.583724264650168578e-01 5.239831095005884620e-01 8.485582376511591196e-01 9.316890485040127956e-01 -8.400342962775124711e-01 2.435404115018695581e-01 7.061434418085175135e-01
7.142569186665932435e-01 4.380416509524616142e-01 1.472381332011700739e-01 -4.238794487980921399e-01 6.243608803223723580e-01 3.016867323938470236e-01 6.004978481211258323e-01 -3.284790633433245510e-01
-1.563265536645663811e-01 1.215687483751106690e-01 -5.413340073316457168e-01 -8.032135594387348476e-01 -3.191184293249900161e-01 4.496504461714818657e-01 5.355664910782911292e-01 6.001802701159970610e-01
-5.577174689474537761e-01 -9.126339854524534445e-02 1.104979322433827793e-01 2.939208748836856788e-01 -8.669448177620562301e-01 -7.209390319925461643e-01 -9.971968477084502958e-02 4.732305163435990281e-01
-4.324318866878980039e-01 1.441422803269047925e-01 4.103920915148326909e-01 9.956658351946439112e-01 6.719251396874599269e-01 7.493076968462859533e-01 7.122852657782612340e-01 7.426856291027779111e-01
-4.612069161769749570e-01 8.772408778383880001e-01 -2.078700269660205269e-01 -9.035573872098354720e-01 2.154960800475476113e-01 -2.132127808119377299e-01 -2.327698848799175657e-01 2.063260540059836945e-01
-6.723738880990666189e-01 -2.206384135582495354e-01 1.001335410821475591e-01 -6.903997222003221967e-01 -2.806050327967348768e-01 -4.945860515354860709e-02 2.598622357093907098e-01 -6.296449458813619948e-01
4.481194976685454190e-01 6.156623660980355961e-01 7.558362015353474739e-01 -6.217600340231499434e-01 8.130651625513067859e-01 -9.287870328167704415e-01 6.276703489545054637e-01 1.810619985386903164e-01
