-9.003249967790578623e-01 5.293269988716091667e-01 -1.638649680895869487e-01 -2.050419888242163147e-01 -6.663365092188795469e-01 -6.474046009666778456e-01 -6.499557752395679344e-01 9.593337000289643424e-01
4.387379103701800620e-01 6.414859711527334252e-01 9.097097831370957177e-01 -4.767971230580876352e-01 -1.760887242910802453e-01 2.447860700610122731e-01 5.031335499654561172e-01 -2.475892470436371617e-01
9.077154997893861488e-01 5.683469037113588751e-01 -4.572665844591503603e-01 3.730828147816933615e-01 -8.919606432396667284e-01 2.508163132464384937e-01 -2.336589518115081976e-01 9.238747449822697355e-01
-5.645543475151044710e-01 4.482450701962401585e-01 -1.170143983025662138e-01 -9.417788181150172910e-01 -8.419992405194336449e-01 1.650494314530048801e-01 6.104419769849940280e-01 -8.538731687599698805e-01
-1.037974097126606043e-01 -6.097027403479466923e-01 -1.374585604150222462e-01 4.084619513581406736e-01 -4.694678550710933429e-01 6.457957061494361550e-01 2.877326220798577250e-01 4.299432517067507398e-01
4.614580695224272944e-01 -6.611512413410942646e-01 -1.602408314600411998e-01 -7.969302550866019796e-01 -8.317067363676908798e-01 -2.792133787091846120e-01 -1.187314354562307717e-01 -5.897931650257415281e-01
-6.768805229543346513e-01 -3.605387697936524027e-01 -3.245596113622277734e-01 -5.931676838357593518e-01 5.399105913981829818e-01 9.450206575196735681e-01 -8.033139818819368116e-03 -5.506007472994574048e-01
-6.285837581697351073e-01 -2.102524674039942809e-01 5.974052570580783428e-01 -8.739743833309427945e-01 -3.088844317305583509e-01 9.719090110716479547e-01 -8.969845633930624285e-01 9.437714973989352885e-02
-1.993429725851556533e-01 1.801701756289737499e-01 -7.502255764717047359e-01 6.389478416348548517e-01 2.079817779328740901e-01 6.468646190475135782e-02 -2.023880321675364247e-01 -3.715614884420768149e-01
3.495852084080737221e-01 6.275860788372227272e-01 -7.368543187530030014e-01 3.469094741174176821e-01 4.054149755724081317e-01 9.779207320195069109e-01 -3.552377560695221259e-01 -6.027040561171035371e-01
