-3.449645765797606511e-01 9.045788628529962683e-01 3.063171046373383000e-01 -2.302778160347895842e-01 -7.172683132365480496e-01 -6.453859903929137776e-01 -9.951986017521674555e-02 1.822103558773604526e-01
-8.323558902785235247e-01 -1.605143290111656906e-01 4.788468875453728568e-01 -3.422122056926053535e-01 8.794220391023501726e-01 -2.492516048490847069e-01 1.388983413061304351e-01 -4.149916399700983582e-01
-4.452348312158875832e-01 -8.982926336603771489e-01 -3.392360620613823485e-01 3.280157609427796217e-01 5.196331469843040729e-01 -6.993077734506925047e-01 -2.971524148981430358e-02 -9.045158115129308118e-01
-7.058963136162803576e-01 -2.028267918619355292e-01 9.280582492327638100e-01 5.563542609643605807e-01 7.691077840847704294e-01 6.499004718970791128e-01 -9.840693258557688949e-01 6.003174113986413651e-01
5.740203040553848446e-01 1.416739981520391822e-01 3.784843933158021922e-01 2.894054311663178947e-01 3.796661045126341616e-01 -5.519581667517132750e-01 2.828359086282534740e-01 -1.736752768487448417e-01
-7.499752256173539688e-01 -3.239457352954855374e-02 6.531991994499537491e-01 -7.835543233622479509e-01 8.228370995248390773e-01 -7.919286341788229766e-01 -4.459851924120310507e-01 -8.713704942783175866e-01
9.243641152566788310e-01 7.277965747140484609e-01 -3.159614605145939503e-01 -5.294263937761281014e-01 1.658732123648936074e-01 -1.898616196018720892e-02 -1.890972196107911785e-01 3.487203999295491741e-01
-7.435478514219671098e-01 -9.620816734862414066e-02 7.094594374378735413e-01 6.331758895579329138e-01 3.897486408061690000e-01 2.642483425011683540e-01 -5.260891055874188371e-01 -9.573176657092756781e-01
-4.688061923797448571e-01 -6.261393119849119060e-01 1.530107248716061630e-01 -5.867824110632322565e-01 -9.026586081599912159e-01 -7.221409503852671552e-01 3.435683616127516160e-02 -6.037352306755194853e-02
-3.708557645050261087e-01 2.903204795696407992e-01 -5.970221811918610122e-01 -9.675932287312225544e-01 2.011036394765941537e-02 8.479302201705365416e-01 1.445413308936400743e-01 2.083200972255312422e-01
