8.295928108985428651e-02 8.472725803468876826e-01 -1.293686716095276967e-01 4.248955140129613284e-01 -3.463251923018002554e-01 2.263711379677821878e-01 -3.077288890353213624e-02 1.715479068411163155e-01
4.376998360186221682e-01 3.049485959593358775e-01 8.824044800424646340e-03 5.068122726725017291e-01 -7.550158451634123580e-01 -6.934469982079640715e-01 -7.274778282511598082e-01 9.576742789032919312e-01
2.835873885506852154e-01 4.077819329415603988e-01 9.306576721540891217e-01 3.998672730270589337e-01 9.003531306350498475e-01 -8.763930177570904423e-01 4.397700556701571450e-01 5.775590188512698120e-01
-7.550099233687506128e-01 8.512676860378969312e-01 -1.768976632595498089e-01 5.241679410747250856e-01 2.335214546352042397e-01 7.768567398649988132e-01 -9.012066358550343548e-01 2.876917666974760923e-01
-6.401924395556519709e-01 4.143152078522087667e-01 -2.302235171994675422e-01 -8.987658909835023469e-01 -9.726005556134094121e-01 -1.913243536743891582e-02 4.956265531543750935e-01 -8.617740045236121915e-02
-6.984577068607378258e-01 6.675908140191340046e-01 5.938289932179596775e-03 -4.199744935549536429e-01 6.944341349000446861e-01 -7.661333456527574803e-01 6.637491952888485702e-01 9.752445729022602983e-01
3.381297980606616793e-01 -5.589417546651391788e-01 -2.822951562471360809e-01 -5.317712720864784526e-01 8.203499661322977143e-01 3.499888212138480004e-01 3.308213724891129193e-01 9.554005212320104690e-01
-8.076880375383537203e-01 2.769656114625118626e-01 9.475744107106345293e-01 7.464893527615303892e-01 9.256106493435491966e-01 2.397981780059188495e-02 -5.534431969218389646e-01 3.144441260615353784e-01
-3.699704345110061965e-01 5.320320140250591745e-01 -3.560649417324617261e-01 -5.090749521365462993e-01 -3.479967211975729668e-01 1.170852812743938820e-02 -2.417382073899634332e-01 -9.766702441413697144e-01
-9.996688019384358803e-02 -1.584415779088645948e-01 3.059099622754302139e-02 9.643796190602977880e-01 -5.463640955510780106e-01 5.207604015159881250e-01 9.885854903024626772e-02 -8.470618900206605684e-01
