-6.773749014399006452e-01 -7.143426569010709049e-01 9.462026621360835055e-01 -3.685152774214106586e-01 2.483878937921746299e-02 7.210075703324929641e-01 -8.786775700235760489e-02 7.819918090695072710e-01
2.282991700744092523e-01 -2.348132061604093490e-01 8.719414330020887061e-01 9.105129338431716679e-01 4.717232606981023313e-01 6.783382973829117368e-01 -7.577811771173339483e-01 -1.083944745857690073e-02
2.738438470269977110e-01 6.975036351527892364e-01 4.770828201315304717e-01 8.554979941639222485e-01 -2.581946017305158936e-01 -2.410903617583226577e-03 -8.360635574914356827e-01 1.230945712306705797e-01
-1.686971748201095966e-01 7.093269292466370946e-01 -9.097280223114410092e-01 6.302224146827344331e-01 -6.182494219660263912e-01 8.388079052916608269e-01 -1.732942049464727408e-01 2.521042489085778548e-01
7.162488202060277587e-01 6.240716453737666924e-01 -5.563463767298086893e-01 2.721886697919686515e-01 6.489485360987234941e-01 8.018258778351137206e-01 -4.401369829524210964e-01 -6.768639110866048192e-02
5.047682919560905201e-01 -4.490017758039415163e-01 2.032490648320186555e-01 -9.377255834104025745e-02 5.392749795131477342e-01 -3.051944626202089950e-01 6.060093791533716079e-02 9.142418367604137064e-01
2.818474478990922183e-01 -4.842596012725013388e-01 2.193871978946582146e-01 -2.928379103872025269e-01 -9.230199694233129915e-01 -1.873414497286773894e-02 -5.400118201656407546e-01 -8.253106484597201309e-01
7.189440244260101309e-01 8.263534119086963781e-01 -5.144574922226790026e-01 -5.741804186570809154e-01 -9.750046713925217823e-01 1.070774108368728328e-01 8.980224116302830684e-01 -9.359586650373694638e-01
4.579979796458817365e-01 8.058245462719015872e-01 9.145615048726554175e-01 4.924084226366263195e-01 -4.060487365322844600e-01 -3.400057411469157298e-01 -9.261070559473782993e-03 7.776606219482529170e-01
-2.072101488477442466e-01 -5.392192309575749576e-01 5.965717208526877258e-02 -1.079782811245715290e-01 6.616345712752433883e-01 -9.762428429050082901e-01 9.579334247880921804e-01 1.882909577705353943e-01
