6.097071645118350425e-01 5.095532186663518370e-01 7.120234740503157411e-01 -3.591670139283178464e-01 7.014531812184670034e-01 7.695628782523953326e-01 4.321912038980622039e-01 2.422304446362655295e-01
3.850337247760424741e-01 -6.548039785738932750e-01 -9.527065042221098956e-01 7.242391191288064523e-01 -8.950002075832224069e-01 5.282046857897677583e-01 -8.862984240995399610e-01 3.793052529132237005e-01
5.157347075777887202e-01 3.196833479989713567e-02 -3.338706084927702822e-01 7.085617794175458339e-01 4.258809554093181404e-01 -3.089167076641152754e-02 6.205792255960693726e-01 7.034485149770113299e-01
-2.800579521754109624e-01 -9.290639532143685209e-01 1.681424703323923797e-01 -8.554398049242799562e-01 5.365710225292850133e-01 6.231750051997815287e-01 -2.079441351260036264e-01 -1.994804672809140644e-01
1.935184912555405479e-01 2.238798855033721225e-01 4.927631065378916819e-01 -5.257356450758821076e-02 -8.427518634799540109e-01 7.489547772027407291e-01 -1.524766608334759965e-02 4.862725658711122279e-01
7.405549118051548696e-01 -6.676043318539894855e-01 -5.974112012985639542e-01 7.148206559573080376e-01 -2.460595538988918918e-03 7.892695280085004761e-01 7.274991022072692104e-01 7.055266912314053229e-01
-7.746961048348239842e-01 6.609777538577854550e-02 4.783140555732872112e-01 -8.978999443696717986e-01 1.969096021143701414e-01 -3.949061540460871989e-01 7.812262113825161336e-01 -4.533848535562554627e-01
7.289823854572270445e-01 3.688133004388283176e-02 -9.812650475085931134e-01 4.517172195498608822e-02 5.930436165013408534e-01 1.960991742801061477e-01 -6.611816188144683526e-01 4.592110372876900826e-01
-2.973185721947784188e-01 7.725004541428976967e-01 -1.241636577007485531e-01 4.533859524063312829e-01 -5.252625346317214561e-01 6.858671077608500255e-01 -3.509757812019211887e-01 1.554710391501388234e-01
-9.061052962067228655e-01 7.299826872956878265e-01 -8.124069591344595942e-02 -1.099401821508294574e-01 -1.748413722453645569e-02 -2.189694025175406011e-01 -7.714843019359611809e-01 6.338294587603210406e-01
