3.806450662088116665e-01 -6.771599518531312700e-01 8.396654121046824848e-01 4.168345847904273427e-01 -2.940922313600777827e-01 9.920399910036470370e-01 -8.849511883294525205e-02 -2.518345322253292551e-01
-8.042383331012565861e-01 -1.153057357224351875e-02 -5.284319294594719274e-01 4.390644506311547346e-01 9.382854851031834365e-01 9.559085229503341274e-01 -5.645065641971203085e-02 2.005424679767739971e-01
-5.375000513060463891e-01 8.786325521782973880e-01 -4.653314998872797315e-01 7.234292590124871136e-01 -5.658695246424292336e-01 -8.689563769400598936e-02 6.576222121069688065e-01 5.837369411761437199e-01
1.750467054445190573e-01 -5.404009380490573111e-01 8.207755958234361771e-01 -8.157121999517424893e-01 8.748485541250992092e-01 -6.316702841597543472e-01 7.358313268133085394e-01 -5.210028545347733520e-02
-9.206837879402918201e-01 7.901908560638599699e-01 2.789138972578508735e-02 -6.891927641419481887e-01 4.697103902447907764e-01 -3.901078464153593384e-01 9.329376751260625156e-01 -5.763382951189943704e-01
1.041315223920906696e-01 -3.687523941936907690e-01 3.765781733226998274e-01 9.905576574406038670e-01 6.063940654368134009e-01 4.401414967649452947e-03 -4.960528993177630852e-01 -2.334045696916220436e-02
-3.830990251805843627e-01 3.056424779811413028e-01 -9.049710953875680364e-01 -3.437570784549535130e-01 -3.106073118475953798e-01 -5.235720542245527742e-01 -5.534153028071335800e-01 1.491834921902948086e-01
-9.941285009271412232e-01 -9.845917926580947110e-01 3.429618817337234393e-01 4.608316834078445279e-01 -1.239920583728193471e-02 1.551634486914426070e-01 -6.696341750784624569e-01 3.815176654168008774e-01
-3.427458030736154626e-01 1.870858002388455787e-01 9.655304884583577607e-01 8.514651228188774290e-02 8.309016293600681724e-01 3.426970655028651613e-01 3.580719994270602502e-01 -5.435838535907833169e-01
-7.485963640078092673e-01 -4.523069354032520639e-01 9.971783239517111319e-01 -4.910022900551513914e-02 -3.683055611357393122e-01 5.296352814596219094e-01 4.188602687309763706e-01 -2.743518290434008300e-01
