3.030133715293523711e-01 9.784390154001219031e-01 5.052760233311526239e-01 6.459807116159841378e-01 6.861193477706872823e-01 2.417285678370539870e-02 3.167847174220983497e-02 4.032956846834470088e-01
8.253182211980754079e-01 -8.162891180599389784e-01 6.670305684044011141e-01 9.168355173272508818e-01 -7.994389560277093132e-02 8.816332619289057870e-01 4.031042255114605233e-01 6.685818032123356236e-01
8.839095026247829612e-01 -2.394807070172255692e-01 -9.629554844508316780e-01 -1.906896476911779104e-03 -3.750718443360196996e-01 -1.069920317436834356e-01 4.315232732005735983e-01 2.542715549524068308e-01
-6.435712833650599762e-01 -5.743938109617001686e-01 7.509393043510912413e-01 -1.016077714032161960e-01 -3.307469037294350489e-01 9.395012575400518706e-01 6.828250935686579481e-01 2.718797923855704735e-01
6.906750865159367869e-01 -1.793945979314541805e-01 -7.371618883343771245e-01 9.802725594165042633e-01 -8.524982755428411885e-02 1.183653987367361271e-01 -6.765468998830914682e-01 -3.009560518974059296e-01
8.314106723805763099e-01 8.257481701023490217e-01 5.737558058287701712e-01 -2.875027735233297577e-01 -5.301077558517339749e-01 -1.923038668468992629e-01 7.067714747335829273e-02 -1.731232840866767653e-01
7.325750160069279815e-01 -4.867446461040441097e-01 9.400902125062791104e-01 6.063276454569725971e-01 5.592195225918918933e-01 1.654765888631490878e-01 -2.994833809216224108e-01 8.765959740662701005e-01
-8.824403658944344198e-01 -8.413011111915413842e-02 7.690582309542115524e-03 8.415213704433779363e-01 -2.358739392530475598e-01 -9.679960392447228834e-01 3.345240855497872978e-01 1.201966937613858644e-01
4.388901052174796202e-01 -2.779908571157205799e-01 7.639670344169247063e-01 -5.733808102811679408e-01 -8.791972703190389371e-01 4.914657270714481996e-01 1.526460945531085134e-01 -3.925196240130908176e-01
-9.350985707706138683e-02 8.103910123098756468e-01 -9.220286799506720588e-01 5.559527308912461940e-01 -8.630213295167565857e-01 9.856682222821824269e-01 -7.238839500277740591e-01 8.099787453643665369e-01
