2.859121893677591952e-01 -7.959443970981667782e-01 -7.978227007637088697e-01 6.458848616139520882e-01 3.576916483130143654e-01 3.076316854573035720e-01 9.952621853884644487e-01 1.779786523619877325e-01
9.933325325205462075e-01 7.962649033522157804e-01 -9.371668370728758468e-01 9.293037863843300883e-02 -7.723350232240164814e-01 -9.042372147226673817e-02 -6.411757875366970172e-01 -5.814090131105129622e-01
8.326358154607227391e-02 -5.057792667409226617e-01 1.953648824771545556e-01 7.188686279688183411e-02 -8.720569772795405683e-01 4.570659723872905200e-01 -3.824945006866198316e-01 7.630719640413923255e-01
-9.060079421386328935e-01 3.979219490409673377e-01 4.225729086011551505e-01 4.923589417837228588e-01 -6.048582515349609778e-01 -2.345143443044468423e-01 8.583363770468872556e-01 -8.067431750679334712e-01
9.135745625041282736e-01 -3.466028233292948180e-01 -2.541330240170958099e-01 -2.820320440601082890e-01 3.184336957064282103e-01 8.111869050471358644e-01 -9.817873382763524504e-01 -6.211895690521616054e-01
5.006094685678936784e-01 5.000474497156155440e-01 2.731737610470523769e-01 -8.591678307960379790e-01 8.448295860314829486e-01 -6.862235999788968144e-03 1.357325786117260513e-01 -6.148278945602245749e-01
-1.240553649041729045e-01 -4.678919922764759320e-01 2.752355694730121982e-01 8.259835506450341480e-01 2.516062940285672678e-01 3.374045506168459330e-01 8.972758090205852355e-01 -5.517696091548371928e-01
-5.431160805560319993e-02 -7.989651001956257215e-01 -6.014583070693266809e-01 -4.957543572048916936e-01 -5.801184400828154342e-01 -8.765711098205157814e-01 3.337320046039840005e-01 -8.512415803507160650e-01
-4.785014071586124462e-01 3.320986877921225933e-01 -5.347224566618775654e-01 6.129269859646284679e-01 -2.460302037063395453e-01 4.372698616691361728e-01 -6.343851500252930542e-01 8.316178126618620770e-01
3.031013108973077408e-01 1.690989795606963053e-01 6.475069973988476502e-01 -5.433525918294153101e-01 -8.879270167641311051e-01 8.394110261884386581e-01 1.637401623729255462e-01 4.629565654581917489e-01
