-4.830569156984170220e-01 1.688659406614132497e-01 -9.845175790009388361e-01 -9.575731426727496221e-02 -9.408831831623973851e-01 -8.354181575146781835e-01 8.398068232487176932e-01 8.651624635195493962e-01
3.933940033566882821e-01 1.951614640666512468e-01 5.411779948560015985e-01 -5.106702950490453752e-01 3.186588906594796100e-01 7.519694552221878325e-02 4.294908836861011103e-01 -5.323923402764916268e-01
7.991512955046782274e-01 -6.377351736533676263e-01 -4.968997171873068552e-01 -5.668194395989618606e-01 -8.505917711532964276e-01 -9.343866799082130026e-01 -9.739952379651073411e-01 4.805891945603322224e-01
7.274238638192704887e-01 -7.248335460703936306e-01 -3.990305186296865259e-01 -2.607451149346493580e-01 3.787153384985044724e-01 -4.649756184694633365e-01 4.424498398187339809e-01 -4.663390093816832671e-01
8.856595898113168719e-01 7.071834894660498083e-01 7.254166002361173149e-01 2.047918636325742892e-01 -9.922094825686260666e-01 -1.703494623236916361e-01 -7.745217879414956208e-01 4.468398544260268057e-01
3.749890302343663606e-01 6.098926604994889811e-01 -6.810797258236931384e-01 1.981902379091333710e-01 -9.392175288051201054e-01 1.785062084504751567e-01 -9.515303009067050954e-01 -6.560833614716043982e-02
7.669154690614474745e-01 7.439920810523701356e-01 -5.908510562463451521e-01 -1.805374130337553673e-01 -3.495759369702682307e-01 -2.572699512379950093e-02 -6.166336805106058527e-01 -8.978058692017578668e-01
6.349634973726374643e-01 2.022720033967797537e-01 -2.240196727582377534e-01 -6.748111918726209524e-01 2.676199632007363327e-01 7.827794224330411055e-01 5.295709257586829199e-01 -3.911504415890274533e-01
-7.485761098961034588e-01 1.159616034577057864e-01 2.951144985736733339e-01 -2.011021389465357245e-01 -3.049272615050495627e-01 -8.664430138447947183e-01 -8.760485068046874879e-02 -1.519148410471633515e-01
-9.997366891489107843e-01 -3.191909536102632838e-01 -9.255489600064650269e-01 -4.123069698317258780e-01 -2.139485267893941334e-01 9.436810760237657192e-02 -2.147318548413903461e-01 -5.784402525713612242e-01
