2.868996359915361172e-01 2.642187414717067639e-01 1.592436469016100808e-02 5.342732078357848025e-01 -3.559843552682182555e-01 -2.683638971800785811e-01 -7.579875692488375893e-01 -9.372669449388317808e-01
3.996647206938870323e-01 5.464965167155457770e-01 1.164685015799049594e-02 3.733951519685214659e-01 -9.670183555861444624e-02 8.149032168580434554e-01 -2.318240884208047081e-01 4.257719113995022120e-01
-5.882654443175505676e-02 8.669860719969224583e-02 -7.122466698357161619e-01 6.790715690921929060e-01 4.132671111134331721e-01 -5.038800737448012601e-01 -8.604105252081357680e-01 -9.790934266070316916e-02
7.872521260489673267e-01 -7.181433864401678413e-01 -1.245703776345734592e-01 6.307889543149436395e-01 -9.009689163464673634e-01 -8.455152395430618473e-01 4.637921756359093539e-01 -8.871087508722919068e-02
-1.690893573145082485e-01 2.236121171059821666e-01 -9.204388260362352803e-01 -6.124311177451309263e-01 2.500776391652432817e-01 8.050303981680899668e-01 -8.414457652558713363e-01 -8.201596432889379784e-01
-3.310297205802681386e-01 -3.162727778727540962e-01 -3.612430749598254387e-01 -7.306722409369887927e-01 -4.514107421250090901e-02 -9.981836353953221774e-03 1.687079012176004866e-01 8.649707022158992231e-01
-6.935952105682612334e-01 7.513592698791291546e-01 5.358263007202053174e-01 9.042392011140911734e-01 -1.936281795135725847e-01 -6.423415622878796416e-01 7.040058720801711800e-02 2.312618586728694137e-01
-1.558329341764794762e-01 -1.738834159785227484e-01 -8.107156278964173790e-01 -6.343441435937207107e-01 -6.113442632339698424e-01 2.482201858169719166e-02 4.921661285374290262e-01 -3.853918520665773340e-01
-8.546067331869677819e-01 8.808951319891522580e-01 -9.021155122942652316e-01 -3.185599938880572246e-01 -5.254904936949107430e-01 6.872127676348249725e-01 1.674288383677779990e-01 3.019152560538964636e-01
-9.152343047061484160e-01 2.717320810793448782e-01 5.005971926911618741e-01 -9.649071762695879961e-01 -2.534754627019237816e-01 8.988977990771660487e-01 1.822791352350305871e-01 -6.228585332298168797e-01
