-6.803418564722947259e-01 -7.601985207744799133e-01 9.162740461619729437e-01 2.180761994523980896e-01 2.456191490242938258e-01 -2.835665744275295275e-01 -4.833926358480720165e-01 -1.025135135492827310e-01
-7.535712523505850857e-01 7.699279150717437403e-01 8.476330573327421902e-01 1.255259373886568053e-01 -8.038732519256779341e-01 -7.610727198044506814e-01 7.766778334671839978e-01 -1.784844717985327733e-01
7.163620095733969073e-01 3.754485724101876976e-01 -2.999434529298186103e-01 6.659410430256702540e-01 -6.080986131631387348e-01 2.405412020686255037e-01 -5.302176371640803243e-01 9.101711919044095378e-01
-8.841028022835584199e-01 3.287692662234431573e-01 4.800858676159920346e-01 -1.316030200684499274e-01 5.941957075534753940e-01 -6.477068815844133631e-02 5.690473365900450275e-03 -8.538293362551545584e-01
5.822448110442814961e-01 2.109869664648655885e-03 7.820400422521947004e-01 -8.067580008033439221e-01 -8.383153605228410576e-01 -3.803375628803040698e-01 5.084099712138177019e-01 8.651434710286380891e-01
-4.047697432070811452e-01 -2.600402611053604929e-01 1.778396788928433558e-01 -9.330208023476393997e-02 -8.428663582802136123e-01 -4.650841759245483154e-01 -7.538679449023517609e-01 -2.027770336240737326e-01
-1.222244584347267349e-01 -8.238202723136491823e-01 9.170297503138673534e-01 -6.976446671572305025e-01 1.262748611390618336e-01 -7.551425214179390277e-01 6.586653448688133405e-01 -3.943716104812171608e-01
-7.043442949586382618e-01 2.379406707647833130e-01 -6.828209139141103723e-01 -8.868228985578261447e-01 9.530708725204259935e-01 -2.953600409848124997e-01 -6.408822242172460548e-01 -6.828371254749716623e-01
3.076391655187384888e-01 1.847636323780907919e-01 5.337285659004582516e-01 -4.531713653648026252e-01 4.438292397108201115e-02 8.882045287329656258e-01 -7.341305898717065404e-03 -9.959643656381043098e-01
-6.942827994509921385e-01 2.863110268159003713e-01 -2.655744954996472895e-01 8.952687135277881403e-01 -6.481178633135735723e-01 4.443328280702818489e-03 -1.028029899911877543e-01 8.110596365692566145e-01
