3.293546268325118209e-01 -7.215496519241488826e-01 7.648311909980405332e-01 7.121903246608707327e-01 -2.569707587177907371e-01 -9.941772411403080323e-01 5.508879030212037176e-01 -8.570703544937936513e-01
-5.758409413986909087e-02 -7.013825767216312901e-01 -6.488604926981760279e-01 6.492581256496219311e-01 -3.863690653784315199e-01 -3.009001736276684102e-01 -1.005102301543714383e-01 -9.051373065990957478e-01
6.501883539869857120e-01 9.328845597078945229e-01 7.147072320426062220e-02 8.291983155633779745e-01 -7.617397510779371217e-01 4.625095541700394719e-01 3.908640365853868204e-01 4.903771068828348678e-01
-9.497543657791789329e-01 2.339961890967059421e-01 -6.426696231026780559e-01 -9.188411156614655351e-01 -1.608704096100763703e-01 -5.554183764987117300e-01 -5.839514645420420536e-01 5.809495764775212123e-01
-5.510503710000778099e-01 6.323879098063114323e-01 -7.529357981373914210e-01 -1.380574098053459764e-01 -8.375389339648557918e-01 3.429966361818044263e-01 -6.449335422620399161e-01 -3.475633151158286083e-02
4.276210632641113119e-01 3.351613757926674708e-01 -3.542587271625354806e-01 -3.356766850847807682e-01 -2.162179096396157352e-01 8.096642914487388598e-01 8.516239032153696265e-01 -3.309205260397725112e-01
9.392650474158388274e-01 -5.915252667552699517e-01 7.143791989988801383e-01 9.720426373764310402e-01 5.698439724801551698e-02 7.497377600349879323e-01 6.875637246251047330e-01 -8.397119760092504048e-01
-8.143303479592365335e-01 -6.339090705722252306e-01 -8.343018881514623342e-01 -9.162883332962417082e-01 -2.582002076496754395e-01 -1.110902938017583885e-01 -1.722670728027220211e-01 9.347470087308793474e-01
5.738511703954982668e-01 -5.560540620102438769e-01 -7.718077162510352807e-01 9.184802418135220581e-01 9.112116480253322770e-01 -7.318850218550212450e-01 -7.822613423949962286e-01 5.294823885334436486e-01
-7.865100797048616421e-01 6.714197704179720727e-01 1.431176281591612920e-01 -4.704435493846637062e-01 6.681510772071919124e-01 1.524512251248497652e-01 -6.502276407934948210e-01 3.560128854916160268e-01
