9.986051206967627714e-02 -4.921279544501269143e-01 -7.985018406908026556e-01 -6.314892184017169008e-01 -5.284188089906471930e-01 4.362908636909557103e-02 -8.865903337360248049e-01 7.832751411353711113e-01
-4.161228805386052443e-04 9.224119325263266944e-01 5.297349790923640001e-01 -9.856329994754153834e-01 9.014709619822423026e-01 -7.340245289377596016e-01 -6.127240667116751194e-01 -8.605554625700864158e-01
-7.896713487223721017e-01 8.608715966765703165e-01 3.520136112038336762e-01 -9.873588476151888838e-01 -5.789246906844573992e-01 1.094085738299404031e-01 2.509917132333530088e-01 -2.168840347176903549e-03
-9.938610420136155810e-01 -4.162657479129077132e-01 8.268922223523089698e-02 9.275409488371528788e-01 -6.093900245710499597e-01 -2.357704697531604054e-02 -1.474617787462813023e-01 -3.314896647886056424e-01
3.100638756860942813e-01 -8.175397782793549784e-01 -5.797181296779503334e-01 -7.265077752629640617e-01 4.386715165096268798e-01 -4.021085466948892684e-01 -5.134045063557337585e-01 -2.953659645175845672e-01
2.063298270567901493e-01 8.275567791892366465e-01 2.127198045359013356e-01 -1.866101826638686401e-01 -6.925426183466687480e-01 4.076741200539322207e-01 -5.634407609204845624e-01 1.359739021604196019e-01
-2.165206101276462292e-03 8.616246605208279785e-01 -6.615313521875807456e-01 8.291518372600426012e-01 2.358912139801703223e-01 -5.826263197670662475e-01 7.994914751915231932e-01 -9.452897276481031508e-01
-8.616028871216958596e-01 7.470707911390734868e-01 7.393874449550961181e-01 7.870520329005350479e-01 -6.224093027448864834e-01 -9.194126256124122154e-01 9.148622603438341105e-01 -8.033992979252184696e-01
2.910070784278162570e-02 -8.868580672517867303e-01 -8.241257250219118369e-01 -9.415295835342436526e-01 6.795767332308844111e-02 -5.346709595655101399e-01 1.102098328846887743e-01 6.997059243293770603e-01
6.862784471655811736e-01 -9.224192549880270153e-01 -8.791374574517050178e-01 5.923817099664940855e-03 -3.437819309386900279e-01 -4.144427622694277780e-01 -8.819854893367509163e-01 5.927483059296938528e-01
