4.652207518383322249e-01 8.155530173246448022e-01 -9.462267770784034138e-01 5.612778325320819661e-01 6.995602722204605772e-01 -1.639788290752703936e-01 -4.713434513901404443e-02 7.829077730708415839e-01
4.401536636262277646e-01 1.096826706293296816e-02 3.467477348281948757e-01 3.849681257260346712e-01 -3.588308244263378466e-01 2.671276304829477422e-01 -6.317155016253814814e-01 7.191224358348475842e-01
-2.197628729254905711e-01 -1.526845767010718280e-01 9.220590751065855795e-01 -4.122948161360058261e-01 6.337994760146932194e-01 3.072729021260374171e-01 6.265734898490389337e-01 -4.541537286685404240e-01
-5.021902135896216812e-01 5.908251710118581634e-01 -8.875813215899641673e-01 7.879859628707626129e-01 -3.696165098815955563e-01 -6.625567811632291360e-01 4.386903269103537006e-02 -8.635420023441564563e-01
4.877386667647147789e-01 8.183832340492762647e-01 -8.169694560883278278e-02 -9.109343643529410617e-01 4.848035341517875629e-01 -2.551738705309740673e-01 -1.315007510463901408e-01 2.364246923108594967e-01
6.943404764559326647e-01 -6.824482554860105132e-01 3.501202351705028359e-01 -1.507461968850638545e-01 8.778385371699755080e-01 -6.455838533328455142e-01 -4.460109985007703060e-01 1.200297521458506544e-01
-4.143655515281807755e-01 7.347123505206529792e-01 7.954418673520804450e-01 9.121204885557314679e-01 1.112155038977700183e-01 3.558218586988513010e-01 -6.300051418912855361e-02 -9.758351726589831188e-02
-9.439461556502111161e-01 2.200243645596879905e-01 6.177641435524261482e-02 -8.918798735128430355e-01 6.726187356209154533e-01 -3.275206872504197175e-01 -7.525803851462344873e-01 -5.843635713268611198e-01
-9.604617659141905239e-01 -8.945155545469536396e-01 2.813347512993109589e-01 -4.696505788158442662e-01 3.701232689780975527e-01 -8.847890653001453387e-01 8.123240710788139918e-01 -8.760910914503050595e-01
7.695195234343137347e-01 -6.450995755744541871e-01 3.217904649879548273e-01 7.706971094138919121e-01 3.337786454084383791e-01 1.991480242131753453e-01 -4.806989106744607998e-01 2.094914046148943498e-02
