4.530722343491904169e-01 5.321181583633121104e-01 2.278336733905881317e-01 -2.734102407209089147e-01 -8.712737429487977803e-01 -7.203234037226495801e-01 8.683786592784108471e-01 -3.917423886154915991e-01
-7.868053305180475743e-01 2.232793588820070063e-02 -6.344620630402864059e-02 9.424768946435027051e-01 1.104344652663120652e-01 9.143371158602782156e-01 -8.574653738757080923e-01 5.027131262338226936e-01
9.649612142063126452e-01 -1.438965556055753492e-01 1.087998786219781522e-01 -2.334448009409133551e-01 2.075393459930152673e-02 7.212725452342769739e-01 9.955055836411625947e-01 5.396316137046519579e-01
1.012097598673022958e-01 -1.109341519409778876e-01 4.120775665316256386e-01 8.073484402035353558e-01 -5.606394702707393485e-01 -1.410728486800152393e-01 9.066793005782149972e-01 8.783274498406092867e-01
1.398163765805542358e-01 -6.483632746263630064e-01 -6.676973436075588353e-01 5.197808030457728989e-02 -5.606682483771550096e-01 -8.983158190523770070e-01 9.769632140106527807e-01 6.361218472148435499e-01
-6.098428124220551805e-01 7.706286988556638740e-01 9.903646699267001363e-01 -7.171437263663504869e-01 -3.041186781671891826e-01 5.801039770209954760e-01 5.938356520084382417e-01 2.720405958087943610e-01
-8.101281071706027959e-01 5.498467100523773965e-02 -8.010542879042321651e-01 6.261699599605368149e-01 -2.220362222988714329e-01 -1.979337179046836148e-02 4.218479112755186833e-01 8.899001567937503410e-01
-1.990702540353286309e-01 -3.050144748898095948e-01 -1.863371555935655621e-01 1.829386859478201455e-01 -3.597616925275897160e-01 -2.152343782352612589e-01 -6.415590105589585868e-01 4.425869071045245295e-01
9.846742534341395015e-01 1.226457552813007279e-01 -4.413978393227928620e-01 -4.915774006838184995e-01 3.127363795774276145e-01 6.461559165255459369e-01 9.400634790287210052e-02 4.741392052823274472e-01
3.277953614802873172e-01 -6.008950918567916855e-01 5.635127861366173718e-01 -5.799381052917234047e-01 -2.619623566053774777e-01 6.814210229910235839e-01 -4.985416986709811926e-01 -4.163161148126452993e-01
