-9.961984097865483889e-02 5.469781326516303110e-01 9.354377926022938716e-02 -2.567067519110979301e-01 6.753945662590574717e-01 3.883659951364144547e-01 4.422774411627503621e-01 9.969469669740800288e-01
-6.338870566062446699e-01 8.469882647870274894e-02 8.188078397150408971e-01 -1.280830141059343674e-01 -7.460169775366614076e-01 9.196240686620360538e-01 4.554215617755683621e-01 1.952212366612071648e-01
2.793514311497122815e-01 -3.007216241611008201e-01 6.308822812245176159e-01 -7.521714027078372222e-01 1.100439981528824607e-01 8.340236320299534434e-01 9.541984558454918997e-01 -2.488694819745183029e-01
6.329540568196041495e-01 4.890316428875007837e-02 -3.558447374408095776e-01 -5.052246617816456009e-01 -4.317596482304038030e-01 -8.455046267448618202e-02 2.424927535118450717e-01 -6.578078139246690270e-01
-8.021886593310327829e-01 -9.380131912889666523e-01 7.974635986851683622e-01 7.024870073589546404e-01 7.572398778149138643e-01 3.096858248538660874e-01 4.799402625214823637e-01 2.856512897559710940e-01
-6.711782150051153195e-01 -9.127186081427844933e-01 -5.753299873406383380e-01 9.757563846004060348e-01 -7.154302553028577538e-01 -5.476036399954409273e-01 -5.576939757851249180e-01 -2.449753172411552882e-01
-8.980542214721549676e-01 -2.555648855936443198e-02 9.786308419341072096e-01 4.134440523492941555e-01 3.901894491309523261e-01 -6.718274788559521760e-01 -3.887021911240506888e-02 -5.092385050962433546e-02
8.305996979207614928e-01 4.915953511435229295e-01 -4.965875409571285370e-01 -3.606521017313160105e-01 -6.816106482403663236e-01 9.779583011712071894e-01 -9.229419132116345459e-02 5.562692764955239344e-01
-9.162189010477215234e-01 4.416514660928707592e-01 1.266498324555640487e-01 -5.208510874097693755e-01 -5.433348422880470707e-01 -2.222374808139098157e-01 9.458356568575567724e-01 3.322147021002064271e-01
-9.157093395767217370e-01 -4.072289996176472471e-01 -8.468452384685145606e-01 6.430788316706177454e-01 -7.823574469288523403e-01 -3.594626841975934184e-01 -7.364463873686506457e-01 8.586626515357873579e-01
