5.236232549501651512e-02 -6.864463523657939881e-01 -8.906894828266587183e-01 -4.932939910979974307e-01 9.885239852096465718e-01 8.044994556091777937e-02 -4.995407500970718839e-01 9.541837836318678434e-01
-5.539318181815637843e-01 -9.672911682549907297e-01 7.828151141571777494e-01 9.051182381457945070e-02 5.225287874393869103e-02 8.410619529259610871e-02 8.603618768481091639e-01 -8.837386491885534934e-01
-3.767827599345889844e-01 -4.164768246582926103e-01 9.714804267014869321e-01 5.690539311782250032e-01 -2.191426338632918025e-01 -3.995071122779263462e-01 3.554947637089114210e-01 2.044661382329144850e-01
4.666806383145520876e-01 5.071701986861980593e-01 7.097514644361113678e-01 -2.453027889035230835e-01 -7.494546117198044310e-01 3.742460944976055970e-01 3.393485484186185008e-01 4.131758080396223942e-01
6.790530634341485072e-01 9.978255197681293875e-01 8.790806766338243872e-01 1.681228389064275408e-01 -9.110212541178339674e-01 7.765976417592377334e-01 -6.409782483626340621e-01 4.805066568187210674e-01
7.515633309618454660e-01 1.424247039114401314e-01 8.450122450623749337e-01 8.362346792053192424e-01 8.427158477990708274e-01 -1.249391661570986578e-01 3.457914243715076719e-01 -4.791597542016703404e-01
6.077374585733994472e-01 8.928239161812576707e-01 5.695327309746225364e-01 4.461777483001914124e-01 -8.715021592022342833e-01 -1.688010716944101652e-01 6.883048252229233555e-01 3.525736106873094133e-01
5.814470511044411705e-01 -5.220745057213729279e-01 6.669509807527034262e-01 8.911106225772416067e-01 7.721533343698459007e-01 8.364018563588531130e-01 -7.042048309122308503e-01 3.536572569196552163e-01
-8.315653046568429740e-01 2.280735277203078670e-01 1.935947766872498921e-01 7.199753289365680153e-01 9.044348513943252232e-01 5.531196492677021848e-01 -8.529664424924849886e-01 -2.874102567649956530e-01
-9.547255285332434394e-01 -8.923307021509023773e-01 7.760686168145802810e-01 -1.064257296587161061e-01 3.499499062746003197e-02 1.845840781183649693e-01 2.200625367602666582e-01 -9.715022599459512964e-01
