9.264205207594804481e-01 3.738556137064377172e-01 8.289046883080413153e-01 -1.229615843482254611e-01 -6.166672103057495580e-01 -3.325452961003805274e-01 2.455735480469645182e-01 -7.983015170636393876e-01
-9.841274036492397848e-02 3.934232948463631807e-01 -8.752516086858441735e-01 7.435525412053665129e-01 1.813590041899035832e-01 -7.994732476848067648e-01 9.463821979100273118e-02 1.691372671910462699e-01
6.402008069634972376e-01 -4.071765431480232067e-01 7.155957900606635391e-01 4.356493760527846426e-01 -7.085062713029719461e-01 5.913014146538526639e-01 3.960386817209160526e-02 -5.776727197737290265e-01
3.920165649358757776e-01 1.588030676316320999e-02 2.759578782844092082e-01 -3.734944310770145215e-01 8.435082470216341832e-01 5.391603355747953685e-02 6.051869116624259970e-01 5.500041519417777636e-01
-5.084469541242668811e-01 -3.386590166152010362e-01 -1.655378397435152138e-01 -2.770772294943057990e-01 1.041895388331124384e-01 -1.885695294989775395e-01 9.187272343285806109e-01 4.773737657153533931e-01
-3.916100994524291945e-01 5.082055451453324491e-01 -8.224678122186945828e-01 -4.785949806835101406e-01 -3.837572094224486197e-01 -3.308961286053206940e-01 3.626298276504980045e-01 -9.799601928053396360e-01
7.200200600914794524e-01 -3.369834744099240442e-01 -3.167030459038544521e-02 8.543312725084757364e-01 1.762222802190027693e-02 -4.458559465029947599e-01 2.264351165472981986e-01 -3.827489921960687269e-01
7.386818777107901912e-01 9.267930344977060031e-02 8.074311729372045665e-01 -8.465401629921880389e-01 -9.112631586549946316e-01 6.658302501720303468e-01 6.062695684356218528e-01 -8.582375997166669102e-01
-5.410632172306242271e-01 -6.844621667922223818e-01 -5.849802646130581874e-01 7.673847109141294087e-01 2.566466190747798137e-01 -1.219542430562512436e-01 1.326067975222182671e-01 -4.520381331168004113e-01
8.342248996063290623e-01 -3.107439548966073328e-01 -6.454565780992902457e-01 -4.485839343866329099e-01 5.284252269157654336e-01 1.985636969684028141e-01 -3.630319103215013943e-01 2.271141426306395594e-01
