-1.304658767281912102e-01 4.062335899590350241e-01 -5.736012160611478894e-01 9.051402727930046854e-01 2.460333473352016576e-01 -1.572356921136304209e-01 -1.682179683412821092e-02 -2.274130705485748472e-01
7.978644663487015620e-01 1.846088349919998706e-01 6.468605600055461480e-01 -3.998871628543536616e-01 8.435216169177945922e-01 2.741151633703373669e-01 -5.440007668522706119e-01 -3.172750323495392433e-01
-2.120975906811406464e-01 6.548517540849865259e-01 4.922520142455626413e-01 8.952454249277141951e-01 2.822249379596148966e-01 -2.529049231635065453e-01 2.905298002028358084e-01 4.869055240063866474e-01
-2.814976684129022466e-01 9.505104391658274476e-01 -9.929763996705043283e-01 9.412709468860152029e-01 -9.301885938244105478e-01 5.870832853835730170e-01 4.514286273528580473e-01 4.083291225691416670e-01
-6.202597058495613602e-01 -3.961833693521186195e-01 -3.447481579301112653e-01 2.232775823217405531e-01 2.573321235392949102e-01 8.623551394730466502e-01 4.190155666006660784e-01 -2.817139345526049610e-01
-1.956052748162433463e-01 7.700878633918857297e-01 -6.741544268911798810e-01 1.885866554684900720e-02 4.917929577998707558e-01 9.745335537643526891e-01 2.540915567880130954e-01 -1.921143889275556127e-02
-7.982581817896143850e-01 9.399724006256888753e-01 6.074132778896763618e-01 8.430427751905453793e-01 -9.308832028842506379e-01 8.670971354812930798e-01 -1.330485185683825122e-01 7.698191129257894172e-01
-9.136344064639350115e-01 5.736010378182694325e-01 3.855893259855647237e-01 -3.565137175271486658e-01 -2.685159618340786647e-01 -7.366479710737983133e-01 7.681198150006822711e-01 5.748970715549048816e-01
-9.780257866374368891e-01 2.563362296558813203e-01 -9.653569594046411684e-01 4.996951189467715437e-01 -6.502158397081181374e-01 3.268518827134163640e-01 4.735488361719315531e-01 5.741762916772628067e-01
3.564159439070189173e-01 -5.516186508256810672e-01 9.112965837861672913e-01 -6.899640997560785305e-01 -3.916133440222808737e-01 8.989727981198429863e-01 4.763086025863361161e-01 9.770974953919131512e-01
