-3.629674341591826447e-02 -1.432975387955723878e-01 3.965361094385657648e-01 -7.547436417435757772e-01 -5.571573072566138318e-01 7.538121418325176570e-01 7.101539846035731518e-01 6.443021151787342582e-01
8.181113907236148286e-01 -5.169129326421231241e-01 6.743483493027944142e-01 -7.070511768438756395e-01 7.241833580464298592e-01 4.764130615553949788e-01 3.499852546702899581e-01 5.415487408340333708e-01
2.825461472766652715e-01 2.322800192785523521e-02 -3.498878208495652675e-01 3.106480452064341868e-02 7.417835756925390545e-01 -9.672702988546075797e-01 -2.445721331409937971e-01 -6.333009455429059464e-01
5.873676346674825410e-01 -8.834472255678587072e-01 4.676921208273587816e-01 5.215482258434966933e-01 -1.689783551599681743e-01 2.582855040971465677e-02 -1.240498036956521055e-01 -3.588609281457879607e-01
-2.707080841390567816e-01 -9.391403782213700868e-01 7.567126083319064556e-02 -5.226017874113728645e-01 3.467971957024440499e-02 6.205216150872474579e-01 -3.760884846123746517e-01 -1.350693079223885817e-02
-9.336286149316022076e-01 -8.321218611274801003e-01 3.265547152306527146e-01 4.343434395208345400e-02 4.158300960771670329e-01 9.111039601468831073e-01 -3.169843145645745430e-01 -2.910619403951621997e-01
7.530617339615526262e-01 5.128525444645739562e-01 5.880058760210391533e-01 -9.646771470948747318e-01 -9.641504352301399905e-02 9.401170802911906765e-01 9.654800420059963528e-01 -7.654959350319614497e-01
-5.165541306197924953e-01 8.297656951943421788e-02 -2.429356465904759510e-01 -1.758355129237165748e-01 3.379349005498271108e-01 9.194553621774852470e-01 -8.127040293658558401e-01 -7.225742464186835079e-01
3.785765111035539476e-01 7.268053331891892732e-01 -6.917679481020222454e-01 2.683615283581506361e-01 5.034704378180940854e-01 9.047057168955801032e-01 -2.735165203140077494e-01 2.544941568350500560e-02
-4.482633173349963585e-01 -5.793213920628499380e-01 -2.256625346184915060e-02 -4.123046888952668354e-01 -8.191810663454868191e-03 -1.360936826073921857e-02 -2.150658860283918283e-01 -4.391225009219841269e-01
