-6.758638570751347441e-01 -2.663069230276182697e-01 4.829536983364395297e-01 -5.011154739885881337e-01 -6.893754738559620954e-01 -7.154716817740223167e-01 -9.685786743387423403e-01 3.410270428902828499e-01
6.166643520502463893e-01 7.856928161881748807e-02 7.944739903205968456e-01 -2.387229626041948993e-01 8.685938223170652783e-01 7.426826349004291838e-01 4.624747859008402351e-01 -6.545928919090411302e-01
-9.363035645672637131e-01 -9.203586473569103088e-01 -2.141959129480068835e-01 7.378974914641980298e-01 9.075730137131201580e-01 7.932960949424681107e-01 6.648730726167051408e-02 4.068350710041244156e-01
4.543305885530957156e-02 6.339241284690573242e-01 8.853007646060870872e-01 -1.111025826679821193e-01 5.971163671900521219e-01 -7.785660772863483015e-01 1.252372604105405074e-01 6.747456216679734720e-01
3.549293043790944235e-01 5.703223888539552533e-01 -1.646866037961940421e-01 1.937056144454598616e-01 -9.886554499903608129e-01 -6.541220987358606909e-01 -4.687702772021369313e-01 2.184157751007831383e-01
6.923265621503751355e-01 -4.698686186390326203e-01 2.171365996650371777e-01 4.640762450397184491e-01 -1.334488314174038237e-01 -1.569500837504043123e-01 3.701619218357050656e-01 -1.558014504290634594e-01
-1.375681277759790433e-01 5.663668819659433140e-01 -1.627085326857311554e-01 -3.493726458206403152e-02 -7.790878569156738376e-01 6.095436641335210126e-01 -1.171918636399316149e-02 -5.053160375030631979e-01
-4.200132128787545938e-01 5.366939090861040373e-01 -6.412795778076800790e-01 -8.012214456258637263e-01 2.271009850996794643e-01 4.270812656594944468e-01 -1.109412263769373741e-01 9.586457851699723420e-01
-5.935477469355694424e-01 3.731990051709941358e-01 2.624838337545696287e-01 6.958012977847571889e-01 5.577472500002063072e-01 -8.429857914377578698e-01 -2.595201123004033938e-01 -5.752454494832504039e-02
-8.434153690927481684e-02 -7.869645223690300284e-01 3.749690892247889984e-01 -1.696976832628600551e-01 1.973603968902344352e-01 9.221281012544761957e-01 -8.284523465810880172e-01 -7.131009204201088636e-01
