-9.507057552627093955e-01 -4.131763092836722162e-01 -4.216407352433246825e-01 -6.774620926617607175e-01 2.052711164352680751e-01 7.590919954040871165e-01 -4.125978625418258439e-01 5.300527510400450115e-01
1.658899179207244945e-01 5.519661665883632828e-01 6.414296635878922181e-01 5.361259971682168501e-01 5.731665890237953587e-01 -7.439600451917423030e-01 4.182995372661841849e-01 -5.503302890376449152e-01
-2.054901751897395545e-01 -2.715728300619699720e-01 3.597060620710874623e-01 1.070856131990760574e-02 2.497767925310356851e-01 5.125944747801547408e-01 -9.843787272962138957e-01 -4.774572841378987853e-01
8.474075078264391436e-01 -9.584309449854193641e-01 1.086419096961435127e-01 6.941223429777960696e-01 -3.252819923298362337e-01 3.848245833354286827e-01 9.714619053529327530e-01 4.753588112457673986e-02
-8.867897703547429344e-01 -4.459989485312507718e-01 -9.542700739647753672e-01 9.699655510707567707e-01 9.868467897778869791e-01 -7.910907809681309022e-01 9.746664313229129739e-01 6.303106497965926813e-02
-8.105814080828361856e-01 -9.548415013485298530e-01 -8.835839057790333406e-01 -7.441273809924719984e-01 -3.161746828367257844e-01 -3.299847378428155675e-01 -3.501744017272454546e-01 2.727513273808432892e-01
2.867651309358896228e-01 5.411596517810319806e-01 -5.903796653344104417e-01 -5.269648761518852531e-01 2.982507448612716772e-01 6.505405789507141545e-01 -1.016213609891218894e-01 3.402797132228592147e-01
5.203579534458322442e-01 -3.102467200721510387e-01 4.063297285959681648e-01 2.825742515492968288e-01 -8.155927521670498503e-01 5.649450431484888124e-01 -7.981805782825939222e-01 -7.991568375808728586e-01
7.663193344110037497e-01 -3.325764262804182803e-01 -6.955642976671030375e-01 3.679171006630519436e-01 7.472524015140575848e-01 -5.411389292154273889e-01 1.470523813149227088e-02 -2.465916331714437248e-01
9.961853338584127915e-01 5.576327028614422865e-01 7.793802580189534979e-01 8.179213075134461608e-01 5.694126294245100972e-01 -6.605267914973984578e-01 -3.292135019331270396e-01 -2.161774929577677806e-01
