7.106931260507367565e-01 -7.215495019708555446e-01 -7.007529447153646451e-01 -9.795704734453716256e-01 6.750944632968292058e-01 -9.464517850984641711e-01 -2.264350763387219523e-01 2.122157515938156713e-01
-9.677007388444314184e-01 9.294504448143325881e-01 6.346294878377283233e-01 8.184172590474740883e-01 7.924059909332892282e-02 1.608244113584427204e-01 -6.131397069668413913e-01 -2.672999024892734887e-01
-4.987911551118320297e-01 -2.775059880392176659e-01 6.722917244517989666e-02 2.755183060354702285e-01 -7.960382879769858366e-01 -6.320811015652512133e-01 3.768388982834536272e-01 1.100865571764475526e-02
2.083062508070563368e-01 -6.681859194889008258e-01 3.092619098533726518e-01 6.219395880852918168e-02 -2.309680053683427214e-01 8.129345755755599257e-01 6.917205904985277432e-01 -2.219105136983554605e-01
-8.377548014122859765e-01 -1.061843816783698546e-01 4.727463820003769968e-01 -6.796759575183923818e-01 -7.083365281226536858e-01 -1.858597238417700748e-01 -5.721919890484248317e-01 1.919151139409565054e-01
-4.096952231276906886e-02 3.623883511179781802e-01 1.389427581852260563e-01 -5.287093797643263038e-01 4.212362154105520062e-01 3.014140680185100063e-01 3.087941797022653034e-02 4.463408429952038237e-01
7.505101001211660350e-01 3.369790789429472078e-02 -1.894288972508628710e-02 -4.722565839489056838e-01 3.125849377445093502e-01 -8.203666632617172549e-01 6.549613960995492867e-01 1.116993973942181917e-01
-4.345596953949055763e-01 8.725631915131344396e-01 7.868583490252409884e-01 1.997164435490907941e-01 -6.712839088599429349e-01 -2.049128533076514103e-01 -9.551784499272713003e-01 6.094012324272202186e-02
9.714278431718714746e-01 -5.553602667607810961e-01 -8.412918153910358132e-01 -5.897635431428529529e-01 8.101261853501782184e-01 2.498518278905661472e-01 -7.009010155123314156e-01 -4.751152702962511132e-01
-3.044001209675371022e-01 -6.634422594706368415e-03 8.879934005406160402e-01 1.166379033317022085e-02 -9.517834272678351581e-01 1.211014196520114883e-01 -1.890433785286009805e-01 -1.065981290121502667e-01
