-6.789716361515318876e-01 -8.290437225158115986e-01 -2.070960500297274187e-01 7.811863672737631159e-01 -9.232929159464275948e-02 -3.232576700758853505e-01 7.483555337769161042e-01 -6.894965683730058803e-01
8.816309456315718496e-01 -3.450104881022071357e-01 8.613681970947562050e-02 -7.168818953789604098e-01 3.561317233878515953e-01 5.039130920815513281e-01 -2.644159072823408785e-01 1.008811478856814770e-01
-1.015684947702129026e-01 7.300197213170569466e-01 -1.714328553721575776e-01 8.427752954257685669e-01 -8.671987582965419161e-01 4.806354439969140468e-01 7.228448439666532721e-01 -7.499711393583252672e-02
6.116247268791490388e-01 -6.359485568097373864e-01 -2.514389215225698582e-01 7.455795073865540967e-01 2.031677867482675204e-01 -4.320594070085226335e-02 -6.504126404321091126e-01 -5.948071152822225205e-01
4.478085270706788634e-01 6.374266754492250442e-01 9.299624401471573432e-01 4.046102962057551711e-01 -9.016897276925359694e-01 -7.629710376587917064e-01 -2.002621757963651827e-01 -9.326279889648900756e-01
9.758803268784665974e-02 3.267456183963477478e-01 1.792747937036460737e-01 -8.336322686540342808e-01 -1.561385415094163065e-02 7.927182337036065007e-01 -4.910067451480686351e-01 5.153271186654124758e-01
8.716510277764697445e-01 5.142601030638582760e-01 3.581316706565722541e-01 4.751340986642724751e-01 4.470934992892199311e-01 -8.796827391953994102e-01 3.711898153821924229e-01 -1.668899871091578113e-02
3.939935562302003813e-01 6.434640681845695820e-01 2.717336805554502188e-01 -3.971637439275319537e-01 7.490053789657766803e-01 -6.327971560131526729e-01 -3.652834249899579167e-01 -5.027548058664765840e-02
-9.711980369823751680e-01 6.866419276434749808e-01 5.285819335355117499e-01 -1.193339449595300916e-01 9.946943440319677698e-01 -7.529093438704048680e-02 -2.889683179972648563e-01 3.591701716771291686e-01
-2.928221119280915996e-01 -4.423191523289429217e-01 -9.553913735118284567e-01 9.840809793303408881e-01 -5.118745077077704320e-01 8.919180759447800089e-01 5.485407569230480451e-01 5.472507855274073574e-01
