-5.465622264030827182e-01 -7.132539496934924284e-01 -9.092576733639545772e-01 2.449520464287404664e-01 7.860396549204673455e-01 9.063539475181634497e-01 -9.587533583700702522e-01 -9.740242656143038857e-02
-8.403785196308080074e-01 -6.501635802642067308e-01 -3.485740020324663568e-01 -1.101380783816927611e-01 1.908237841901925247e-01 5.512398855855571433e-01 2.852221644333718942e-02 -2.640926556502176670e-01
7.362679820968123234e-01 7.763291050104126345e-01 7.632059141811180503e-01 9.672957304692753056e-01 -4.684687421358044723e-01 -5.007977451468288432e-01 5.632228836463657462e-01 -7.376398385140805480e-01
8.913636264989319713e-01 -9.822649620117325231e-01 6.362081530135665908e-01 -3.363015917493477058e-01 1.321532180127418243e-01 8.656946358417667575e-01 -2.378196618453438660e-01 -2.870556847273963985e-01
-6.800773356726808050e-01 -6.064689162660186206e-01 -9.113007630129885683e-01 5.512867371215550705e-01 -5.407712173680239154e-01 9.335363400672449519e-01 6.243852226939612393e-01 3.934949559652600737e-01
8.715209426677086313e-01 2.040271693907291795e-01 -2.209362359126076925e-02 -3.880379061558636433e-01 -5.231788177790002159e-01 4.464344013769430131e-01 3.764200216240882746e-01 7.818071337953453881e-01
-3.775070529071777869e-03 2.170923014226340264e-01 2.321968237899940668e-02 8.240423784424102394e-01 -9.476202261453701148e-01 5.121749776081423455e-01 3.340032857296793001e-01 5.459642180075143791e-01
-8.568540989976631828e-01 -3.094258794834712223e-01 -6.110085794429918060e-01 -2.315584972163433619e-01 9.174746127122903605e-01 -5.591907409312666388e-01 -7.917340534183725520e-01 4.596257072442881952e-01
-8.452932488078479523e-01 5.262999625715059082e-02 -6.268943880574242566e-01 -8.608842933308884504e-01 -1.011550269516159339e-02 -1.042007350633666896e-02 8.802372705395185015e-01 -3.150078601269290512e-01
5.423794054194086556e-01 -2.626870773149700966e-01 9.301644011449603511e-01 -7.642568313325470708e-01 -9.397004124995347318e-01 -2.326380461653472231e-01 -7.540008495880101691e-03 5.759205539632585857e-01
