-4.776266964515873958e-01 -9.782455803577905229e-02 -6.596643955007692739e-01 -4.805764438196342692e-01 5.554787085112891099e-01 -6.882428213005087336e-02 -6.952191567153824803e-01 3.451530440144434664e-02
-3.153958233000531131e-01 -1.501758157692671958e-01 -4.110249956487526113e-01 -4.488533127988074689e-01 8.006647559158355243e-01 -2.869669514997224002e-01 -7.496960131023975293e-01 2.424265806580152560e-01
-1.103512879160670757e-01 -7.166958906091291936e-01 5.175533407545220843e-01 4.004034486195640063e-02 -7.669536687488680560e-01 -5.078771848338472505e-01 3.763547436327585594e-02 8.440855099548461027e-02
-7.008786394855037738e-01 9.749700156873055690e-01 9.215884733167152287e-01 4.271282510610243666e-01 -9.770616017247184537e-01 -2.116181553199074639e-01 -8.671809330263986482e-01 -4.770650915822765015e-01
-6.486411077307054907e-01 4.879824637842422597e-02 5.382010038044275912e-01 -2.100644027122287039e-01 7.458068959019137356e-01 5.023114645871207262e-01 -7.245213777148165057e-01 -2.947820556187263907e-01
-4.180433221365384977e-01 -3.123222851442506443e-01 7.089999315562975912e-01 2.823258480813952698e-01 1.658577779755405768e-01 6.792528542978313322e-01 5.312596766880282040e-01 -8.757832665219933421e-01
-8.640145122807831868e-01 5.415634143942413825e-01 -8.885705818855289539e-01 -1.322200057552602726e-01 1.250007915506234912e-01 -3.630727117629295453e-01 -1.787017638989238932e-01 -6.608418043463690772e-01
-6.117050650622468666e-02 -8.698525619326789027e-01 2.785699737263291897e-01 2.012157279624515738e-02 2.616477332698654568e-01 1.891126239836711243e-01 -2.506565466629113725e-01 -5.815041376770724302e-01
-1.839352948333803361e-01 3.860370805896784496e-02 -2.424928984938050647e-01 -7.989411682858620356e-01 9.796870325174589222e-01 5.221002474439928598e-02 -8.532190726776927026e-01 4.620963607987955690e-01
-9.975218962853265037e-01 8.439934523848875436e-01 5.359324044864999248e-01 9.542508279196408871e-01 2.988474233656686074e-01 6.152908833517101161e-01 2.643105929628952744e-02 6.472085109869245567e-01
