-9.325954992530574028e-01 4.480675000687399656e-01 -4.675495795585975500e-01 7.815988744828095136e-02 9.054703512358337480e-01 -4.478112133586058530e-01 -8.921592127684507822e-01 -3.990519815194930597e-01
2.909969992196088651e-01 3.712570022380954349e-01 -5.982869642046462211e-02 -3.368663265307556554e-01 -1.590861775277292445e-01 5.749111641896686997e-02 9.718876083407426147e-01 7.549756942401664173e-01
3.385765437034518044e-01 -8.738235265859195522e-01 4.721781533926134866e-01 -6.354075763102904340e-01 -9.997033982686904796e-01 4.839010022304603975e-01 -8.244256478621800888e-01 -2.897571112842367569e-01
-2.496708946799932605e-01 7.251347613082943511e-01 -6.977709677717280901e-01 8.969389253288027053e-01 8.276140756456529246e-02 9.175341134002641397e-01 1.568241736205777670e-01 4.668893712797408391e-01
5.086472723646229266e-01 -5.703746145262944545e-01 -3.267742347407660564e-01 5.899075965567768254e-01 -4.793017306827174195e-01 -2.177136935884549374e-02 3.318198300142078949e-01 8.073453705302515715e-01
-8.726622922765145951e-01 6.540061078401748773e-02 -5.815261214019096236e-02 -5.919710925188017558e-01 4.840089977647943353e-01 9.419296711698084135e-01 6.746325289486334587e-01 3.199461387813871127e-01
-5.605355808014114150e-01 8.321736949056470767e-01 -3.405434882034032995e-01 -1.726792715624299035e-01 -8.619879132490222418e-01 -3.560791441132715729e-01 -8.034373984560909676e-01 1.514867954845635634e-01
-6.185075212265345179e-02 -6.842017496502852403e-01 6.395293401565482760e-02 -2.562561590553416035e-01 8.069890429881279026e-01 1.001030340410447028e-01 3.001697148859927555e-01 9.831704816393991297e-01
-9.967538792976555762e-01 3.135547429794753871e-01 5.003048831710821265e-01 -5.483685877835271505e-01 -3.809546120658529045e-01 -4.274674932965598639e-01 9.395713827968366072e-01 -7.543264784776415599e-01
6.204353539589744226e-01 8.970016136648757410e-01 1.406352966462482978e-01 9.333909772969706253e-02 -3.140017530841259230e-01 -9.684387092650394990e-01 -6.481021226893490805e-02 -3.565003470645871086e-01
