4.536494933545238695e-01 4.719398450374190368e-01 6.343736220418054739e-01 -4.264899601083120828e-01 3.883842907372476727e-01 -9.403279637670760582e-01 -7.760225613314819526e-02 3.308118969663509379e-01
7.136617137648526565e-02 5.354891269050356950e-01 5.959718933934818885e-01 9.689615009322904982e-02 -9.880215033741495123e-01 -3.019749734035586108e-01 -5.028338046115172766e-01 5.152973470245665322e-01
2.117792089939189992e-01 7.854614130834836061e-02 -5.912802771891825238e-01 4.625492820037522268e-01 -9.565078942854456923e-01 8.145575893349754626e-01 1.658797370159850182e-01 -3.007806445752945201e-01
-7.550562428566205408e-01 9.475432042408276079e-01 -9.598952759467926921e-01 -2.294811544905139833e-02 5.557222516404598522e-01 8.961533204314895418e-01 -4.343100252143028417e-01 3.754301144295801862e-01
5.104321875700852384e-01 -6.274386815575541121e-01 -6.067002990093988135e-01 1.268332944389540806e-01 8.715184151068076090e-01 5.379363048263665625e-01 1.280035838982813701e-01 5.214028483809263204e-01
4.873220151466355343e-01 -9.414990350562479904e-01 6.138996627443829013e-01 9.134031505468021006e-01 6.293450051678735058e-01 5.187903357136300908e-01 7.422851275162851703e-01 -2.270136415118439999e-01
1.244257367785071011e-01 7.420728393208571028e-01 8.738701272649151974e-02 8.046223035644943788e-01 3.258725851647414906e-02 2.692574969184733380e-01 -9.911814806274918954e-01 -7.033088042562190001e-01
-2.595488648370003482e-02 -9.833201500049337795e-01 -4.174972575285749166e-01 -3.411331579208369824e-01 8.355734628119102503e-01 -9.283796238954820090e-01 4.571176864508319504e-02 1.009352166149675156e-01
-9.869795089643444985e-01 -1.481871006017894121e-01 -6.691069141945091836e-01 6.176604351753021138e-01 2.103733447447453386e-02 5.811930214367899694e-01 5.266578833650708003e-01 5.983148855924889098e-01
-8.123857402324898835e-01 -6.018110301104753201e-01 -6.080543081838394315e-01 4.450779396341322247e-01 4.887724884222068855e-01 6.164620161200968784e-01 7.500218420841879841e-01 6.612044269399866003e-01
