4.820507027672118472e-01 2.848036555891244603e-01 -4.512111074186631043e-01 9.944246872014483873e-01 4.107331663540798594e-01 6.037990754416233674e-01 -9.471528464986134210e-01 -2.532846203855843026e-01
-8.832732660487128129e-01 -9.649792182144709685e-01 4.334420224054464921e-01 -3.537497929166835142e-01 -3.862198434667132307e-01 1.136454946106235653e-02 -2.284299684240151951e-01 5.954092264116819244e-01
-8.313322923750328108e-01 3.426503618930174522e-01 -5.370852412360902495e-01 -3.815524941606267539e-01 -8.249634159106253861e-01 -7.933555138271388696e-01 8.822840762503529888e-01 5.006258482994347947e-01
-4.994331419800477345e-01 -7.278138218966263562e-01 -6.600130332368192576e-01 7.409061528993150514e-01 -4.317513971854547439e-01 7.325367810718981243e-01 -1.100511237449286472e-01 -9.794677638064923642e-01
-4.639179088263811757e-01 -2.055961478082186655e-01 -7.637677618230864773e-01 8.005695055623638368e-01 -8.599672778576388232e-01 -7.647143173612480638e-04 4.760920064576832367e-01 -8.745353304128780092e-01
4.673831702298059110e-01 -6.971419019413516160e-01 -2.150265150355197274e-01 7.476467696669675256e-01 -7.943840144720093477e-01 8.347983354274806089e-01 -1.520568639924584353e-01 -4.928836236227627232e-01
-9.900438449959485521e-01 4.511205220452025877e-01 1.467027088274994728e-01 -3.488060165260375989e-01 -2.703276122083322353e-01 -2.199525819369849700e-01 2.203084210612982208e-01 5.843899679280826209e-01
4.561312308991183340e-01 -9.162742519585733714e-01 5.644564104171878594e-01 -2.688817774636285129e-01 -6.762554602208581400e-02 -6.150162537516608019e-01 7.492033309582437628e-01 -7.262845075219941382e-01
-2.703516876074716357e-01 -1.155179959126115818e-01 -1.342670550557989451e-02 6.080438609860099319e-01 2.574576886066974879e-01 9.789867161741914181e-01 2.308798216028429273e-02 9.333703420359842351e-01
5.641480873633675230e-01 -7.301708531891692999e-01 8.184158586322127782e-01 -2.978577201152152742e-01 1.935859034563633951e-01 1.526166743845842610e-01 8.585184269636536580e-01 -4.693719014530737255e-01
