8.996235161152432713e-01 -3.605179476257083238e-01 9.341208894970181031e-01 8.132392257894576204e-01 -3.969190215757500972e-02 7.590433895267265640e-01 8.999905422112961517e-01 -2.608155119098869434e-01
-7.518061036529353203e-01 2.497760126657577739e-01 -5.556968262102790490e-01 5.357474720277781710e-01 -2.442365409368900675e-01 7.902768600311247393e-01 -4.499668064843311832e-01 4.905279268144004945e-01
-9.978866482142947358e-01 -3.338525498858047058e-01 -8.255541337425535975e-01 -4.078320986619510258e-02 -3.068518587164281719e-02 9.454705141018806547e-01 7.231400708202615490e-01 -6.867458618001596182e-01
-9.209040602791243035e-01 9.701739967122118280e-01 -6.382379311433195035e-01 7.531316123649183236e-01 3.263456722876223459e-01 -6.142081850003395793e-01 3.149900757645041072e-01 -8.240416084948674058e-01
-1.012495071664334390e-01 8.613737581424600886e-01 -8.604332924023783136e-02 -8.458687447597137421e-01 8.820857238040735737e-01 5.890367919028256516e-01 1.960689499287695536e-01 9.963422404829234136e-01
-5.660706632621910206e-01 6.238494165597741059e-01 4.744462728334353230e-02 -7.783085957140221112e-01 3.050129064140771895e-01 -6.855514823884549802e-01 2.659710683502862771e-01 6.144419156898996981e-01
5.817486881477373917e-01 -3.070674082069424493e-01 -6.451318899604066015e-01 -6.639058429357829194e-01 -8.248830604413104339e-01 -1.991968000373181003e-01 -1.017740469921872837e-01 -6.766570758024104126e-01
-7.333114173618731080e-01 -6.728282037874400157e-01 -8.231994281978192163e-01 3.651361307412621660e-01 8.790664226723059471e-01 -2.621004320471216342e-01 -1.094187915982447468e-01 8.339634352385545402e-01
3.589155065116258481e-01 -5.604974487091365365e-01 5.560501904137251650e-01 -2.564015528860286164e-01 -6.626178504370336952e-01 -5.125776634533398823e-01 2.491466382123432854e-01 -8.191367011509140816e-01
2.008175841940036399e-01 1.620736438840084670e-01 9.035535070876210550e-01 -3.987991073323677860e-01 -3.510916281103979575e-01 -2.645740507214804360e-01 -8.393917075185108878e-01 4.515468856365001393e-01
