-1.508390225789195682e-01 6.365497992395341420e-01 -7.506248924195433325e-01 -9.929716493926528109e-01 1.993790730467999150e-01 5.145738196387041885e-01 -4.104493882584314690e-02 -6.033850592300944449e-01
9.923657814242330399e-01 -3.998527996641363380e-01 9.995604972651914721e-01 1.213316596344509168e-01 -8.058272584998331656e-01 1.968654235081499504e-01 -3.372735543144833592e-02 -2.630716181544703325e-01
-1.771192120548308324e-01 -3.358994790591967039e-01 6.702896452795747972e-01 -9.680232491056133259e-01 3.723028320249006651e-01 -7.071374527881522098e-01 3.194322401206726170e-01 -7.831477241496254127e-01
8.587550838082607108e-01 7.167991432438092225e-02 -8.134573822631359086e-01 5.549689204206251780e-01 -5.266853836088982721e-01 1.576641177065192245e-01 -6.803744029606195731e-02 -5.663974371862905421e-01
-1.110898818830081680e-01 -6.984845430725821203e-01 -1.661736994324254368e-01 -7.165962137243264696e-01 -8.522035526173810105e-01 -9.254549657055264333e-01 8.800837204325384633e-02 -9.470710412164093928e-01
-9.961556094675334538e-01 6.424547080873670435e-01 -1.829047437017767841e-01 7.585395603408264797e-01 6.367283061209061401e-01 -2.632197267145679476e-01 5.208415098396959042e-01 -5.294985008354395895e-01
-4.275688285499823493e-01 8.860186365557960464e-01 -8.205066957567217489e-01 -1.162182829369642345e-01 3.516026413442576715e-01 4.322448884535126101e-01 -4.124168935953507198e-01 -9.142058064528857386e-01
-9.884379104666158877e-01 -6.593978670669042863e-01 -7.101113147590369934e-01 -6.629555278087198023e-01 9.116909104167991718e-01 -2.266184595093201359e-02 -2.584509343676932858e-02 4.586716019322671922e-01
9.201983574240875097e-01 6.066376010675960107e-01 -2.632018068759884866e-01 -1.232229620813263260e-02 2.868909287840075706e-01 -8.274506973686861500e-01 2.067984096224388946e-01 6.250973203397325317e-01
5.887083097661078845e-01 -5.894734438405833110e-01 -5.115405227889289197e-01 9.421036455981002256e-02 -1.112471598927156080e-01 1.431576573154114129e-01 5.503528030928406256e-01 -7.595318496084095816e-01
