-3.587905732761824673e-01 1.444049298046350405e-01 9.151496276272463870e-01 -2.281324128485411329e-01 -8.087598072613113587e-01 8.888905463771479276e-01 4.796593964366877572e-01 1.620709627744520986e-03
-6.466262409927832078e-01 8.135172419309726344e-01 -6.648090604596048614e-01 9.021426953937130566e-01 -2.338135657682420820e-01 1.879869865245971106e-01 -6.353685190973181740e-01 -7.690805750500380178e-01
-8.264641351336623476e-01 -9.248334561711779589e-01 1.195441638441205878e-01 7.642044568110739622e-01 1.084870678378531128e-01 -9.034184558242064345e-01 -3.209630054253258535e-01 2.941469070960778254e-01
-2.755145612288933954e-01 -4.778234752925150097e-01 4.528891289349492588e-01 4.008766110954735673e-01 5.668117251951441116e-01 -8.339061826806248856e-01 3.301640717441987061e-01 -2.388199370098995633e-01
-8.275789598341307673e-01 2.698929059004417930e-01 3.867465398538054711e-01 7.507481421994777193e-02 -5.797029974065572855e-01 5.629427220169846979e-01 3.908022560466670736e-01 -1.697187681362708478e-01
6.202472166998964642e-01 6.792586903483506244e-01 -3.132057158072905079e-01 -8.662367660100505073e-01 -2.990668674758028001e-01 -7.059235405749133552e-01 -2.022767785904728832e-01 7.280839779528605060e-01
1.843923291519393715e-01 8.090276654390282651e-02 -6.759748880931115700e-02 8.076911177852275081e-02 -9.287941931209922064e-01 -8.445889067012157803e-02 8.174176830819397388e-01 -8.186956569520129623e-01
-2.647728116896210793e-01 4.833492641279175661e-01 -6.599419025480013357e-01 -8.290628711496306202e-01 -4.850345227426904327e-01 3.623118186837215315e-01 8.846340045911367245e-01 6.225589692046695767e-02
-5.615095807454859589e-01 6.045998230777021032e-01 -2.409870873124768664e-01 3.813933558323385764e-01 5.091532910679186230e-01 1.294761904968133592e-01 -6.986249872080434464e-01 -4.616989270495195363e-01
-4.065345144849432657e-01 -4.330827437930941937e-01 -9.320990935465638394e-01 -1.257138855623434193e-01 9.628035782890465022e-01 8.039524432207723059e-01 -6.355948125228725321e-01 -5.616956727038762143e-01
