-2.531677916228345371e-01 -8.107780180876760223e-01 -6.658340326878620097e-01 9.632560766597086932e-01 2.620866279913156571e-01 9.593684791585754823e-01 -9.749302560513510851e-01 9.789555164267345067e-01
-7.562809449173890641e-02 5.139928237450139825e-01 4.198108422570030474e-01 -7.622528491086242308e-01 1.871368429330069194e-01 -1.861236268471746502e-01 -9.641105147871689152e-01 -1.524322467346814758e-01
-1.793398159163102079e-01 -1.419626332538632685e-01 -1.772524765369549726e-01 -8.795386028480542961e-01 3.477610477424539770e-01 -2.884401911243772432e-02 -4.519353696583945368e-01 9.130616005143807890e-01
6.806691315883450777e-02 -4.610199956044001013e-01 -3.457719134202608124e-02 -4.077020197351577391e-01 9.416662841441409970e-01 -2.967004991609119013e-01 2.957227096198489225e-01 3.919163405828514080e-01
-1.856388345676496243e-01 9.136788816184997497e-01 -9.704678113297819930e-01 1.936946591434689502e-01 2.403190886978530116e-01 9.489275701624868553e-01 -8.470975844376860131e-01 3.487194156744011231e-02
2.822666659276544809e-01 -3.808038936196913582e-01 -1.973905955649861710e-01 -4.836959594595608980e-01 6.206858153738579187e-01 -8.465240372789022416e-01 -3.231141945462538967e-01 -9.839212379332444858e-01
2.044329226587953130e-01 -2.700440507878971719e-01 4.991712968800312566e-01 9.740689712325276695e-01 -7.396198828294888727e-01 -8.527714865983206938e-01 -1.816432578770799111e-02 7.628339237816526008e-01
1.531598938597444892e-02 -1.469495835139598139e-01 -8.122657100021861698e-01 -8.799554004808785024e-01 7.291820361687957330e-01 -5.226935649448161136e-02 -2.198008743090016370e-01 -6.092244856401369812e-01
-9.051772021256816458e-01 -2.657855778202433683e-03 8.091342331373638785e-01 -9.453911475403304898e-01 7.450456957545337211e-01 4.560761271089346369e-01 1.524767071928816442e-01 4.461675460289309392e-01
9.679284945302426557e-01 2.679881616354995444e-01 -8.801972774926816179e-01 2.977701742960880971e-01 7.151325941850110723e-01 -3.429553014729365135e-01 4.819252834807414843e-01 -5.522721900172844478e-02
