6.185544880203754925e-01 -7.808100204038002090e-01 -3.795737630739046686e-01 -4.323111021893553119e-01 8.274219606121941961e-01 7.713540698797958228e-01 1.370500615032137492e-01 -9.470639952930581806e-01
-6.268505034586995261e-01 -6.063773550386140077e-01 1.368609387715318260e-01 -9.452910442995219320e-01 2.787358487122220119e-01 -7.584650591168529132e-02 -9.585457338277840744e-01 -6.914178344187034142e-01
-8.865364672414957070e-01 9.180801707908012865e-01 6.735282600879970438e-01 5.625933197879866565e-01 -2.345133886558834480e-01 -8.954134893560072861e-02 -2.239242018093805520e-01 -8.149178673453103539e-01
-7.592278243900536516e-01 -8.105060134860437859e-01 5.070424970412688026e-01 9.199058559244293054e-01 -9.308375554647361216e-01 -5.545502134447652942e-01 -4.973860959724669684e-01 -2.866984645691876832e-01
-8.374758155543506888e-01 4.021425201333064248e-01 1.903167158501997136e-01 -4.836666434971004236e-01 8.504876714246156766e-01 7.698818645108205239e-01 -5.306641973846002447e-01 -7.833657759366277062e-01
2.546640030946170086e-01 -5.474684834682586043e-01 1.734712272173795089e-01 -6.720017560965381165e-01 1.254991916419165854e-01 -5.006650690873151177e-01 4.028985536899787334e-01 4.406013156523149732e-01
6.895632846950157102e-01 9.904142844798611289e-01 5.294803767175544351e-01 8.529354540152809250e-01 5.862084582987971970e-01 3.667073574801655855e-01 5.968300189676123413e-01 -3.368003644975419153e-01
1.083486992005340266e-01 5.257824532240995552e-01 -9.892162594234310546e-03 4.334232268415316724e-01 -6.839991990523046628e-01 -3.251419825031247601e-01 9.358158993131133752e-01 -7.168898690184355438e-01
2.368161076257320197e-01 5.752982959869901158e-01 -3.084217827610791218e-02 -6.107677696032980386e-01 -1.627479975558736580e-01 -1.872608871610341730e-01 6.693215233903850869e-01 6.488379076175141424e-01
-7.286343412782803064e-01 -8.042734584462938319e-01 -4.052865791593767142e-01 5.461021376572163799e-01 -8.471107863908180491e-01 -3.696002803978484241e-01 7.942282186693550017e-01 9.096749480118262454e-01
