1.571378750996010876e-01 -3.307463958935348280e-01 1.254218227316905576e-02 7.879537830728988723e-01 5.724509495752043708e-01 -2.848674935840631584e-01 -8.403590497954485095e-01 -3.101550189813049307e-01
-1.552352094525517590e-01 -7.597341243605406635e-01 8.418448364308006582e-02 2.378592698075130407e-01 7.800045593481814699e-01 3.232410808961576620e-01 6.330434826911450763e-01 -2.157753810623066482e-01
2.354948677072632446e-01 -4.404748930012636343e-02 8.344324863567025297e-01 5.531013136003763986e-01 1.321365682597461788e-01 -3.267013595243228874e-01 8.332551647396382322e-01 2.165140206956748248e-01
2.657409742871630343e-02 7.082991145703156910e-01 5.507347768332560012e-01 2.490864801327021816e-01 -2.977652615620520749e-01 1.802035199375717767e-03 5.162870045901917226e-01 3.059622139308550981e-01
-3.413487296433674878e-01 3.914625821576032116e-01 -5.318316319445621776e-01 7.737121954154160264e-01 -8.603149595720498422e-01 1.079864796629015355e-01 -6.973179338497956792e-01 6.792101981337350658e-01
7.552259664254024063e-01 1.321893731175114439e-01 -3.458068793143944664e-01 6.070253887701100304e-01 -4.660442310191401649e-01 -7.085741698666734312e-01 -3.392129261950800334e-01 8.460109759462444146e-01
2.165531962619251516e-01 3.309337456467511540e-01 -7.021979395073834063e-01 -4.383012086479003422e-01 2.387972841668879465e-01 2.035941008449286826e-01 -5.911102585659813169e-01 -5.666867451807191536e-01
-8.061147366687662075e-01 9.602533238974828578e-01 -4.245329782324931411e-01 5.925348773637657551e-01 -7.882179358814913606e-01 -2.397186910438886542e-03 -1.309778375971641928e-01 6.522562979016159890e-01
6.330094718489214234e-01 -4.429966213332114933e-02 -1.970884837097965914e-01 7.437154648104498111e-01 -1.862723894291478111e-01 3.962287284389693909e-01 6.364643298403065419e-01 -9.047072884248952285e-02
6.814833447095807184e-01 6.227754466630213148e-01 4.885491932651651048e-01 -4.971007243057437019e-01 -9.064168176531062215e-01 -5.351769272588542403e-01 -1.730827964040053679e-01 1.071959962542761158e-01
