5.803347257268867132e-01 8.680898594759194342e-01 1.833229762720121059e-01 6.362976163159217435e-01 -1.562315707988664037e-01 3.058710905431900606e-01 -8.768903170930364421e-01 1.983356480381679443e-01
7.533141906563309842e-01 4.134288621565505029e-01 -3.723806832498022246e-01 -1.059262241964924467e-01 8.500270431311507391e-01 2.148912803815710149e-01 -6.328844454663038466e-01 -7.380243691821777308e-01
-8.863035417125781912e-01 -6.790158575879048364e-01 -9.864821623950832397e-01 5.741158500365424189e-01 1.120867995850685084e-01 1.319436657379731148e-01 -2.502058084391760584e-01 5.798560276234494548e-01
-7.629955415282185793e-01 -8.066938563076779811e-01 9.237858164434855635e-01 -5.865744845471976276e-02 -5.984964870236570977e-01 -4.142249681229017710e-01 -3.693910687442003571e-01 9.337278372525401604e-01
-7.810462249447411853e-01 1.025009576394229072e-01 -1.146245078853933563e-01 9.196399854517420813e-01 -6.420461646432145120e-01 5.914406494666428760e-01 -9.950869714980978831e-01 4.619405659284385735e-01
-2.574818396692108990e-01 -6.024789229480236319e-01 9.308420351903134993e-02 -6.574342516775357748e-01 2.051072373428650675e-01 -4.894965937303432657e-01 3.958144594054096022e-01 7.995968347202810911e-01
-7.612781522152796132e-01 -8.805767342650083762e-02 4.039922164557121498e-01 -7.911846886674598345e-01 -7.667419107119566313e-02 8.425811514690657589e-01 7.236602187019780530e-02 1.298298982722259076e-01
-5.359915411211082503e-01 7.661584415016411409e-01 6.577368440992976684e-01 7.359833605194743278e-02 -8.399919234845216742e-01 -3.920392695529553162e-01 -2.959739070611384637e-01 -4.444960753722726476e-01
-9.842639182870160930e-02 -8.199262116790759780e-01 1.524222076956278649e-01 -2.064837339429839158e-01 2.305976719367441863e-01 9.688696540364287735e-01 -1.435618490597216912e-01 -3.995187382177465274e-01
1.529177601006590503e-01 -4.458992246600317344e-01 9.790103409678654334e-01 -4.539583306533925278e-01 4.881900639806973086e-01 -3.021067562672872242e-01 9.957931133937605317e-01 8.972150591242933348e-01
