-3.134484625543143554e-01 6.111698830020284579e-01 -2.910620716111909090e-01 -5.726337602111255531e-01 9.953163851170689913e-01 -8.404816085877817589e-01 -2.288238139616107780e-01 3.371651000368063311e-01
3.102121414753147288e-01 -7.492128508286222122e-02 -8.025445460286277921e-01 -9.218361133804429119e-01 2.255740216677124543e-01 1.963610432085873825e-01 1.659104333190675185e-01 5.908967758141743243e-01
-4.158389429473785537e-01 8.040421450645238721e-01 4.819136582728491547e-01 2.989957232112865348e-01 1.819316028825788134e-01 8.002582774344026983e-01 -3.676637140045979635e-01 -7.738920641502771147e-01
8.832832548270335149e-01 -6.516203010458121447e-02 -3.792338518473785669e-01 6.830739474182769833e-01 -4.755811441565471753e-02 -1.649434543973460343e-02 3.135681572590574007e-01 -9.754509936368673806e-01
7.486535934091120836e-02 8.819241610330281755e-01 -1.660474483651941391e-01 2.055285618411597515e-01 2.821348705635167153e-01 -7.769852510397570189e-01 8.773083631889431189e-01 -7.201401029069225412e-01
-2.576012692154736605e-01 -4.456256905474547114e-01 -3.334083359855934958e-01 -6.488394717610508344e-01 8.922273786667425099e-01 4.803135079250784312e-01 9.272943205237549336e-02 6.770337020934349415e-01
-4.297987325634207156e-01 -6.021123570140880510e-01 1.522409301317386721e-01 6.832337927744875916e-01 6.980277744742651169e-01 -5.258032598381447986e-01 -8.923285544522308044e-01 3.928738324636182888e-02
-6.421828276985404038e-01 7.112817900707664176e-01 2.911739388037102305e-01 1.113687263049880638e-01 -9.579367762820441001e-01 3.750440887090933373e-01 -3.662973989205231540e-01 -8.157668784539162665e-01
-1.484449143865251841e-01 -9.721991484784706650e-01 6.030458969379333123e-01 4.707525586153356034e-01 -3.156736741171326521e-01 1.573191838904646200e-01 8.258053052953848727e-01 6.919934011576247546e-01
8.503057268283134018e-01 -8.805330174300898260e-01 5.905413286582708032e-01 2.579829457465356857e-01 -2.091251533731783852e-01 7.641846377363772369e-01 7.727744710750794610e-02 3.568524626937419342e-01
