6.704891141275417521e-01 6.379546057382929902e-01 -9.378522579144081828e-01 8.039307707739602460e-01 -9.694896493079943056e-01 -1.351007070764882467e-01 -1.125730066812917762e-01 8.514789822039485756e-01
-2.439711776689312828e-01 -6.666725284778562965e-01 -6.355227949583963643e-01 -8.557962710087338998e-01 6.004657282481264957e-01 -3.069834993173612414e-01 -3.948713881128169678e-01 -8.000395263137487500e-01
-5.228103851296634907e-01 -6.616306957832998048e-01 3.043344082315571075e-01 -9.814115241332697082e-01 9.719673502323624703e-01 5.627511713622435074e-02 7.017782927233557899e-01 3.464952918686921013e-01
-3.022019271263509665e-02 3.368675438490136287e-01 4.200490912090599771e-01 -2.216592218612749576e-01 -5.446069620787021837e-01 -5.912258628060931276e-01 1.050302926248580793e-01 8.875416228429713339e-01
3.017973190197666966e-01 2.313625479644696448e-01 5.597815288900840347e-01 5.079971211722020819e-01 4.852028826914360771e-01 5.817538534043609211e-01 6.067835499771152552e-01 -3.078735830309673460e-01
1.055564068542318434e-01 -2.390782971185898553e-01 -3.311227200284612149e-01 4.791176646507222525e-01 -1.451015654007696831e-01 -2.527432473172410710e-01 -3.136047321482333672e-01 -2.661955519215399857e-01
2.386619519564201486e-01 -6.448010624619009423e-01 -5.439817732158664931e-01 -4.880421080194847772e-01 -1.366178706120304565e-01 -1.592308306625955794e-01 6.924435312937247122e-01 -2.728704162094446328e-01
1.405058459497861012e-01 8.939637191380291892e-01 7.381452183117935828e-01 6.519879182126708805e-02 4.044118963450422655e-01 -4.372332677943711055e-01 4.822855362151445835e-01 -1.022360543413440848e-01
1.765063948621208301e-01 -7.494446621446453349e-01 -7.988403767513403420e-01 1.623372325871295097e-01 -8.923466122543328716e-01 -4.275225306030403516e-01 -9.225121017944457602e-01 -2.819054807003418262e-02
1.743335044747686968e-01 6.451322670074861598e-01 3.461366726708656749e-01 8.618521454048120312e-01 3.992418353898288252e-01 3.306103797250870002e-02 6.229048826503920111e-01 2.130994778022912151e-01
