7.300682346004072620e-01 -8.610302231014810292e-01 1.798587296504154942e-01 -4.356083007746784919e-01 2.019952896224241901e-01 -3.619845799561345334e-01 9.191989517959600065e-01 -7.072801511303683508e-01
9.456822643797642147e-01 3.473692278967361879e-01 2.355850887510142488e-01 -7.198714315040157796e-01 -8.589700191392140027e-01 1.110862653721889082e-01 -9.479448755011719019e-01 7.310436196659457764e-01
6.029076650537819049e-01 1.473643454527673313e-02 3.243466959130869576e-02 6.993326458584279148e-01 -2.122725948304866606e-01 -3.274934393857220627e-01 -1.516551298048796070e-02 4.631573637274717381e-01
-7.764546838236232595e-01 7.815854654167997406e-01 7.405342315590248692e-01 -9.369449607082593889e-01 4.112017625033697055e-01 -6.098655415051454920e-01 9.019392636813126085e-01 9.004951954166662276e-01
7.210894599045840625e-01 5.269156707534603523e-01 -6.555718074896392800e-01 -3.813974584931536516e-01 -8.395519780300890744e-01 -1.308127049179714785e-01 4.659911923031907488e-01 1.599071434013037418e-01
7.705802715905274436e-01 8.495514089219389220e-01 -4.976429886318056717e-02 8.973983713106070681e-01 9.290985402733120679e-02 -1.095377137573834148e-01 1.562430805669925427e-01 3.571094548968001270e-02
-7.667942666370934912e-01 -4.599395067401448323e-01 7.786743024930478096e-01 -1.093141415753500212e-01 -5.066423422661918696e-01 3.125358401028959232e-01 9.455264115254371493e-01 6.579970091844122848e-01
6.792219365755358673e-02 5.306951658864078603e-01 8.082968751245345196e-01 8.743152244806786655e-01 3.347759448921709957e-01 -1.039668182608641800e-01 6.861051952312702262e-02 1.715724876096031970e-01
-1.471398188668364693e-01 -7.056638738288050217e-01 -4.068660622163187135e-01 3.431668115324508772e-01 1.697329746801023997e-01 -5.703687070010885485e-01 -8.433925410834903769e-01 6.026775149243632779e-01
1.770201102819617400e-01 -7.662716674601757205e-01 4.799569574785855774e-01 5.568582253255707215e-01 -3.511445369740908706e-01 7.318245642346128399e-01 -8.153752261319200390e-01 8.905955795370434913e-01
