-1.751016440936192797e-01 -9.935859471590779979e-01 -4.451050080478360371e-01 5.155970680579324839e-01 -3.508734437987113264e-01 8.907467068376349051e-01 -6.315374345248037091e-01 4.373940662643496236e-01
-5.978197067385027097e-01 2.633825440874069113e-01 8.498330964501525919e-01 7.458610366817239878e-01 -8.513181296138938592e-01 1.723071379925926738e-01 7.193698103134358313e-01 4.038357692993088666e-01
3.924360031453764108e-01 -9.895260570976356362e-01 -3.992299889982382499e-01 -6.358377458213904099e-01 8.591450345728881555e-01 8.802996520312313944e-01 -9.409634131597157669e-01 9.351591466085784621e-01
-9.589892003180688906e-01 2.077279632349298133e-01 9.577861316500200228e-01 6.592835744523044550e-01 -8.816730133023278349e-01 6.851650223240515203e-01 -5.870497910256347041e-01 3.537374678662041916e-01
-6.397015895153577159e-01 7.669884753456763793e-01 -7.185008676223203494e-02 -5.504946572716884479e-01 7.929050964540995672e-01 -1.773393584927309696e-01 6.683800338076100189e-01 1.918843891818486913e-01
-2.705266863023143564e-01 -7.334712620993564247e-01 3.929856426043418782e-01 -5.819400184030831813e-01 -8.623183534320661980e-01 8.548082646780401639e-01 8.197423554757587993e-02 -9.812311905502968390e-01
3.378894079959606778e-01 9.802816337035864525e-01 9.596523419034683755e-01 1.522317085199531572e-01 5.208991871366552839e-01 -2.633676903105752753e-01 -7.244671120547729881e-01 4.992361443605912719e-01
-9.023463638326532088e-01 9.091842662766820293e-01 4.943841174869527677e-01 -4.749387539116800561e-02 -2.811288112793408622e-02 5.409937130779751691e-02 8.505354976973877879e-01 8.843013429544521742e-01
-3.610932260416874762e-01 -5.270978389741771686e-01 -7.506098994947740799e-02 -7.455388007212369050e-01 -2.231373915968948296e-01 -5.371993756324275893e-01 -4.432710255928258292e-01 -5.459358641777107835e-01
4.065907775570509752e-01 -9.432967835408279100e-01 8.376290772468197865e-02 -4.767644636010528458e-01 8.891784712050387895e-02 9.546490273142997918e-01 1.521471902156263933e-01 -2.133798831263391538e-01
