3.960963084762816333e-01 -4.360953345532518899e-01 -6.123533349471508291e-01 7.500331022370656520e-01 9.040946831971121700e-01 3.576080550420621673e-01 4.597661685264398113e-01 4.121677128519554145e-01
5.236454679445270433e-01 -5.730544247402153957e-01 -7.509471076499414366e-01 -6.497140706658373066e-01 -4.368680139800382722e-01 -9.727476871083655663e-01 9.551108715810872063e-01 4.965509757048245376e-01
-5.888728471148367838e-01 6.565593652090373489e-02 5.184535455181271679e-02 -5.603855614648625139e-01 -1.158077530845114111e-01 -1.133124127297957529e-02 -6.998856658702694578e-01 -1.623615976265200267e-01
-7.897047293250587519e-01 -5.950225691533477246e-01 -4.916972991749501976e-01 -6.966258776894171945e-01 -3.969383169426887736e-01 -8.956359689748618624e-01 -6.709958119642451813e-01 -7.713534293729602531e-01
7.158420101404794345e-02 -1.330379800915924005e-01 5.257542960129701903e-02 2.697797072914305261e-01 -1.821062379126734410e-01 -9.021503860957238441e-01 9.545158442049892500e-01 2.496792871665973745e-01
2.889701130304271892e-01 4.228416628337148264e-01 -3.237922795106924490e-01 7.088773332684890072e-01 7.025510781474944011e-01 -9.825286073904826445e-01 -9.027361249947742916e-01 -9.644683328715784043e-01
-2.151321153868233083e-01 1.572397574766990491e-01 4.236483084406046373e-01 -9.332224964112352250e-01 2.631537266777952411e-01 2.542681797783978848e-01 8.009770767561301685e-01 5.492022040268020877e-01
-1.642471274910863865e-01 2.660947890353730916e-01 -5.414874032903611578e-01 -6.310428052854040182e-01 4.484512973866006114e-01 -2.577317013396880352e-01 -6.071932246252380594e-01 -6.639526442213985469e-01
2.977542944871005570e-01 9.684849698032382825e-01 -7.043564355913582986e-01 -7.444328326200766455e-02 8.066207891511780748e-01 4.524011211828062873e-01 6.529832135055528841e-01 6.095826329342057814e-01
-2.542581167183575186e-01 -6.324879401648306754e-01 8.971005746300735328e-01 -6.131452255602791723e-01 -3.992712842580445898e-01 -1.610007620141944429e-01 7.050158039993974501e-01 7.814835493259695287e-01
