-6.592445181378179253e-01 2.040802888867150333e-01 -9.780852332555243223e-01 5.920059632528986704e-01 -8.841516640905890956e-01 -9.337978008998639723e-01 -5.920825193472891712e-01 -9.022953925405137188e-01
9.330330075890667096e-01 2.791973156220242114e-01 -3.275502168463571007e-01 6.232966698036563891e-01 -8.654154936930882336e-01 -3.994842838893601922e-01 -7.874138327893838163e-01 7.848515732425813685e-01
6.328683498402229990e-01 2.092472769402047295e-01 -1.373615700922981020e-01 -6.043440537097646281e-01 5.968508211662282292e-03 -7.134372841265907983e-01 3.540417858522806327e-01 2.296726812607550183e-01
8.211782879729112583e-01 7.580949133351082558e-01 4.615331884571614030e-01 -4.590611695137791770e-01 2.306563606584797199e-01 4.347380138612697564e-01 9.469480975133008904e-01 -3.301497214148474413e-02
2.345251290088952167e-01 -8.278462782271702736e-01 7.809556852968024820e-02 7.564965430990207018e-01 3.702209091123633833e-01 8.041097852878955621e-01 -8.668451575689903876e-01 4.600009026234614939e-01
8.930987690905984877e-01 -2.694619765000001443e-01 8.607997523476096369e-01 -2.440060268648402975e-02 -7.934910067681870682e-01 -2.347555706157340438e-01 5.761642156718815855e-03 5.289633828867061904e-01
2.942724440481219172e-01 -6.648953927289369403e-03 1.299153765428804341e-01 -6.157484733282607703e-01 -2.674482093692995832e-01 -6.709639135749356775e-02 1.676668969000139064e-02 6.644382512428321785e-01
-1.589708477078799476e-01 -4.011813054533563960e-01 -8.602033514130138503e-01 -6.532775216746986580e-01 -2.517112079024950155e-01 -2.906850253932722339e-01 -7.722419322592415369e-01 -5.340411031150593679e-01
9.818388054561522083e-01 -6.952871478856943455e-01 -6.010514585691351108e-02 4.941582340985115618e-01 8.856310994189238173e-01 1.220696773094098742e-01 -5.328792265684230145e-01 -5.892541113258493723e-01
-8.490535537601529015e-02 4.775224745802741921e-02 5.769725394370521787e-01 3.641439668711112798e-01 8.060692677607379508e-01 -9.517909294493012151e-01 -9.795328480730194354e-01 -3.242778449760448378e-01
