7.177175589913362685e-01 -4.316838184711313531e-01 -4.388577309326637810e-01 3.320209942182179574e-01 5.838237084810184996e-01 1.510080512705684885e-01 -5.152119134614836504e-01 -8.807669307722501006e-01
6.318743313646324467e-02 6.192871207283647816e-01 3.156906273390753803e-01 4.571662885496212692e-01 -8.850906677825176594e-02 4.676234306039803723e-01 -8.333569902618531700e-01 -7.789745992214014425e-01
-8.462315355839502562e-01 4.321439502755988205e-01 8.800912266713496468e-01 -2.436495752559830752e-01 5.150032847728829299e-01 -9.253507636712496875e-01 7.809569070066757490e-02 3.201053016488319969e-02
-2.289257018843045000e-01 -3.067126775391537663e-02 -6.221274949819388667e-02 6.391148503217474186e-01 6.252935612524961329e-01 -2.939578143083070305e-01 -4.766199030864666231e-01 -4.300254491125705680e-01
4.958453709436101420e-01 -1.145777110437038449e-01 3.240861844454947516e-01 7.235820925524527603e-01 8.091302495358430047e-01 7.278815907912417060e-01 6.146428723351153867e-01 7.363406821102242983e-01
5.101997415738883657e-01 -8.877976836838437080e-01 -3.064624462975702457e-01 4.649598347420351718e-01 -1.104951960227933405e-01 -8.164875233470965110e-01 3.651584041774100786e-01 8.479074779749904422e-01
4.077461447196240041e-01 5.502331440124528239e-01 3.079073508321334973e-01 2.620740302693664869e-01 7.413585379599831882e-01 -6.892673604364216722e-01 -5.390478723109706216e-01 5.580432040445080233e-01
8.038374010974003170e-01 -2.995690881168160402e-01 -9.761297960076211755e-01 -7.311914860348434075e-01 9.125606870410631899e-01 4.427497084771681024e-02 -9.066694206469998463e-01 8.812998873689690260e-01
9.011463054207435874e-02 3.264165072004361345e-01 -3.587387272887481160e-01 9.470720669449730345e-01 -5.777653458899736361e-01 4.149939113744427477e-01 5.957498076619867078e-01 1.891609426082341283e-01
-2.612700283402291657e-01 2.767896083743086599e-01 2.780788637848459199e-01 4.310797920959943408e-01 -7.308466406829448037e-01 -6.747965263276507475e-01 3.746264418924150075e-01 3.987268772476206813e-01
