2.736591642793442247e-01 -9.963131919138223935e-01 -7.145746483250317027e-01 7.229414326299958837e-01 -5.149786811340359982e-01 7.264655853424379917e-01 1.269205638262649316e-01 3.627501043867382702e-01
1.778438635721018013e-01 1.772948261529523339e-01 6.352651746566071456e-01 7.288220137585934566e-01 -1.771498373881386090e-01 -3.827633990091545702e-01 9.782867556088765681e-01 -3.180514759773873656e-01
-5.301372169740461437e-01 7.090147291608706048e-02 6.641756753301173433e-01 -9.946646156731127064e-01 7.656103384297647807e-01 3.677414973552499688e-01 3.828964959570602122e-01 -6.912605914770846294e-01
9.343573589009817049e-01 -7.419421859175143741e-01 6.254068865526201115e-01 -7.374287814594580048e-01 -2.688880895706620144e-01 4.057023367809220460e-02 -8.603408839337371994e-01 -1.657607609125182346e-01
9.146381440739246305e-01 -2.775928699715899395e-01 -5.032974011784461243e-01 -2.501551950258649182e-01 -4.748400281697178205e-01 -9.113373695028836874e-01 8.625676380043028058e-01 6.308284411584246243e-01
9.999924866135110335e-01 2.894707225686152796e-01 6.594306027195853126e-01 6.948234464446951808e-01 9.125043917933666204e-01 -6.151866385166733231e-01 5.684327996993507881e-01 8.544733269139717091e-01
2.095937052192091699e-01 -8.241608412280865270e-01 7.165540343010521340e-01 -1.361703951202979379e-01 3.275624588642866986e-01 4.321222407562304024e-01 3.078610729827868653e-02 8.931083739286269640e-01
-6.966379189685154572e-01 -3.198732879326726675e-02 -4.541031636398999982e-01 -4.419894859775119755e-03 -3.630793449049796173e-01 5.133861493559321865e-01 2.147897653644663674e-01 8.785853974445410053e-01
-9.664854931634929702e-01 9.050445983267401129e-01 9.992417120936560870e-01 5.024061046474657122e-01 6.660278417234064552e-01 9.839378430733309866e-01 3.734704201248053579e-01 -7.117882763600138496e-01
1.593619391130574048e-01 4.465874903751188008e-02 8.960334795796831564e-02 1.511761857235252027e-01 -6.525554290021773340e-02 -7.162041238451524183e-01 7.620202513602194472e-01 -7.345805478567752900e-01
