4.873703767323189773e-02 -8.125754991192828403e-01 -5.727957525036473374e-01 3.287274549908332233e-01 -4.146763742835453126e-01 7.408424521450507338e-01 4.817591992819054703e-01 -3.422146263947314360e-01
-1.781077944551878733e-01 -1.113828891196952942e-01 -6.744539246750973494e-01 4.758292501623295756e-01 -9.583342956611735630e-01 8.747784463062804328e-01 7.629233285457674985e-01 -2.120251156785315505e-01
2.961948019392401932e-01 6.201454432519191151e-01 5.433441882358382991e-01 1.625141588731529030e-01 1.467786505149100140e-01 9.313163845834644405e-01 2.164855473802871355e-01 -5.214989210422562582e-01
4.646689931108141103e-01 4.110539660264471706e-01 1.888357458847047532e-01 2.432394469915930557e-01 6.986196910002746563e-01 9.900725696177872237e-01 -4.982570458597175289e-01 1.907457567112473829e-01
8.300988768585293442e-01 7.249406789190966371e-01 2.039971585566209278e-01 1.850647471819741874e-01 -3.962546962646993354e-01 -3.680527472096339903e-01 4.546069269055150741e-01 3.504802752018587597e-01
7.398923265705492636e-01 -3.919444420776514448e-01 3.899968600734693425e-01 -6.657156441761273857e-01 -9.257193478999430347e-01 7.662282437507847987e-01 2.330924624265056089e-01 5.378115434974726217e-01
-5.897242608158128618e-01 6.018022274542769168e-01 8.581578166926313589e-01 2.113795228388148928e-02 5.402134147659187757e-01 -4.272915643286758769e-01 -7.028348378974316191e-01 -7.252804490412398941e-01
-8.443095187040337013e-01 -1.461896102091007066e-01 -2.518377302381165084e-01 9.765746804565182959e-01 -7.287044788346617175e-01 -9.227588276814728818e-01 -6.174932970155404544e-01 -5.211118351655972258e-01
9.920430541447042838e-01 7.157548944613905118e-01 -8.958159943141512649e-01 -8.429082310231019726e-01 2.155774727820716219e-01 6.528567808414238449e-01 -1.078786343173632201e-01 -7.868380757170925222e-01
-6.649593146208991890e-01 -4.728687087678333789e-01 8.279761271443235593e-01 2.982782156084184955e-01 4.537306663529383499e-01 8.348867760516962555e-01 7.114055619700876409e-01 -4.462817805779897284e-01
