-5.895965499634958640e-01 9.383975446239138929e-01 -9.385969588860525459e-01 -7.047461502179237502e-01 -2.835322505255017944e-01 5.801893203644221675e-01 6.771184472359004225e-02 -4.103886161468661697e-02
1.673845945474556896e-01 -1.359267903636656172e-01 -8.645862149959011589e-01 2.793143751760196469e-01 -6.703663919609905708e-01 -4.710567884277079287e-01 -3.584378789144986310e-01 1.327630784452917823e-01
5.566404861386637926e-01 1.463865436280058496e-01 -6.841663688163874824e-01 8.071765227804816867e-01 5.270138430163400223e-01 5.751135818258146237e-02 6.294808289521172107e-01 2.730415308400011565e-01
-2.202449444106557852e-01 6.913709766081028718e-01 4.202762568949425237e-01 5.876065778596983868e-01 6.707099671892100545e-01 6.225006222428315361e-01 2.671464120619782001e-01 9.556996522254932458e-01
-8.312481949255392522e-01 -7.220187177579937554e-01 -5.329040603350010397e-01 -2.208297137318537828e-02 1.438252800604236104e-01 9.429294010249271718e-01 9.558158996175700750e-01 -1.759303251607595708e-01
2.569886995489947257e-01 9.992676745449846631e-01 -8.267471977969851338e-01 4.338128989718490480e-01 -4.336866874706433173e-01 -8.884375702143654241e-01 -7.066986898718168320e-01 -6.151635562823740688e-01
-7.780615431143456107e-02 -9.325933870234022205e-01 -1.773709531172167342e-01 5.264939234892196396e-01 6.883345803676155228e-02 -4.534959024854241516e-01 6.994764624542251230e-01 -8.915851731717983064e-01
6.727129680287853297e-01 7.282593001187049886e-01 3.033268425600121887e-02 -1.483010786930785141e-01 7.312734276412262702e-01 -3.659415325902712901e-01 -1.015665070076492427e-01 -2.997777483205066318e-03
-8.824652978679998760e-01 -8.094646205890729806e-01 -3.022506082688221074e-01 -9.926862065346928610e-01 3.131616734641091693e-01 -3.583553896281650442e-01 -9.077666068667733512e-02 1.218506187217678338e-01
8.501691846555587961e-01 2.677030106337128235e-01 -1.915121241053683310e-01 -6.294699228762248300e-01 -5.634253336158479009e-02 -5.224277718300285311e-01 8.234916551966220410e-02 -4.715478386365687946e-01
