-3.130281502584413289e-01 4.556763892376158864e-01 -6.935558795119662889e-01 -8.636194414881726011e-01 -1.257373256067284562e-01 -1.348739735562127784e-01 5.352173734801768390e-02 3.277889957435302648e-01
-5.626476562348003974e-02 -2.350241374513553083e-01 5.402010092124001073e-01 3.012210541655366836e-01 5.430497543356538337e-02 4.741504111313998848e-02 -9.004604556609281385e-01 -4.133793755389403302e-01
9.053309647736129673e-01 8.672876575171062363e-02 -7.631564084820794402e-01 -4.715433884780129148e-02 1.926722616671150412e-01 6.285744346602253341e-01 -3.885617174414686126e-01 3.438034901341984195e-01
-3.202062135493612960e-01 5.688650301277711208e-01 -9.036149439225804603e-01 6.180402364984358687e-01 -8.288479782170883325e-01 -7.279233447640032217e-02 -1.857691499593914219e-01 -2.923586695263669100e-02
-2.916775617473608140e-01 -7.604248784334797229e-01 8.263230180608571729e-01 4.066490711832273508e-01 -9.390312472002315669e-01 4.333506939921103474e-01 -2.720039754351268879e-01 5.224502292076522725e-01
-1.413298806885352477e-01 1.239112044031811521e-01 7.598492628661221993e-01 4.208400157011733533e-01 7.777498622171983289e-01 4.872018432814837485e-01 5.150053562554162134e-01 9.353982104575762069e-01
4.965892960061133454e-01 -8.665532230707824191e-01 5.365810590595005980e-01 2.875271298435697620e-01 5.279475704778990863e-01 -4.910757446909401747e-01 3.200045017907717781e-01 -8.535522995065309981e-01
4.702892640977076599e-01 6.834715444535295337e-01 9.580947424962100722e-01 4.008629660782128123e-01 -6.932039723446714596e-01 -8.637731734376132842e-01 -3.519197432884544341e-01 6.194571892684439529e-01
9.439802330803253039e-01 -5.862463584109296466e-01 -8.003100827782099191e-01 -5.940394566825657474e-01 -7.680487997979155157e-01 -9.560099943183053561e-01 4.257745049321530750e-01 -3.905446122078222171e-01
-6.334108206731992041e-02 6.819154360515140567e-01 8.076133605986355324e-01 1.984110440424708965e-01 5.702144844617862418e-02 -6.235504282308863555e-01 -1.976076787494756015e-01 -1.554651766103796184e-01
