3.081712353653327519e-01 -6.585350797305555837e-01 -7.281492830806539640e-01 1.808718675632254858e-01 -1.095055777276185971e-01 6.720841878281982318e-01 3.077823881353247693e-01 -9.793885271247202429e-01
8.226102608589536125e-02 -4.147860330508135185e-02 2.069909165752923386e-01 -1.173450417655406142e-01 7.306255130730556768e-01 -2.263439583659807575e-01 -6.804201591015703876e-01 7.060529434421756179e-01
6.706650338755564267e-01 3.454069856954036233e-01 -9.264491594609456371e-01 3.116497328259604238e-02 -9.073253484943717417e-01 -3.008382014236046231e-01 9.134509402783168586e-01 6.151760230888909664e-01
-6.799454334712888848e-01 -2.302234479668707756e-01 -3.684398070331249553e-01 -7.047268608632872855e-02 8.316878800687266260e-01 7.929682093771153184e-01 -4.455443051675851418e-01 -3.025698338636577667e-01
-6.471477652163770689e-01 4.983294068088770512e-01 9.344800479058612552e-03 -3.419660711489913574e-01 9.621250029723675823e-01 -9.917724153467346593e-01 5.756991094336616488e-01 -2.128485067193541802e-01
-6.226352263587142666e-02 1.141005452732377634e-01 4.105387684451409225e-01 -1.631802073752923743e-01 8.755479234871599292e-01 -4.661470448910078890e-01 6.909872336499238710e-01 -2.363653019965228363e-01
-5.119412525683175730e-01 -6.438150509517481801e-01 -6.112227642362630942e-01 -6.816659680377616937e-01 9.692375340188830179e-02 9.783322576377009305e-01 8.512395537119716860e-01 -8.170743374117075408e-01
1.008602193320957685e-01 3.982406063261150209e-01 5.501015820596815153e-01 5.417694402109056728e-01 -8.358864922749413839e-01 8.565788366188367142e-01 -1.320214077141368403e-01 5.265433877847947031e-04
-4.136038883386705667e-01 4.776689475342377200e-02 -2.944190896530380908e-01 -4.996247211553686007e-01 2.607063582761675047e-01 -2.878445633462483055e-01 5.976192984596333524e-01 -3.376676887226479629e-01
7.825838739482422479e-01 -7.181911961382418941e-01 2.396068548648062624e-01 -7.531440058672280724e-01 -4.760821606345788659e-02 -1.798437232462526403e-01 -4.439617831270668002e-01 3.963619215048683753e-01
