3.122746891169561057e-01 -7.393864420864841858e-01 9.291042708031138631e-02 3.945546800652641739e-01 7.965224421250072240e-02 9.644683161411111705e-01 7.773799101973288828e-01 -2.348238719154260856e-01
-9.458458391622708294e-01 -6.429136525003849023e-01 6.697516718792926316e-01 -5.302937390517898919e-01 -4.644870732674892810e-01 8.631330722832675217e-01 -6.791860309562889331e-01 -7.970365937411107993e-01
-4.471904050729387237e-01 1.282018984030066644e-01 4.442630221429992865e-01 1.511455669934469448e-01 9.804559956714107294e-01 -6.339406573546517709e-01 -3.539429148442447826e-01 1.191974343449999640e-01
8.853855581160825494e-01 5.511776101659568994e-01 -9.081099847616507237e-01 -3.096986693967178628e-01 -9.778088056772953340e-01 -4.873388734368511166e-02 7.364297005052946599e-01 -5.348783492686479679e-01
-7.710982130766714793e-01 3.752951420719810027e-01 -8.975103259064087791e-01 -6.767566464165093443e-01 -9.854905742820914138e-01 -4.410399071048625164e-01 7.245847189652845355e-01 7.236172938598712800e-01
-5.018688911758304450e-01 6.646192220248736682e-02 1.742693962525398987e-01 -9.641438468125147487e-01 -8.921050436639672565e-01 -3.663745084139338193e-01 -7.839593865147935769e-01 -7.515182305352725578e-01
4.885148060550379423e-01 -5.779242495596381701e-01 -6.368026524981740266e-02 -6.299255438976005816e-01 6.054189303549195600e-02 1.225037111179665406e-01 6.401811770461174333e-02 6.552296220633504475e-01
-1.089584315489982025e-01 4.185279413938800541e-01 -3.311292377440242518e-01 4.775889489361566653e-01 -1.525999301663760743e-01 -8.519647390223206163e-01 -6.996283321463572236e-01 3.604515528466663010e-01
1.990127581180620719e-01 -8.228278157593125197e-01 8.347492928181501348e-01 4.456282246628264776e-01 -4.358831141944472520e-01 7.090058987099354670e-01 3.935408384034349005e-01 -4.056304164993700390e-01
6.560817316290066259e-01 7.905558401178522931e-01 -2.805942645428949334e-01 -6.437613156492896227e-01 -3.913679276453807532e-03 -6.866646584371602913e-01 -5.490002909809212905e-01 7.730388205479583608e-01
