4.170970395279660625e-01 -7.203356094612218818e-01 5.497874794572437107e-01 2.783674000789249092e-02 1.529315166578117946e-01 -4.064880291129733259e-01 7.741650394698480486e-01 9.955528819900252291e-01
8.104134502537203577e-01 7.696439034718305372e-01 9.006902066789537198e-01 -7.550190954050550740e-01 -9.917276873974611995e-01 -5.218087874364580880e-01 2.373665227312327097e-01 6.514818849644221643e-02
-5.075243056685527776e-01 9.797965634592962214e-01 3.620185917965335065e-01 -4.406788745235414861e-01 -2.885323810601032601e-01 4.964718789987732084e-01 -4.274210434119776192e-01 4.594070332726503114e-01
-4.616946866805360372e-03 2.505824015154740625e-01 7.538849172827708500e-01 1.047292526762744203e-01 2.023336180281645191e-01 2.906594530541075638e-01 -3.961082371969180116e-01 4.570984280567547131e-01
5.139053321278048703e-01 9.168946069572552204e-01 6.736456742418786003e-01 -3.465641509080139571e-01 8.708905643367459426e-01 4.277060969519348443e-01 -6.272511751705194261e-01 3.290251537635204837e-01
5.900087472108874742e-01 -1.549469830711014406e-01 -1.203928141334218438e-01 9.507609144667714673e-01 -1.067898090934211730e-01 -3.860246593528722236e-01 8.154985276481307999e-02 -2.513729004760918428e-01
9.587788551230769230e-02 3.547437807266646814e-01 8.099493858477813113e-01 -5.541854786789530696e-01 -1.262103112786869819e-01 -3.166982087609069296e-01 6.032318569094015093e-01 -5.192272965774260562e-01
4.827368548598360842e-01 8.277510111322836650e-01 -1.537309827700892306e-01 -6.245333169273468155e-01 -5.106550512834457933e-01 1.779342723194836662e-01 -9.369853940186205765e-01 -3.697410383096357833e-01
2.408414852525826433e-01 2.353437602027936837e-01 -2.755551603213768352e-02 9.499565393372531030e-01 1.996828932204770535e-01 -4.820665190176873782e-01 -5.255034442814860984e-01 1.536057266772059560e-01
7.098516232913958390e-01 -2.437148807701887687e-01 -5.716454205622887308e-01 2.384453807201625253e-01 1.783294930812204804e-01 1.757494533796275515e-01 -2.036403775410786654e-01 -4.110321441372459805e-01
