-6.615699285795670903e-01 -7.918461147754334295e-01 1.545588828936592662e-01 -1.952289688983108729e-01 -1.242040949216047796e-01 3.782649224501690721e-01 3.474317051577935356e-01 7.930201627236541650e-01
-9.320781187116771171e-01 -1.211531442747040277e-01 -1.027652780344145977e-01 6.769770755380408733e-01 -2.759902996557979105e-01 -2.911020448127281668e-01 -2.132582248008274561e-03 3.546626408113084938e-01
2.655076679403503004e-01 -7.836469176873599451e-01 4.518477251681398688e-01 3.074993270870469697e-01 -9.751146072304806012e-02 -3.209154605777062574e-01 4.273963462968450866e-01 4.919828442892959508e-02
-8.730144218508708587e-01 -7.475008327301746469e-02 9.985098382439692166e-01 -4.467978694284702179e-01 -1.807222194884730015e-01 -8.293914428942312789e-01 6.142351346151828650e-01 1.423557660493466326e-01
9.190842740044045112e-01 8.985811971871702220e-01 -8.338129918348085035e-01 8.005558901030260799e-01 4.149545700266894510e-01 5.132692379847663133e-01 -1.901829436177906452e-01 4.604740192939718035e-01
-7.068082072992711851e-01 9.306968926727618996e-01 2.872190344049379007e-01 -9.766821147402646730e-01 1.226112764918887432e-01 -4.107062107917613947e-01 -1.823037615873204231e-01 -8.869962172643730547e-01
-3.700227853469137962e-01 8.314412215857984734e-01 -3.421469402914576463e-01 -6.163814545940207168e-01 4.359050488201734463e-01 -5.083795734737359684e-01 -4.039274153477288021e-01 -6.040650316591635871e-01
5.441409327043906785e-01 -5.270099247809032494e-01 -8.504258987625294974e-01 7.507038529767706692e-02 7.100702705246921820e-01 -1.787874800402420306e-01 8.096660274973364047e-01 9.925414967501406949e-01
-8.892539678860342800e-01 -5.628679857427707489e-01 7.657048397141203999e-01 3.058469748209513561e-02 1.105288357800184862e-01 -7.249230637638508501e-01 4.716579653587413823e-01 7.897234251034612740e-03
-1.956769354946354955e-01 6.690854801058554457e-02 -4.018819365109349562e-01 -9.258732019297677418e-02 9.333753510110349705e-01 3.561689520698934075e-01 -3.071924003968853345e-01 4.468220822819699567e-01
