-7.075327230349879315e-01 -3.055683144587928446e-01 9.704083520989539302e-01 3.178495134498171559e-02 9.403215800162789684e-01 -3.884329245704374323e-01 -7.850764983757452242e-01 -9.863793795222213223e-01
-7.163659885338278244e-01 2.689785987495407760e-02 -1.457731524891647812e-01 5.043339309589585095e-01 6.980348227304224995e-01 5.961550707811285044e-01 -7.867284819552315955e-01 -3.418773526879252955e-01
-1.870955480855485131e-01 -2.948682969658484865e-01 3.996934467751651621e-01 -1.767915480877317869e-01 1.953112777734877792e-01 -5.385139397509639547e-01 -6.091109272204902059e-01 8.242115235245839333e-01
9.102656061614822214e-01 -1.196970089547142457e-01 -3.827059084328277017e-02 -5.150365727418595441e-01 1.400455366746049535e-01 -2.688136355850894166e-01 2.667187680335210143e-01 -3.725907585360579422e-01
-7.649995544336656295e-01 -7.425997435498439270e-01 -1.264378755745194649e-01 -8.034194483315366675e-01 9.030493839081124019e-01 6.905030292071121512e-01 -2.675126257166242638e-01 -6.793240861935110342e-01
-5.748878899741023396e-01 2.682225200722818670e-01 6.966387098431576774e-01 5.762605168394976385e-01 -8.705767360499330199e-01 -7.035911822982128250e-01 -8.206258523585272524e-01 7.094303846148186654e-01
-9.092915244122845575e-01 -5.440651564817764463e-01 -2.289087071332491785e-01 3.657354462115169902e-02 -8.110304422254090984e-01 -7.685667366202593165e-01 -3.159021547332896418e-02 -8.692400444461705344e-01
-9.203447359515255499e-01 9.807236069536411360e-01 -4.567502007135570974e-01 7.179953841445527729e-01 -1.494212288761185281e-01 5.801777590211971702e-01 -6.321547180331463789e-01 7.699854691407348461e-01
7.000858373313652017e-01 3.529749244580813183e-01 -9.954139287504701894e-01 9.383746847520413326e-02 -5.952595532083666541e-01 -7.352540979692308021e-01 -9.457547165603994443e-01 -9.195112161864689160e-01
5.251388895071726903e-01 6.019543738098469543e-01 -3.725857767674420895e-01 -6.097869981486161439e-01 7.532413955535122163e-02 8.283828518330094148e-01 -8.128712058337601576e-01 2.530800199069964673e-01
