-8.397155055870382245e-01 -5.669853004275211550e-01 -6.251786589759811275e-01 -1.972291970614976631e-01 9.420233913003828174e-01 5.135704378849101914e-01 -8.766636448875211318e-01 4.677108787313841720e-01
9.820369508581632267e-01 5.552623122362496666e-01 9.904393746926569708e-01 4.275337377984467224e-03 -5.747084443114771624e-01 8.724831943977462423e-02 -7.560070403565288810e-01 -4.539811531282245127e-01
-8.455525842720057472e-01 3.666089249764636904e-02 -5.124032158500817502e-01 7.031515646556161236e-01 5.284083364789160520e-01 9.725611198069958885e-01 -9.114256935908249257e-01 -1.337781299624494213e-01
8.771119932823301379e-01 5.383150671460734671e-01 -7.446658363540512582e-01 3.289334173981524057e-01 4.431496277160342778e-01 -7.908999027986027830e-01 1.837260278928913859e-01 9.067291984182554998e-01
3.781902264434910954e-02 3.892875007955283184e-01 -2.049120645746913549e-01 4.087253620993291925e-01 1.243044653268878807e-01 5.585198122289094513e-01 -8.856848576585043542e-01 7.118855054649724234e-01
-7.962530794432136627e-01 -6.275793459861029877e-01 -8.389710037051640867e-01 4.424587729459761309e-01 -2.485606431415792184e-01 -3.199308924637942475e-01 -9.639477882427789357e-01 -3.482866227749561450e-01
-6.851089894207416098e-01 5.048528531211224912e-01 -1.811574165585680962e-01 -1.058100131939299082e-02 5.091465905599508179e-01 9.369730687968731431e-01 -8.130724323060027903e-01 1.208512446798011286e-01
-2.080399604651090861e-01 9.432655813003254508e-02 3.881882354615706632e-02 1.634639853838191215e-01 -3.034048070557502363e-01 -1.780198562292578668e-01 9.109684379955607092e-02 -4.883911403007166196e-01
1.827460940666152389e-01 -5.696126666635936697e-01 8.812955020324926281e-01 -1.376328710403018629e-01 -8.336610217324051941e-01 4.595454774837484102e-01 -6.145022429677071685e-03 -6.755740102926099944e-02
2.528452404253747066e-01 -8.927132742961156886e-01 -8.252636071914232208e-01 8.355395360730399901e-02 9.085651019802589712e-01 7.369427942213555571e-01 2.958989343303051189e-01 7.658213672648561676e-01
