-9.764232532688634780e-01 7.635415054802838775e-01 8.814226202912744945e-02 3.322089044456189022e-01 -7.286627362462640978e-01 -7.353822468306872029e-01 -1.720069593510753503e-01 -6.466503563168821689e-01
-2.847081767016250708e-01 -4.728333021775181777e-01 -2.374938662894512387e-01 -4.150372993232620544e-03 1.923059722654867354e-01 -4.560190257891789667e-01 -6.847979541747362120e-02 9.592757861850624845e-01
4.297897861115760332e-01 -3.452479355845428088e-01 -4.565569344940880736e-01 2.457905491235792272e-01 -5.422262312755903313e-01 6.111416681802521733e-01 -3.925990767123859193e-01 4.009738801055950930e-02
-6.227806408329663590e-01 -9.294106096761027835e-01 1.526459564553934722e-01 8.042489161746213533e-01 5.853979869404719594e-01 -6.053187007308629131e-01 -4.096448090810305143e-01 -5.895053881990313105e-01
-6.707670425416989435e-01 3.224273983219771988e-01 6.413451577951267968e-01 -6.465628073685389943e-01 7.117454270989251874e-01 -5.042785485850806992e-01 -6.766243329606111967e-01 4.341628269174551136e-01
-6.781761868474769361e-01 -7.662913301659495247e-01 -5.336976451503456786e-01 -4.871660942660696048e-01 -7.243050280683160924e-01 -8.323118652896921432e-03 -8.200156755471543768e-01 8.661810590092815509e-01
9.173361276246216889e-01 7.453858700634916623e-01 -4.079248666702253168e-01 -2.439943951091303465e-01 -8.764539590918076772e-01 2.665437618771637762e-01 -2.234200710922062960e-02 -4.247209592446592463e-01
8.914418657294878034e-01 1.755359436433416853e-01 -1.381783025183995761e-01 -2.474386652167372969e-01 5.149053075378176025e-01 5.668746872341328125e-01 -9.129469292127949664e-01 -4.624210039787657323e-02
-7.679142210657459167e-01 -3.731487656450804824e-01 8.018554363408236796e-01 -2.499825852385153535e-01 -6.055474804613165674e-01 8.902072708859871675e-01 -5.908857713756794361e-01 -2.922163557701342729e-01
9.836880138780128568e-01 -6.366495755872376705e-01 -1.828702681501783722e-01 -3.308514653624057278e-01 7.364102656970628047e-01 6.334006042352866572e-01 7.422856182995607455e-01 4.713124871824176942e-01
