-6.004456368443085168e-01 -3.613606872571333284e-01 -7.060358667524306853e-01 -8.033747501399663982e-01 6.771293289200710497e-01 7.037686754601157890e-01 -8.345348759642345904e-02 3.066143439103978796e-01
1.390069414515693325e-01 -1.588398180517909264e-01 9.000034913477481524e-01 -9.548153581803475731e-02 -9.161238857397326907e-01 -4.835479574080450149e-01 2.520110682358034371e-01 -9.031494985982750912e-01
6.319766602048626503e-01 -8.896907230083734852e-01 -4.417498429059028009e-01 -1.718887141731288981e-01 -8.942829543065442532e-01 7.592432231603456483e-01 -7.231306166007300806e-01 7.161619648185575393e-01
-7.947997623509350795e-02 2.601683068112059516e-02 6.445224258850168475e-01 8.401209122692570030e-01 2.532481434229616468e-02 5.498957798462009716e-01 -2.438534256555062729e-01 -3.929923400391490684e-01
-7.078947598184504031e-02 -5.248959548992400137e-01 4.710101295209878636e-01 -7.012863533374491531e-02 9.434108548924258209e-01 -9.981303843304090151e-03 -6.153568535209517076e-01 6.187073229259234530e-01
-8.049192563075042717e-01 2.323896941155447760e-01 -6.961328806377236056e-01 -1.821941718638124819e-01 6.672943025246020898e-01 -7.277659672069658470e-01 -4.742938407249019939e-01 5.192370242594870344e-01
5.703085950437063456e-01 -2.610933234053058882e-01 -8.935678443566341667e-01 8.599299615713060785e-01 -8.748437128461628021e-01 8.323906845078172800e-01 1.411994708025448020e-01 -9.867415548510265477e-01
3.579264063755052128e-01 2.860876297118708500e-01 -8.067871635980750078e-02 -3.562382494839986258e-01 2.327113891310732541e-01 -3.806008940533271989e-01 8.304318845696052609e-01 8.307495787503271778e-02
3.031067143459367230e-01 7.217890032055855887e-01 -1.328057285092540951e-01 -2.731017693239690125e-01 -7.443379380467007866e-01 -4.827333404546900741e-01 -8.002865353694912365e-01 -6.972441455627358398e-01
-2.109527290565269553e-01 9.079683536390070753e-01 -9.406326824510333751e-01 -2.238301718175517152e-02 8.262694750815722244e-01 -9.851520924968975024e-01 -3.145642573383848895e-01 -3.585672163706294935e-01
