2.130668546255050089e-01 -3.757926790969388087e-01 5.384581086338682265e-01 6.952188629237507911e-01 -1.080559364244988441e-01 -2.567731282673646476e-02 3.849444971785036529e-01 -2.659502791823624701e-01
-9.925003455423793142e-01 -6.489263613829123756e-01 2.880272422754277528e-01 -7.636336380076591546e-02 1.315292936529233181e-02 -2.902325176531135309e-01 -3.007015632723499809e-01 3.926243496542876077e-01
6.692354688929069706e-01 6.467580915067026037e-01 -8.944605544516528450e-01 5.541265825044903170e-01 1.714349661575507167e-01 -4.088643083748315643e-01 -1.185925216965952878e-01 -5.353670596080684074e-01
8.032516240548739361e-01 -2.132916034152207985e-01 3.380924056014411594e-01 7.516377805096459142e-01 3.433652425770248318e-01 -3.451824199923168024e-01 9.871893824059734257e-01 -6.356711179336782536e-01
6.618514362444771759e-01 -8.580317466784126434e-01 -1.866340585166210708e-01 4.458575345139699220e-01 6.204367426212604730e-01 -5.457461711736126819e-01 4.419531090399517748e-01 -5.959996439623598263e-01
-9.848713511085029904e-01 -1.952434842987704755e-01 8.863481493569984604e-01 -6.948834020181922089e-01 3.476432041423536123e-01 4.943171712710985322e-01 -1.396213953383385054e-01 9.550738357702981407e-01
8.442778376315773770e-01 -9.010382858029588604e-01 2.207149428582639850e-01 -4.268539092223764264e-01 6.935825580038321725e-01 7.008771418626595917e-01 2.007876349994015541e-01 6.988377692633100935e-01
-4.476430550649015405e-01 8.723292346714017764e-01 -9.935562011415479677e-01 2.143406543202190928e-01 4.393857055348948659e-01 -4.210153015627735584e-01 -3.655290263537183115e-01 -2.061673775673122933e-01
-2.944829761439062832e-01 3.708506979431005490e-01 -3.896008648978788180e-01 -2.321901671485537832e-02 1.300581693035742781e-01 8.520670289884144655e-01 -2.957278984074400707e-01 3.687112210957517178e-01
1.296775000092074137e-01 -6.984020428633310740e-01 9.535912517642264330e-01 -3.984855145248900055e-01 -6.292598343107171921e-01 -7.703412901043611427e-01 -2.692652345455870400e-01 8.270478057597456800e-01
