2.985985524316709938e-01 -9.184988021306563777e-01 6.531414175375493958e-01 6.800079914240579892e-01 7.123848039171203350e-01 -7.189793369940695733e-01 -4.152823126299454159e-02 -4.319357232920248979e-01
5.312984235243600750e-02 -5.571724564585858186e-01 -4.315315474572058996e-01 6.484624487768351209e-01 6.758791754409367858e-01 -9.940085886553959860e-01 1.782420159016795402e-01 -3.921486916291219149e-01
-8.684626356092997046e-01 -4.360684974733375352e-01 2.419242965182755167e-01 7.882201865107019145e-03 3.195527331548222438e-01 -8.201243339683792488e-01 -3.401992283029215969e-01 -8.265749693019226463e-01
-2.732087672813432455e-02 -9.711563420458735330e-02 5.738050583204337141e-01 8.939528995326839755e-02 -7.928510103617345539e-01 8.930110456626660920e-01 1.383889114127696551e-01 1.805283755574309534e-01
-2.889492518605241145e-01 -9.761855112536776957e-01 6.783204941354232798e-01 -4.580938683637481024e-01 8.194173837751055345e-01 -4.100717928011163860e-01 -2.641577866692750298e-01 7.435377568545933347e-01
9.978103175620245402e-02 -7.317285842504135385e-01 -6.864346263475982202e-01 -9.575565336255229543e-01 -3.711040080508545280e-01 -1.212732906491245100e-01 -5.800835202923551037e-01 5.315758146192688383e-01
-1.982735529871249014e-01 9.587590553874723032e-01 -4.530259231825151112e-02 7.839909969022951230e-03 -1.791061124090973511e-01 5.903626749979178356e-01 -5.978027018491158806e-01 5.033225761673554288e-01
-8.077049297344434109e-01 3.604798548635250732e-01 -2.166237780513344813e-01 2.935658144876120978e-01 -9.541284127756788358e-02 6.519135189568519007e-01 5.506257893988217855e-01 -4.273300879505108618e-01
4.914941711306410888e-01 -8.399822564295940097e-01 9.942389506216837702e-01 1.556875154145407336e-01 -4.897542944007471366e-01 -2.095114833764433193e-01 9.352357840558875868e-01 -3.860841399760970294e-01
6.788236425022844411e-01 -1.820654617108030671e-01 2.430380464645802707e-01 1.210505126375964746e-01 -8.635096800391235394e-01 2.951166489590706377e-01 5.418767157523540767e-02 -3.773553007525525249e-01
