-3.698948973273090690e-01 -1.618041324512693446e-01 -4.208075466567202660e-01 1.379019699248662523e-01 6.485419013668352051e-01 8.953524017154810277e-01 9.967082414391015277e-02 3.953980546855926370e-01
-2.171680660589334622e-01 4.351193121406649045e-01 3.913396319856243810e-01 -7.258806343478478862e-01 -8.744119053089336457e-01 -4.861093720745344182e-01 4.208992432704570241e-01 -1.614313948414745070e-01
-6.624998539899591421e-01 7.954823527936349947e-02 6.990357758166076962e-02 1.461685986712766283e-01 -6.815851855013332905e-01 4.122917861430828168e-01 -7.281978912923812164e-01 8.582305604004847321e-01
-9.638828157413990017e-01 -1.802138171132006139e-01 -5.213696109631746900e-01 -2.328125656877544358e-02 -9.040778059862726312e-01 -5.023183234613126658e-02 4.814875348349829665e-01 5.823833638361808340e-02
-4.967599534938569317e-01 -4.778567993518565427e-01 7.559527511131249877e-01 -3.790281037380118789e-01 -7.820806087809546447e-01 5.462971581207165528e-02 3.651298381376801849e-01 -9.532184382259349942e-01
2.529907439248362255e-01 2.649986184362989050e-01 7.986870247874133799e-01 7.589547731635224448e-01 8.679554619446006036e-02 2.391559248585588549e-01 -9.120753956200133850e-01 7.020076544770044169e-01
-3.058718885592721648e-01 -3.782663715163105955e-01 -8.417856615306440471e-01 -3.351283498991297627e-02 1.431866787452920065e-01 8.106809749586352254e-02 6.214370920871801207e-01 -2.958184954767126840e-01
-5.646583527002908554e-01 -8.312257663464512891e-01 7.093377777589724431e-01 5.019604843334373179e-01 3.754020313738173353e-01 5.947634561665138264e-03 9.744516468603003911e-01 -4.762908524833950885e-01
5.072744334270147260e-01 4.612228083138205648e-01 9.239715546729740936e-01 -2.951547204368376587e-01 2.800947140244955946e-01 -7.416199982344453545e-01 3.827770849951297460e-01 2.800875408219534179e-01
-9.812287851030674357e-01 6.405503683708404505e-01 -3.087875285885024468e-01 5.339193020040484683e-01 6.823901678061188303e-01 5.189398005052447971e-01 5.627346672041964037e-01 7.451715718337279526e-01
