-1.083529399800120530e-01 -2.373996429699394284e-01 -2.622537437949912231e-02 3.837080769999312579e-02 2.045730866965165262e-01 -8.968236295394833579e-01 -2.571885603625769789e-01 -8.790080447805537212e-01
-1.294987904521147648e-01 -5.516794146810863886e-01 -2.193071563068227370e-02 5.859748611402728624e-01 1.245133081799407737e-01 -1.700325538606772824e-02 -4.774492143851407633e-01 -6.646873445305936379e-01
5.302905282680221433e-01 -3.156279096328573619e-01 -3.907989255117476635e-01 -2.625650222997699679e-02 -7.237990177939535030e-02 6.398287420860226948e-01 8.135941261179648887e-01 -3.689143350810724087e-01
-5.667909532598969236e-02 -1.295414889568380357e-01 -8.814851238278518242e-01 7.852132498843595876e-01 4.523355270879503287e-02 -5.035683318818291454e-01 -9.495418881391244348e-01 7.588392144839850584e-01
-5.388243742227709632e-01 2.857505626481147143e-01 -5.027593258881335458e-02 -9.750600832235463145e-01 1.467345708366132317e-01 3.379205561038933769e-01 -8.523167709317598373e-01 -4.262141304769486716e-01
-9.744867819810067999e-01 5.646725275747839223e-01 2.676756639891508804e-01 1.470452045603987123e-02 9.009534153152984892e-01 2.814728079967019347e-01 6.442980374416507061e-01 3.219706178709274003e-01
7.528424302206144780e-01 -4.450705726470816082e-01 -8.764280204964509657e-01 -7.380396095676637902e-01 -6.214370805076534499e-01 9.428717182651829010e-01 5.773321029598683651e-01 5.084056264094527489e-01
2.323497392271232087e-01 1.951449377373930538e-01 -8.209659748107345223e-02 2.825703843653608605e-01 -2.705862343137988013e-01 3.068536828591397203e-01 -6.807583272964345955e-01 3.986517903150983422e-01
-4.592080798928221963e-01 -2.065471997179828545e-01 -2.556504069359020193e-01 -3.375191734733864468e-01 9.359085012474288590e-02 -4.983832232143028396e-01 7.888407411004028091e-02 -1.479067738605563953e-01
-6.827924288453151025e-01 9.722478433011005894e-01 4.208323990161020323e-01 -2.085823946692069164e-01 8.970920200644625364e-01 4.811239759790384429e-01 -4.465270953402082910e-01 9.133459948452102850e-01
