4.801121847773763829e-01 6.614474969749835065e-01 -4.563995665307452043e-02 -9.419149328986540226e-01 -1.247514832405476337e-01 -9.683241681851064708e-01 -9.558544540394400268e-01 -5.257569080711361753e-01
6.272417316309617519e-01 1.758926284448623090e-01 7.801222547586077471e-01 -6.783853466781244457e-01 1.740594911671244915e-02 -1.133652501599939910e-01 1.061326264872137770e-01 -4.889311200454251605e-01
4.279174683427755532e-01 2.120706043572901933e-01 -2.080080254468474887e-01 8.773338809604795951e-01 8.183071201999958522e-01 -9.881132325050316911e-01 2.881725923804112632e-02 -5.200505219959716818e-02
6.014141673555566392e-01 -2.606202940040385219e-01 -7.038289456448891812e-01 -7.842421231600404941e-01 2.575021290478285430e-02 2.064611644344387376e-01 1.057504961753257255e-01 -6.798829077947685651e-01
-7.794986966839676512e-01 8.178520744480617388e-01 -7.566373900850087431e-01 5.117322580564331869e-01 -9.125370280950890756e-01 1.084959601141619601e-01 1.166264927514670813e-01 -4.082572128113159948e-02
4.125501518804524093e-01 4.812652928379039796e-01 8.934821921642486231e-01 6.251948255993817760e-01 -9.813600371054627125e-01 5.132445069098128254e-01 8.054578702846715288e-01 -3.908306683408506732e-01
5.118315356307678865e-01 -6.270939813133766805e-01 5.810974773659616233e-01 1.093179302885167736e-01 4.766939033348172039e-01 7.893890078575771518e-02 -9.826243508555541073e-01 3.645556246537224876e-01
-1.036103338103366855e-01 5.113360029811042651e-01 2.672292187784419681e-02 8.822999204452508515e-01 9.407666094923554656e-01 1.520419840089100028e-01 9.144469767030860563e-01 -1.637108877206945312e-01
8.271957413833430639e-01 6.891802307941619077e-03 1.624139061901241909e-02 9.213147581360512373e-01 -3.733917350414834857e-01 -2.508245116801572916e-01 -5.162891088009613494e-01 -6.298149945199857935e-01
4.014982251543131042e-01 1.042308408897338889e-01 -7.163418488790842531e-01 1.376414812006820920e-01 -7.203877397311666542e-01 -5.634171086310015841e-01 -1.655024834624878594e-01 -2.374525633084736409e-01
