3.061758918206185509e-01 -6.015784577393048504e-01 -7.066083101972278069e-01 -8.979248786010434191e-01 -3.993905163223767651e-01 -7.712606390888430141e-01 4.476991734448416693e-01 -3.556511489207037080e-02
8.685858978189608948e-01 5.682054807054732759e-01 7.500798026107655669e-01 -4.262153002000845792e-01 3.423136632205281416e-02 -2.109273975239316368e-01 6.456087683263582733e-01 8.854625070205528470e-01
-9.116199485671077074e-01 -8.683918507238703732e-01 -8.739870732646706220e-01 -8.215993872646805141e-01 -2.432751413835634313e-01 -3.253078070336565819e-01 1.933960553686122630e-01 5.305671944402130524e-01
5.515244497064264451e-02 2.841425481097308303e-01 5.124854508291634136e-01 -1.033773550584442535e-01 -7.774633239961010744e-01 5.010133733688175717e-01 1.075937069061290163e-01 -8.351580072153328427e-01
8.946167431729321606e-01 -6.211371875786080299e-01 -2.292337171447591526e-01 3.343225042143682657e-02 2.975633158763444364e-01 8.343049096353933880e-01 -3.138115678237873851e-01 -3.707174771909294009e-03
1.715096815663743612e-01 -4.516490238969355087e-01 -8.612167064634590474e-01 5.387521215588593204e-01 5.363963330181913403e-01 -6.874032209112934666e-01 5.277796226467075247e-01 -6.050918092872472620e-01
8.143700597751455383e-01 8.561799518543584675e-01 4.416474816944864212e-01 5.625416828991165463e-01 -3.234594473749914378e-01 3.890459465559354957e-01 -1.888987411010158990e-01 2.995099494209005897e-01
9.674621639623919300e-01 -9.014474078726362194e-01 7.795305975166708645e-01 7.595443688505287838e-02 -7.411248121170181946e-01 3.621837003021213253e-01 3.473502022094123731e-01 2.956011130852784774e-01
-9.520962512764579166e-01 -7.700630632727121228e-01 -2.230071393007084790e-01 9.933561021298058513e-01 1.349273286239494052e-01 7.086888384316964995e-01 7.397219376145653946e-01 -3.264915955443870033e-03
3.891987226863160565e-01 8.561508779831243920e-01 -7.206129230182407586e-01 8.511098819939211246e-02 3.189535260089195745e-01 8.747437394757497930e-01 -7.268462625317564374e-01 6.855192089343373762e-01
