5.735060610407782811e-01 -6.291104708823362923e-01 6.006352349197232598e-01 3.495026968787191546e-01 3.527884180360467692e-01 3.498603830275641702e-01 9.179559410246396212e-02 -5.304170017906446599e-01
-7.901567899695098873e-01 -8.086657324235577704e-01 -8.083954383195808280e-01 5.900318362620819990e-01 5.641424972555082462e-01 -4.239859974803805720e-02 -9.100827712560974891e-01 -5.884368763255634072e-01
-2.433055413724365401e-01 7.347968909391089376e-02 1.528895658628715015e-01 -8.862106448143092230e-01 -8.449540889662032761e-02 5.580360328767992595e-01 5.944276363658427265e-01 5.716117193761416360e-01
2.491131993966255731e-01 1.776402935223193591e-01 -6.146381644579539394e-01 -3.119595152224858836e-01 -1.741442103192620827e-01 9.287548979043669384e-02 -8.275410963689684429e-01 7.339093649209458281e-01
5.287528957537206420e-01 -8.966815951341775559e-01 -1.547525616508877988e-01 3.455592447943176548e-01 -4.247590271083454549e-01 2.349007458834595496e-02 2.249443380651749980e-01 1.787405305457043792e-01
6.260364502453512614e-01 2.229979655819536166e-01 -7.647432850630053736e-02 -7.136109879799468203e-02 4.484184383851952393e-01 -6.836792279380263793e-01 -6.449466416356195442e-01 -3.551965464125146354e-01
-1.539917650035316221e-01 7.322442569531524281e-01 1.477587293032323057e-01 6.846284355164500290e-01 -1.728353600605732066e-01 1.049643789247667325e-01 8.355660604891610443e-01 -4.934126195009551630e-01
-2.442719924173326618e-01 1.082000906493454373e-01 -4.378306965334901601e-01 -6.493231556527647719e-01 -4.371303943193816099e-01 7.415861575279463214e-01 8.878656079427993397e-02 -4.171766550969622234e-01
-9.803760082275312371e-01 7.001307340694558068e-01 -7.590007930590585428e-01 5.307717628849117908e-02 -7.836908126485453430e-01 -4.686546442975354498e-01 -2.901953955740028679e-01 4.494769073694451222e-01
5.934428420418789152e-01 -6.575154316549693956e-01 -9.478332598256153929e-01 -7.005969397672380250e-01 6.864619129990763291e-01 -3.488552900979016158e-01 9.864870013772382151e-01 -5.346045577022795481e-01
