-9.330348141911288806e-01 -5.566091734266320756e-02 -5.599159264219257803e-01 -6.702759434902370028e-01 7.746746463228910695e-01 1.316033094960711303e-02 -1.062980860196791610e-01 -4.836513985637018731e-01
-6.084900974740046209e-01 9.472962967508125054e-01 2.283723852374268670e-01 -4.235443473194040465e-01 5.278275599954318498e-01 4.619930719658857932e-01 3.635831667381350663e-01 1.974114920962444231e-03
1.066163165320594963e-01 9.527981821561226639e-03 -2.121411275630946669e-02 6.469272348951140561e-01 6.191420295259253415e-02 1.847083683168486701e-01 4.218129910127421667e-02 6.639140235805676138e-01
-5.460064254476533208e-01 8.784443623163302739e-01 1.687807333574509183e-01 -1.499227659397042167e-01 -2.877938135928908014e-01 8.387650439299121352e-02 -4.429439102643843995e-01 -6.701453930034277917e-01
-8.407540415914385168e-01 -4.987504063496519535e-01 -8.631840328100337523e-01 -8.806337629950085066e-01 -8.405770735820643491e-01 3.889094220075284269e-01 1.981192589917704083e-01 -8.874213277024602942e-01
-3.095230393374817091e-01 -8.027048621112680138e-01 -5.270419891782129884e-01 1.949416491087558878e-01 -6.054735953030001561e-01 1.149804428351788310e-01 -8.146553642607756718e-01 -7.093679604037845809e-01
7.730281293451557456e-01 -2.703965133964962853e-01 -7.275675346078083194e-01 6.460053007244306311e-01 7.952355965087891665e-01 -2.283566898597706452e-01 3.844751677430502390e-01 4.912961388643721783e-01
-5.241228642895132683e-01 -8.655937119649093070e-01 9.005853975793802757e-01 -7.095333310641480651e-01 9.935527169893112465e-01 -5.000690648209362710e-01 -5.107859377109424948e-01 6.685567507906342577e-02
-5.911285209154737430e-04 2.099370912216687035e-01 7.548148458399932537e-01 3.983964751018973516e-01 6.934087768305641220e-02 -6.294510225789937685e-01 -8.129361292637238279e-02 -9.278676071084546173e-01
2.498998952213808966e-01 8.679346953315700830e-01 8.673090410922164040e-01 -2.620241937394272025e-01 -8.288345171754607499e-01 3.154950744652798011e-01 -1.542651079509025358e-01 -4.149986382170502974e-01
