-4.289400948100552391e-02 7.525780355906133146e-01 5.807988462777986527e-01 -2.947814595551119243e-01 -7.980567988413409530e-01 -3.597305580790357560e-01 -8.929845813300301138e-01 -3.577101534018123363e-01
-4.573936937944944603e-02 5.190900181430095905e-01 6.258003800625020485e-01 2.338523269582815090e-01 -8.929073042106492331e-01 -1.605903843812332976e-01 -8.632691317857585922e-01 2.645016549186638422e-01
6.362283171813367666e-01 9.429716549846496321e-01 -9.257639434578128768e-01 -6.869328188700056792e-01 9.393228650529283907e-01 -5.210062208558969843e-01 8.268674797263440013e-01 3.964999017754466948e-01
-7.646495870037339770e-01 6.367244274303587304e-01 -8.486440784329201126e-01 -3.357228089888004696e-01 7.105766741076249282e-01 -9.977762559822438426e-01 -9.701292793886635568e-01 9.725361988963860949e-01
-4.123961120987373885e-01 6.665946582110071628e-01 -7.475279263110321537e-01 -2.326651197184610442e-01 -1.763853769577643504e-01 -2.072123230736615529e-01 2.961994354775339122e-01 9.239070754129485863e-02
8.938384706599911134e-02 -5.179354729562302140e-01 9.911997136945225328e-01 -8.798432945912555425e-01 5.084222298671319251e-01 4.668733526988186888e-01 -8.698973075573614988e-01 -7.649732364721120170e-01
3.773744616143743791e-01 -3.670398258324907292e-01 6.128372858399131484e-01 -1.258883013288705222e-01 5.573227228301091962e-02 -2.390632748609278213e-01 9.988970542183284174e-02 8.092754540123969775e-01
6.378913071186478323e-01 -2.675186321357678754e-01 6.533352137869257170e-01 -2.551689368129852475e-01 -7.802563912124989010e-01 -9.595550591841628396e-01 -9.399575755845364089e-01 -8.176721167469589435e-01
1.206416304745459023e-01 4.139283141487986040e-01 2.781456513318720791e-01 9.754581184263380056e-01 -6.574678580517387960e-01 -8.239332780036223713e-01 5.953060629203617005e-01 -9.668797969694558070e-01
2.012323579544412766e-01 1.594584973496562252e-01 5.283717110403540751e-02 -5.954930404937297528e-01 -3.453511385706877768e-01 5.751702503282150047e-01 2.839803167609589174e-02 -2.481248562374585021e-01
