-1.980882750634833656e-01 7.775889242241407207e-01 -7.843970011394534314e-01 -6.393454171003765119e-01 3.360410089908971720e-01 -8.856073224722349480e-01 -8.821883204714988658e-01 3.301190191330367618e-01
2.002731319267654353e-01 5.659505821774386547e-01 4.280587948661789266e-01 -7.437804995678591879e-01 -6.826570008384229560e-01 -8.650889056913813047e-01 1.010367985028572946e-01 4.137377633716849967e-01
4.018624897557090403e-01 -9.399466417939450480e-02 -2.759799557456088515e-02 9.469965116076461964e-01 -8.635429560769067869e-01 -1.022359469621789696e-01 6.149630343518830422e-01 -5.211408938549348946e-01
-1.773548063501144689e-01 -8.800785627341189965e-01 -8.898792937675437109e-01 -7.894701874009204534e-01 -5.419166408977720284e-01 5.806563473446442192e-01 2.941079031964877188e-02 4.982285578472707144e-01
-1.163486761736602926e-01 9.762541168930642943e-01 7.069411621909602594e-01 6.159823188817703521e-01 -6.594971039500650001e-01 -4.688364086886966930e-01 -1.327606886518029050e-02 -5.441752362012584054e-01
-1.009015584151804479e-01 9.892448063163694627e-03 -8.024768813214464558e-01 -6.244433306604275646e-01 -7.811468625776305519e-01 8.667049753446443017e-01 2.928712760151244154e-01 -7.807079267464882566e-01
-4.413043828454836781e-01 -9.842376841375670704e-01 -5.960958446433122226e-01 -5.837903931274495140e-01 2.332791105156974965e-01 -4.191906635767326250e-01 -7.946387577765012811e-01 -5.647641812483161772e-02
-6.699422986585610307e-01 2.287179738985809507e-01 -1.002499848854476738e-02 -7.893557679145812855e-02 -6.352443618606478104e-01 -8.058673294336788917e-01 -2.473401596395752300e-02 5.541434568342151756e-01
-4.002017163920283949e-01 7.079127936494249429e-01 1.759141710963596505e-01 2.050881992998565551e-01 -9.058771034199479821e-01 -3.210096721430180100e-01 -9.281948056370814548e-02 -2.537234107730159671e-01
-2.781750548673553869e-01 -3.584239214974858090e-01 2.276459833874078242e-02 9.655710958256733534e-01 4.405891856076848967e-02 -6.838420824852748936e-01 5.496610992024955067e-01 8.162950556243440126e-01
