4.052476474339363754e-01 -8.890736957754730163e-01 -7.129778089611726877e-02 2.954343093730287251e-01 -9.322119730334084142e-01 3.189220502601743945e-01 -2.216221512153113693e-01 -3.483531914803084106e-02
2.022583161585640443e-01 -4.171287473152491820e-01 3.196623639014033458e-01 1.274666088352027771e-02 6.146089674528218971e-01 -4.104863494490436082e-01 1.931234963305865637e-01 -9.323012256965401701e-01
-7.908534602826879922e-01 -2.439676777891153225e-01 -4.229486025317987785e-01 -7.291969986813988669e-01 9.315017945889441098e-01 4.575495464880325880e-01 5.862588817382217155e-01 -5.126433753274359795e-01
9.882964421555240353e-01 -5.112160497461322173e-01 -1.674110327504536588e-01 -1.236207274936258482e-01 -2.788761169490294733e-02 -1.720995675211676179e-01 -3.608270877177346403e-01 -3.118408752769683545e-01
5.523624930311843428e-02 -5.288489996411291916e-01 -7.353536748459539307e-01 1.803109304676255853e-01 -8.541785332130891195e-01 3.918209687415386000e-02 6.714600773120733557e-01 -1.713310478442666707e-01
4.686550158276916456e-01 4.930838690615835240e-01 4.151101185896477475e-01 -3.691158513106500560e-01 -5.117686294445285000e-01 9.822572940401272934e-01 -6.961743688197916669e-01 6.456703784013460012e-01
-9.675598784757388771e-01 -4.710168203773053008e-01 -3.295352124953465633e-01 -1.097740421704895830e-01 -7.236113826981125374e-01 -8.541570228535686482e-01 1.582074665464747731e-01 -5.701314227308689198e-01
-3.928045399472930299e-01 -6.182789422794343626e-01 -3.648868375898162153e-01 -8.963270064672743676e-01 -2.824486016733454008e-01 8.376482895621859548e-01 8.154859277156869535e-01 8.416717633250745401e-01
-1.810570093321128837e-01 1.613839771705447568e-01 7.369157935281911431e-01 -6.093354418719083565e-01 3.593340358097918408e-01 1.095503582967727318e-02 5.159157649233174769e-01 -3.088829855678685288e-01
-3.629476707901768684e-01 -6.811801486108697290e-01 -3.924482449886346203e-01 -9.436680202386154015e-01 -1.828315050912938666e-01 -2.582078548022488373e-01 7.739240180152182624e-01 8.659094196318379844e-01
