9.559422115831690547e-01 5.528024068526322665e-01 -3.188985993822532894e-01 -1.321852850480405017e-01 3.181473201605622414e-01 -1.135375789555310710e-01 8.712048056284007469e-01 -4.838129215108348813e-01
7.984648447926254722e-01 -9.121656319857895934e-01 -7.542340252545660650e-01 -2.440923067742166719e-01 8.939259386384774686e-01 -3.782024559359413729e-01 -6.661764533066552030e-01 7.993398960738535841e-01
-7.075066542125683089e-01 3.788093454948189276e-01 2.712856838574020379e-01 2.761527409127184640e-02 -9.005432414534917385e-01 -7.788864505735808574e-01 -6.467420739483680237e-01 -3.617419367017367104e-01
2.196878115652793895e-01 6.178353487714307590e-01 5.525229709119041654e-01 6.389619206011114549e-01 -2.914463696944566973e-01 1.198159760794577089e-01 3.035862905562543013e-01 -8.789506994942586360e-02
-3.695219219004020061e-01 2.244480875419485599e-02 6.663898507323688936e-01 4.970049160603948746e-01 5.932714301665227286e-01 7.875957707860690160e-01 -3.469022279509030859e-01 6.657599078257347980e-01
-5.186490647178199076e-01 6.455240787581568718e-01 4.500758888608082930e-01 -2.386047021266666235e-01 -8.779280702462408659e-01 1.981577879601539305e-01 -8.425448852572778868e-01 6.274675236669580158e-02
7.937677967400467161e-01 -8.479377160060626029e-01 2.632302771764294391e-01 -6.499249139661464891e-01 7.180117592807200300e-01 2.355275039016526684e-01 -3.122656995879364850e-01 3.054938861728839772e-01
7.263039791576628712e-01 -5.515149229410920562e-02 2.319972759068167356e-01 7.598458636492633200e-01 -9.459527290798772636e-01 -3.642289498599009523e-01 5.415666539348733544e-01 5.264901193747320018e-01
7.026482598020700188e-01 8.316197343560600697e-01 7.706697122571617431e-01 -6.009510180775523569e-01 -9.242758112084594746e-01 -6.030638417479621260e-01 6.225339620459235945e-02 2.989566520032433949e-01
3.705252451685894233e-01 -6.249848697539248654e-01 5.524237238998197519e-01 -6.825028360730298616e-01 2.226486308331689923e-01 6.577517642730168479e-01 -7.339856980587418089e-01 2.103943391517864026e-01
