-8.619455377292004616e-01 -3.064616164282811805e-01 -4.685803607756218181e-01 -9.712026478797395335e-01 -2.797070490241559959e-02 1.562248391389224889e-01 7.726326344798464252e-01 7.197971560188125562e-01
1.066845304579751019e-01 8.136506249965371751e-01 4.745039939668080908e-01 -8.935189546226083301e-01 -5.219016826112996554e-01 -1.516633174886359292e-01 5.372637838942684319e-01 -2.102647895838727354e-01
-2.178151325208759204e-01 -1.502888747539616876e-01 -8.602288306742871260e-01 4.992866859154341252e-01 6.112917104709136851e-01 6.092157362110752761e-01 6.454179578389724892e-01 -3.531520454340428827e-01
-7.972502028643830840e-01 8.115854548352134934e-01 8.427372102063606096e-01 -8.426739549323167822e-01 4.176073118184786548e-01 4.386404335828819612e-01 -3.741369060673402913e-01 8.586761524212525032e-01
-7.998839589052688659e-01 -2.789129212320773377e-03 2.118176535156106599e-01 5.565574525820737861e-02 4.257317819646628809e-01 -4.425057387355035843e-01 6.180136769082515968e-01 7.198359687597344347e-01
7.085078420914614483e-02 2.200374949398771207e-01 5.372026714337807540e-02 -1.202186812724390652e-01 4.905814993419055359e-01 8.919095380297739073e-01 3.492000128107144441e-01 -9.081972131065418896e-01
8.492079955481017794e-01 -5.021055006559442813e-01 5.508068144122852949e-01 9.233015878881971616e-01 -5.002618359797683656e-01 -8.599830596569633112e-01 7.091156841007313361e-01 3.960761635858729424e-01
3.871466743542206768e-01 2.692099982047055917e-01 -5.794027216044024264e-01 -9.829525208440259565e-01 6.659108766143204683e-01 -3.279372041673231930e-01 -6.839465016138610576e-01 -5.124041822536542501e-01
-4.703217639976491338e-01 6.359828416067043744e-01 -8.689901714040835223e-01 5.966462755017529762e-01 -8.255774569223959247e-01 6.836368482371257826e-02 -1.804999195853624894e-01 -3.215325845448664399e-01
-9.279739976340515284e-01 -9.731334356701681898e-02 -7.674656173735996401e-01 4.650658332616244284e-01 -5.588317045465855948e-01 7.132499560058722654e-01 -3.785033369368928646e-01 7.375664603299458832e-01
