5.275087791136594539e-01 -1.849452421504826916e-01 3.001828678628637448e-01 -2.456820169349989147e-01 4.065136507124793575e-01 -3.453618876032049645e-01 7.144463360321118284e-01 1.401703493315451521e-01
9.111977995154758592e-01 5.919371732417655352e-02 5.133094372695550245e-01 -2.893124880937478771e-01 -1.131093149222772709e-01 -2.718521406306824151e-01 -3.609549298151613073e-01 9.090553630279618602e-02
6.463632661439064897e-01 9.733871266562792446e-01 1.201062780832924393e-01 2.338160930109138835e-01 -4.769767205499997331e-01 9.842242845780964089e-01 4.914559261363133924e-01 5.771031655870504373e-01
-7.340737915603592345e-01 8.845002876594245667e-01 -5.219668393384335747e-01 -9.978184347744207816e-01 -2.990056835193042328e-01 -4.404117286173585555e-01 3.718875748394996350e-01 -7.454379584831598571e-01
-2.328130725321049255e-01 2.507582572312494484e-02 6.543356415808001536e-01 -4.174487670832192077e-01 -7.757474094400351738e-01 2.025198542239445842e-01 -9.427799883798091418e-01 -4.927936496227354191e-01
1.298455054164866507e-01 -1.187963160025873322e-02 -4.626030610835525358e-01 -3.537876499275125486e-01 -3.512581540693315851e-01 -9.488369863360466283e-01 2.093371578425036184e-01 2.451426398329310530e-01
2.049262249135888059e-01 -9.799460262219614748e-01 -2.517633404521690821e-01 8.636738863668658173e-01 4.679999789759581308e-01 -8.166838325580887403e-01 -5.249521722840704285e-01 -7.912664095801122954e-01
5.714517347246155232e-01 -7.842119583816011819e-01 7.329361544134831430e-01 -2.129823823765413238e-01 -7.784912359907214530e-02 -8.900094390620054696e-01 -7.346793623824026120e-01 -6.683098382918415403e-01
7.504653475606049007e-01 7.113529241719844798e-01 -4.962427107253115643e-01 -2.454662777641558602e-01 -7.896662420085556189e-01 -5.786617472963249131e-01 -5.130015208806293359e-01 -3.899600302257919537e-01
3.225228130140631588e-01 -8.282662023979932009e-01 -9.695211504296610272e-01 -1.571847850968537408e-01 -4.051109781367396856e-01 -3.996963267256987695e-01 1.766642333069767812e-01 1.035989341602145952e-01
