-5.585820121651654535e-01 -1.005108379499810578e-01 -4.270762358059621011e-01 2.757119104300806978e-01 -4.231126608792301624e-02 -8.605724501273637195e-01 -8.620002498517396194e-01 7.057482781703623420e-01
-6.926547486972722822e-01 6.346868912315206668e-01 -2.226816759688756697e-01 -3.793602490235747915e-01 6.914692149862822212e-02 8.691693952159884606e-01 -1.268966192175480234e-01 1.306065028743079726e-01
-1.996936357485654678e-01 4.014004377746569485e-01 -5.357917203820705687e-02 3.303534917474046928e-01 7.668247148389268908e-01 1.728831917796209705e-01 -1.070099162964999184e-01 -3.705141232176178967e-02
7.344523111059222398e-01 -7.244471490757944387e-01 3.996607508352845173e-01 9.493263610638071892e-01 -3.082492053994854153e-01 -3.961259597474542371e-01 -4.315137654985323756e-02 -6.358505938077669839e-01
-5.768334968172685873e-01 -8.372796388677394841e-01 -3.454524595957728650e-01 -7.890066084258935408e-01 -5.145198155641352855e-01 1.627802688330239889e-01 -7.409682963542720824e-01 4.398034994322155278e-01
9.321294663488532972e-01 7.178802841703619819e-01 7.041014739873681094e-01 -8.377469023726420438e-01 1.794474337071008119e-01 6.024305440303383552e-01 2.127533685085081228e-01 7.029377673641121760e-01
-5.133230593921263019e-01 3.968506005763541289e-01 -8.002110930725119253e-01 6.312794397238181698e-01 -6.076000100826297601e-01 -6.539174967392125115e-01 -6.379699321664293876e-01 5.634033550442678617e-01
1.307545802603338192e-01 7.347426956141300813e-01 -8.353609730262780975e-01 -3.570197458926862577e-01 6.846346367111184605e-01 1.682422454093637221e-01 -8.072193417075712585e-01 4.483291407190947986e-01
-6.422837756724595337e-01 4.356051685712947208e-01 -7.060456321765609111e-01 7.213359200446789465e-02 -9.528256241026828999e-01 -8.738295702014231559e-01 5.606898705016412077e-01 9.849885563837368352e-03
1.315191143219602843e-01 9.249190831419464853e-01 9.636431637084756918e-01 5.033442955321620893e-02 8.786282152907094467e-01 -6.801464175823366265e-01 -1.619368990095517713e-01 8.358272219974616224e-01
