-5.762464844841039824e-01 2.858259150408006821e-01 -2.292166150614964870e-01 -5.064467004322747989e-02 3.582434779619489973e-01 9.309410947109542089e-01 -5.892467747247913668e-01 -7.944829097685575103e-01
3.465031710297223899e-01 5.884536087570477747e-01 -3.068929699847235959e-01 -7.246620706444306670e-02 -2.850427206146544101e-01 -6.093703133136370020e-01 -6.258768410098702883e-01 4.051640060401766608e-01
-3.493849903487700193e-01 4.620435514769534180e-01 5.855819628676224298e-01 5.762555562778708396e-01 4.729336353003830151e-01 -5.992655214044391165e-01 -1.204325309909499708e-01 4.105139466376162005e-02
-5.724468973204408506e-01 2.730776000440791051e-01 3.431230628582064845e-01 4.653246272196824851e-01 -1.018071140633254323e-01 -5.534687628266514725e-01 6.897290172952130760e-01 9.800756116130702189e-01
-4.186150491207563107e-02 -5.512288228467423501e-01 5.024196530531095384e-01 6.354038798026087065e-01 -9.023012029485717456e-01 -5.942616923367134429e-01 -6.632731882030633574e-01 -7.990107888922741708e-01
-6.966806819922470861e-01 3.185128968829433749e-01 7.676866509189808063e-01 -2.978082156351311571e-01 7.706610439808245783e-01 -2.017542485207426406e-01 -4.086639444863582327e-02 9.694959706280632528e-01
6.902947410895219349e-01 -6.510876144434052382e-01 5.892851417867233099e-01 4.350135660375604729e-01 -9.697683852786183056e-01 3.097253783481825895e-01 4.487172560392083120e-01 -3.408857040558044282e-01
1.178824294923248583e-01 5.585145456601205982e-01 -5.386992976206443906e-01 -5.210619908028515379e-01 7.392507682648505885e-01 2.315763021209404915e-01 4.916861625310002815e-01 3.640863328616370520e-01
-2.213571765462738483e-01 -2.659303776045685019e-01 2.438986788751869028e-01 -7.902492206119116069e-01 1.790388638162432322e-02 -4.944492375305076237e-02 9.833626472549301667e-01 4.748403040298194711e-01
-1.952368907585499969e-02 -3.769319716152537136e-01 7.903645419403684258e-01 9.238631863956510148e-01 -1.326899949229942699e-01 5.053345397347772661e-01 1.475596190715455780e-01 -4.974114842122498992e-01
