-9.278391053828325408e-01 -9.039059719107593871e-01 1.381067319151416672e-01 -5.071561723937849653e-01 -4.328342600626713388e-01 -2.326940503816778971e-01 -6.104871983660415946e-01 3.767132119926899225e-01
-6.533798721078616367e-01 -4.490604106402604767e-01 6.106358026403215788e-01 5.007201293174334822e-02 -2.920921651902139704e-01 -7.860494459710729576e-01 -6.005433497050030045e-01 3.652225301791718337e-01
-6.910592659240990532e-01 3.227601922079048613e-02 9.629135021168298003e-01 2.778488551764739523e-01 3.702571316742604424e-01 6.415724306823353817e-01 1.031332222103713558e-01 9.460060787554245287e-01
-8.405183956108872589e-01 -9.283373081619328282e-01 -1.688851522957490747e-01 3.712210817684944431e-01 -5.022227656019768727e-01 8.744655002281538358e-01 1.034341858753888843e-01 -3.299313261172738265e-01
9.434742358661249995e-01 -5.135420555575351820e-01 -5.866147400047410088e-01 -4.471537727669629980e-01 7.446314379222460644e-01 9.419373952514888959e-01 5.572632546945688325e-01 7.595906351857379946e-01
-2.526483116453568378e-01 -8.905420741853491418e-01 -1.886608112730652209e-01 7.077135485721959274e-01 1.625987966699948828e-01 -4.048696360192161059e-01 -8.400312489168273444e-01 1.038272330107772312e-01
5.474442224197404450e-01 2.995600108512836979e-01 2.271785266475645493e-01 -5.401696860578875103e-01 7.081874281520854630e-01 3.417719471836555556e-02 -6.650818864480032566e-01 -3.921765287661655996e-01
-2.922288883823305206e-01 -8.326087373035622186e-01 3.918183775425227999e-01 1.883214920568598849e-01 9.040400688101324356e-02 -5.724085144952597570e-01 9.775516021948771339e-02 -9.739210890742735494e-01
9.910193510684695006e-02 -3.466780129599733584e-01 -7.886635050533175040e-02 9.140731239927857299e-01 -9.877134401373492967e-01 -4.350216211245561126e-01 -4.915658444669277483e-01 5.320859265549064965e-01
-3.557592949026258111e-01 -7.449732282579457632e-01 -1.903670176013103621e-01 -3.426595584757492485e-01 1.641088923372457931e-01 -3.469214967057197008e-01 7.054077446766009452e-01 4.941718675822930340e-01
