-4.997296232162951046e-01 6.367508597758195776e-01 6.976834796175590547e-02 8.045236851144506041e-01 -2.215704807958298606e-01 8.641482762738377232e-01 3.808050857433464831e-01 -1.189457929500326028e-01
-2.131615668897743898e-01 -4.555871502935286976e-01 3.613488627630725425e-01 -5.725061056291649297e-01 5.458767403673117080e-01 6.879690743212742987e-01 8.871617642769413781e-01 2.738188615811614213e-01
4.172044530437712950e-01 -6.981690660270343241e-01 9.544889305756718567e-01 7.573755442974157148e-01 -2.019076732148228359e-02 -4.030920975675322815e-02 -5.522110155490169703e-01 2.370788558623284636e-01
-4.180875170981477318e-01 2.331656383535767318e-01 7.960637218522468306e-01 9.026295125890311244e-01 2.948300954273688212e-01 -4.713880750997336833e-01 -4.142044777697404534e-01 7.949757668265933219e-02
-7.923258226230665002e-01 -2.691256618699642278e-01 -1.788123024533410099e-01 -2.032685349549019360e-01 7.837218664242020516e-01 1.084407553458626161e-01 -6.328710217895241463e-01 7.970767867977692767e-01
8.722166357322846952e-01 -4.392981105295932220e-01 4.339993632270082724e-01 5.692575879403705130e-01 5.454758700003454752e-01 5.180627230318091136e-03 8.637099306758100337e-01 -3.761021251183547243e-01
2.433857466106288392e-01 1.310067762081001952e-01 -9.880937199176695884e-01 9.309596983934174119e-01 -5.407129552993701349e-01 2.624224506889523134e-01 7.934170839837320077e-01 3.531283083824541258e-01
-1.610540639886368641e-01 1.664951473737885657e-01 -2.557073311941095994e-01 3.059031097322275627e-01 -3.976427947034637533e-01 6.818152504768999478e-01 5.352293173860296349e-01 9.339094826267941851e-01
3.206962867466467415e-01 -6.453342246171056562e-01 6.031378036618704197e-01 2.482061180790340327e-01 -8.871548473272432567e-01 7.046180676817095367e-01 2.142918059577074708e-01 -9.754266980343115900e-01
-7.524689398710526778e-01 -7.484252400221231838e-01 8.117916372055566931e-02 -8.803968991120769694e-02 6.640633919588532219e-01 9.844653687115831886e-01 -8.453457189701052421e-01 -1.726224996947207657e-01
