5.197762143194866180e-01 -3.077222958993186541e-01 -2.540382434173171777e-01 -2.416014766029725980e-01 4.112884553245159669e-01 2.464334696204424358e-01 -2.596756719545236791e-01 6.568262476691126839e-01
-9.900626220407913181e-01 8.278324890834329874e-01 -3.430372514700557041e-01 -5.872130904623529268e-02 -4.966061381691395660e-01 -2.337433537587587651e-01 -5.852466100512707659e-01 3.440978074874956327e-02
-9.195658775974935306e-01 8.671646728413420213e-01 8.513434657452849663e-01 -9.885236231848495425e-01 5.184218355864689265e-02 -5.430010325332912391e-01 7.580870419061198628e-01 -7.359937549290107572e-01
-9.007640773576646165e-01 1.978550357357145018e-02 5.937980471065056332e-01 1.616400729598832520e-02 3.545460953608488008e-01 6.367635151217350131e-01 7.597585752572728612e-01 -1.706146851071044246e-01
-7.638081997217722741e-01 9.206024828105818791e-01 -3.082340644723589040e-01 5.545888571748107676e-01 3.717668192238354763e-01 4.414526200396975408e-01 -6.715964967325060986e-01 -7.197704183789632726e-01
-6.405516254247036745e-01 4.366487071121811780e-01 -1.116763791170674036e-01 -8.205817614064367937e-01 2.964427106687015367e-01 -3.272138507808541874e-02 -8.005903539541676661e-01 -6.830235951349086232e-01
-4.046115246426980061e-01 -9.766846773977657659e-01 -5.205498023345653813e-01 -8.354772174603746215e-01 5.933163530598499769e-01 -7.826966795146554912e-01 8.853781127416562313e-01 -3.501275627725970452e-01
8.048693312002848099e-01 2.014229882515850001e-01 -2.064673052173982004e-01 7.595291558269994248e-01 2.140761065878544755e-01 -4.892329712768930250e-01 -8.253331078202268412e-01 2.695680546312750892e-01
2.497513990438626763e-03 7.078780258155734639e-01 -5.667876193052185929e-01 -6.343125055966196690e-01 -4.666868418791203510e-01 6.297458399329762813e-01 9.962315712597205053e-01 -6.566157287189080538e-01
-8.082526678054937630e-01 -9.207774650565290209e-01 -8.103040564066188445e-01 -3.077269265416682220e-01 -7.273835701905844164e-01 6.630399509165059158e-01 5.872001664192814108e-01 -7.647165015155297230e-01
