-6.793397479801506211e-01 -7.503055844584787248e-01 9.711019980269679497e-01 2.104924923535227421e-01 -2.960261094360372436e-01 4.456038057864379898e-01 -9.548331883787972707e-01 7.357639769588166789e-01
2.947786478925742415e-01 8.344924200739083364e-01 -2.621046876163222183e-01 8.152130882707964155e-01 4.234750229570891644e-01 4.241725002927072552e-01 5.908850506550402670e-01 2.651457724117036729e-01
6.234473629057657451e-01 7.456087233986186114e-02 -1.939256922189971366e-01 -9.205931876539377168e-01 -2.150584806435653640e-01 -9.431573337608085694e-01 -3.532094930162732460e-01 -7.981956353132146909e-01
9.409833135523453240e-01 8.031112910659865545e-01 4.217638417907221271e-01 8.175716292654107153e-01 -4.191149469868431510e-01 -3.954499770691763949e-01 6.230461310055306345e-01 -8.827407340687329906e-01
-3.032021678278344901e-01 2.938622684230984827e-01 2.785327299864701622e-01 3.050310417721877609e-01 6.562871018114699861e-01 -6.022961291010660023e-01 7.275687107912001128e-01 -7.867912200085493968e-01
2.808520929179567638e-01 8.050595338962083236e-01 5.154208931319312903e-01 4.573746121628359251e-01 3.767497772290582247e-01 6.483051299500695031e-01 7.448115452097476830e-01 -7.478179530899358163e-01
3.298178308751773535e-01 -8.280513546348038378e-01 -5.623780337969574994e-01 -7.777693062814086122e-01 -6.450720758909489483e-02 -1.304381922582440456e-01 4.593221884669589361e-01 -5.563250603637674985e-01
-3.021161340670452944e-01 -5.229386813846008675e-01 -2.927256130196136397e-01 -8.739507456346160552e-01 5.848481522786439513e-01 9.270952402175709484e-01 -6.383159070325243878e-01 -7.670446364116108029e-01
-7.322554429627463612e-01 7.420071471431644028e-03 -8.217794069908634924e-02 4.310331871939130366e-01 -6.671096802930491787e-01 -3.875224146625664279e-01 1.151272246714520886e-01 5.898150948472451471e-01
-9.831124303580345281e-01 3.512746560552226782e-04 1.489520385275386882e-01 4.804094485832999251e-01 7.801510139336789162e-01 -8.504691684492593495e-01 8.668185905217549170e-01 9.031428420033775772e-01
