-6.836074197321788670e-01 9.934538985213834383e-01 5.790417826994251893e-01 1.274748933046931931e-01 -5.482306233678013729e-01 3.735242122943467358e-01 2.810296367803708506e-01 4.246550314918857705e-01
3.046489614285621261e-01 -3.025249321058811613e-01 -9.019097802305171552e-01 -1.824525069458777793e-01 5.870713960316691349e-01 4.011615458101136511e-03 -7.286855714803075479e-01 -1.568838507043157637e-01
8.858740054794047580e-01 1.074279165436302641e-01 -2.352035365408233769e-01 3.165960075408562613e-01 7.148009045810066464e-01 -6.909304686364330372e-01 9.674558391189327367e-01 1.287147982470251417e-01
5.417696008733388080e-01 -9.788394441363834630e-01 2.762140885685950842e-01 -5.969431550355213112e-01 6.100234485154465425e-01 -2.576096127935316726e-01 -7.679572674301640145e-01 -7.949184528532104999e-01
-3.668503719904636640e-02 -1.146249006632147349e-01 4.804427040933796356e-01 5.856626874520776127e-02 3.092769657714160569e-01 2.921225229896440290e-01 -3.685922236640073457e-01 -8.085422994788120654e-01
4.735030195980240997e-01 5.361698103945680138e-01 4.945615153553140075e-01 -9.698988311243184057e-02 -5.315128286725694373e-01 -8.377571541327788474e-02 -8.921147434236651463e-01 -7.556086827083636770e-01
-1.228381635007731454e-01 5.564370933953570741e-01 -9.176736801067084670e-01 2.956960607157421705e-02 -5.844005979447117749e-01 5.332121897285235779e-01 1.893878258845482776e-02 8.809086161842856200e-01
-8.022826077704316994e-01 -9.252030117780529750e-01 -1.113529908409265357e-01 8.898971365484544815e-01 -4.667763041811394675e-01 5.964961909480013258e-01 -1.892974080042264529e-01 -4.457853547400405514e-01
9.278652798254136691e-01 -5.206966998296824745e-01 4.979498586293928941e-01 -7.530536049535772047e-01 4.918850744453056034e-01 2.774274785773143126e-01 3.168862504649940792e-01 -5.972556357836709129e-01
-7.743381051368709578e-01 6.381349958835687008e-01 9.823236202109757453e-01 7.578849869547994444e-01 4.925612394880591882e-01 7.326361061813797537e-01 4.639938826727301180e-01 1.059333325260778391e-01
