6.140114480441234424e-01 2.925352435203809609e-01 -5.605777712840516180e-01 -8.413389976992855512e-01 8.596950700919832045e-01 -5.534969865791923294e-01 -9.313433951631471253e-01 3.098811132258247891e-01
9.392971379955949995e-01 5.427630780166361468e-01 -7.777237204378866231e-01 5.760985316345712537e-01 -9.595021877332885474e-01 -8.096984476904780514e-01 -1.283061838781995867e-02 -8.108092584333057573e-01
7.071271571684023538e-01 7.198741413852991489e-01 3.464562574067731049e-01 4.513778782773760767e-01 6.086086484974919664e-01 -1.782922837113889436e-01 -8.037849138106971658e-01 -5.710105472820892203e-02
-9.123917713891647185e-01 8.862100566288739767e-01 8.929324497229520485e-01 -5.087583508148301181e-01 3.102974597583405547e-01 5.685618940230243723e-01 -3.033661521082797741e-02 -6.887707976953945099e-01
-7.676372690877029115e-01 3.925866892734612978e-01 7.530474631589478829e-01 -8.042561919204502807e-01 1.011517680063844793e-01 4.516692968913706974e-01 1.432222043174329329e-01 3.086278619645306254e-01
-2.937615327997411541e-03 2.050589551247896658e-01 -8.180054473176907592e-01 -4.337412536186115997e-01 -6.064931435393927650e-02 -9.389532211726427935e-01 7.108997015191076407e-02 -6.645676641251947458e-01
-1.254190288975265410e-02 9.224589330039707491e-01 -1.940131217922629325e-01 -1.622607022351272299e-01 4.464664707578609448e-01 8.428203917283543234e-01 1.162782947461047378e-01 -7.024423710484395400e-01
3.624840099725517018e-01 -9.764735447927603840e-01 -7.236450745073745860e-01 -8.117391375445270896e-01 8.479571067484701352e-01 2.288328693420591531e-01 -9.113666389115682165e-01 2.814519430463733318e-01
-1.181559749393343850e-01 -9.000545160111343979e-01 5.177626323615693860e-01 -3.612195980743484469e-01 -1.863670573782041373e-01 -1.050907001966514542e-01 -7.241663696907441050e-02 9.332760041611345425e-01
-9.455726898744716280e-01 2.395654113660534712e-01 -8.398492350625648140e-01 -7.806392755263458216e-01 9.711940942496677387e-01 6.658489067250987770e-01 9.644043826355641613e-01 2.984691000918400228e-01
