4.833233038193780473e-01 -6.377867971069361985e-02 7.773213080382044282e-01 -3.797768683214715058e-01 -5.743794704547995345e-01 -5.306271217633273807e-03 -8.567991447621332579e-01 -4.859577561546297719e-01
7.257126130323319213e-01 -9.320615616383569613e-01 8.223422808843972032e-01 4.212763869588540544e-01 -8.933330053656922676e-01 2.234701430482299855e-02 3.251975150209918120e-01 -3.784769078286382982e-01
-2.104274830281742670e-01 -5.343753826129840068e-01 9.233113084738020504e-01 8.134254410062669027e-01 8.358129227933348560e-01 8.174400039460552048e-01 -9.850062677860702554e-01 -5.684364018370402505e-01
-6.442005308431757449e-01 3.301226672316814881e-01 1.504908201353847286e-01 8.621405096918508537e-01 -9.839722210385311030e-01 9.959323236673562896e-01 -3.235506320157477411e-01 -1.894660437183404156e-01
-7.124151088898256212e-01 -3.071652356827698771e-01 -5.328543077570906394e-01 6.289352184742862395e-01 -3.042016902104385245e-01 -6.234351748405113636e-01 -7.578281590492035313e-01 -2.405754364345935592e-01
-2.711362109345252236e-01 8.662489954847343299e-01 -8.869152578288876931e-01 8.658193711749513355e-01 -8.360798520109069543e-01 -2.446354164360897698e-03 5.903989888612004577e-02 -1.663521555029185972e-01
-2.583115257719534874e-01 -8.496688528661395789e-01 9.112567098732240467e-01 6.366909392327246842e-01 -4.844625686600971814e-01 3.727003352021076577e-01 3.524178275218261547e-01 -2.476948471083746384e-01
-9.544820565996967598e-01 2.104832237767162439e-01 2.702578690090462477e-01 3.375308326681838444e-01 7.205465606658720823e-01 3.798727211678933902e-01 -2.679165074649692002e-02 8.119583619164003618e-01
3.142392758924121843e-01 2.618089616517311757e-01 -3.453375638301348083e-01 -8.866010317865151702e-01 3.066634438427389142e-01 -5.718507810372075451e-01 -8.984121112193614866e-01 4.967102564356804528e-01
-2.106658109579417903e-01 3.602617942175581067e-01 9.140096508564456990e-01 7.811003102143077026e-01 1.920482552954045907e-01 -8.211392903033376545e-01 1.555733689215190729e-01 9.106457155212719368e-01
