5.080425704724103042e-01 -8.652674934315600641e-01 5.492261863105747377e-01 5.008896109755456294e-02 8.961126187551680111e-01 4.458448429629424670e-01 -4.247320737562458870e-01 -1.179571202488254311e-01
2.956553857791810458e-01 8.900572450054651252e-01 -3.278657432172642494e-01 8.342412334557118836e-01 8.456610077064796727e-02 9.258746242926552128e-02 5.309497731710597357e-01 -8.568161623983472364e-01
7.872474489548662024e-01 -2.953409132928346281e-01 7.540497959193550592e-01 3.155018731036316471e-01 3.868644910646250601e-01 8.472464626160638446e-01 2.317904477362509041e-02 4.969912017337592136e-01
3.110063167827950004e-01 -5.832964575038566135e-01 3.880607105373166110e-01 4.921749823058141349e-01 -6.150097087565391529e-01 7.914800576654084097e-01 7.970582555666445579e-01 -8.353241829487865200e-01
5.691978315127665944e-01 3.583550017752321626e-01 6.875237159176665891e-01 1.105800526477889179e-01 -5.605982026433657950e-01 -9.837820916548085659e-01 1.101393751272912169e-01 6.550188149270332882e-01
-6.436412157002437961e-01 -3.517816330082885745e-01 -3.598379803640958663e-01 -2.718810013593790931e-01 -6.518707814674893353e-01 -7.175794380241600212e-01 1.581873824275354945e-01 8.976951679382751959e-01
5.001376830041865951e-01 -5.853041399969256542e-01 -4.393044594133979075e-01 -9.515364410984483712e-01 5.966760409660141207e-01 -9.853868854099732122e-01 -8.804460745626572216e-01 -7.676560869328290515e-01
8.210455964268745799e-01 -7.282004429287487479e-01 -5.904663952909883218e-01 -6.787254072985764441e-01 5.321526812779431292e-01 4.885833975187092726e-01 6.700472659658884833e-01 -6.604923566492311160e-01
-5.883160923282506616e-01 -7.746312301620168483e-01 -5.833028270388282976e-01 -9.529875561538496687e-01 1.272658576526226604e-01 -7.431659431953403505e-01 7.960950896103309304e-01 2.644369962698747134e-01
-8.849039504032791825e-01 8.587137150125372376e-01 -8.515686258393175834e-01 2.788947430048025478e-01 -3.398301731605331000e-01 3.668221353412937091e-02 -1.452275348456926185e-01 8.791949945478929607e-01
