-7.773195657504459177e-01 -3.559627659108433040e-01 1.849807713721549618e-01 7.517976434354847193e-01 5.468542125579036739e-01 4.630376732339902546e-02 -7.280463817153259853e-01 -5.741289334122388066e-01
4.370152217192109223e-01 -9.035817650584543337e-01 5.630251933940684239e-01 9.350279153310445679e-01 3.857565553487491972e-01 4.177562008390485193e-01 -2.281627228703035914e-01 1.858162192152528203e-01
-2.018196848031506008e-03 -3.142762097439253388e-01 -9.432906238047804592e-01 -8.558577941444713844e-01 -9.429394278646614502e-01 -2.616311775031234799e-01 5.065555199475493264e-01 2.269778149728385319e-01
-4.052363110994636752e-01 4.009741954340282355e-01 9.244455350782021519e-01 -9.993930234502599319e-01 7.082521566944859348e-01 -6.162339782861276927e-01 -3.010452761743713790e-01 4.915987624432094361e-01
5.686148404643840415e-01 -2.262450514627125653e-01 -4.381470327068597292e-01 -5.684019095466685823e-01 4.000098906849107738e-01 -3.932293672242723748e-01 6.028258519755960165e-01 2.918004117631121108e-01
5.205488144370233883e-01 -4.256350640805457441e-01 1.640834795601624485e-01 -4.940594313319450759e-01 3.920571464714079912e-01 1.159647366191365325e-01 -6.140561015256928989e-01 8.762699090405867697e-01
-8.985986079261696347e-01 6.140631729244951931e-01 -4.806469800355166466e-01 3.507604607960788101e-01 -8.126384040257650376e-02 -1.512059428051049093e-01 2.272612102892361818e-01 -9.214665325383575301e-02
2.911485040783003964e-01 -1.659589851479617018e-01 -9.467564462294140171e-01 -3.283638795859542547e-01 1.746426259282831683e-01 -4.500010731235983830e-01 -5.363304528081225264e-01 -4.179029151440529777e-01
-5.120163325994246950e-01 7.576840058878835382e-01 4.296658059383688943e-01 -7.628432377423612909e-01 5.180843047264525048e-01 -4.455068704645297473e-01 -6.523468559429439484e-01 -1.679205137106998258e-01
1.124782643805737337e-01 -5.303244781068416902e-01 -2.624027925288445751e-01 8.407978166726883806e-01 -2.572293629922974834e-01 -3.956854955972159971e-01 -2.389734585771661202e-01 -6.299568641009933856e-01
