-9.694344847202389648e-01 2.025932973080912802e-02 -9.410478917851734515e-01 2.514567826264089145e-01 8.556591595852014454e-01 -1.821940036942724106e-01 -4.861509067483975599e-01 -5.368767797040416845e-01
-8.979730885407997132e-01 -8.464408805207486175e-01 3.284904115705999939e-01 -6.392605724475659557e-01 -1.978210072382238227e-01 4.885958786942610210e-01 -7.150273867818821572e-01 -2.011171754753959817e-03
-5.076323205881385636e-01 7.853825738828998926e-01 -9.791772765195265738e-01 8.434836314718003880e-01 -4.812036414402689477e-01 2.906547031674553416e-01 -4.958839196030331298e-01 8.882281606537649754e-01
3.052407771348297771e-03 -6.522647783526485110e-01 -1.565075378684936958e-01 -4.777000866827239012e-01 3.069710756014030206e-01 6.695016330478442690e-02 -1.351705754138361470e-01 9.245680755390184302e-01
2.519268502923608377e-01 4.925068610384659706e-01 -6.042708744303759705e-01 -1.841977841406596816e-01 1.435717433821595002e-01 2.504212647380943402e-01 2.380208767175981954e-01 -6.990796101631062687e-01
-3.551532935932382173e-01 -9.556985008606440068e-01 -1.637871189908750580e-01 -2.043861834579778769e-01 4.539036691960616210e-01 8.735007475723364223e-01 -1.883550652241372525e-01 -7.317580726503547517e-02
4.044031185495975400e-01 7.348254739668822477e-01 -8.319768752384042454e-01 2.739172921345289780e-02 -6.708215878262180354e-02 -5.384465172534729227e-01 4.003361572812207392e-01 3.964424331923814826e-01
-1.198680905473596958e-01 -4.613438433013161699e-01 2.492825364520521170e-01 6.884162819497885444e-02 6.847670028769232697e-01 2.278387553288323542e-01 -2.087707761873063284e-01 4.016358752536925980e-01
8.472690498934958292e-01 -5.571709549459904487e-01 7.756816645732256266e-01 -7.280443344326394950e-01 -9.947525987612702014e-01 -8.179761653732910975e-01 -8.282941303011208678e-01 -4.458409315749654045e-01
5.136256821910383241e-01 2.699183139606122772e-01 -6.911405817863813805e-01 -4.706430930196363605e-01 -7.779645191251427505e-02 -1.915443845594160255e-01 5.710611363396036477e-01 -2.741162048991543365e-01
