-6.629195234388902680e-01 3.640393197620261923e-02 3.060846804917494168e-02 6.021047105793682075e-01 9.284448199765020782e-01 -1.301699082196035029e-01 -3.188250438208486415e-01 8.582711526857349504e-01
-7.094140366620473870e-01 -4.077411088666109684e-01 6.689394481067292286e-01 3.603206904926519183e-01 -5.503346500132879626e-01 -9.471212350852178385e-01 -1.719255071979812755e-01 -5.979347964658354719e-01
-7.196867744345070150e-02 3.384561325440524904e-01 8.658925294438819531e-01 -2.418673642250961375e-01 -7.695590542491246300e-01 -9.187753239619882439e-01 7.941438789268140397e-02 -9.086103841421717675e-01
6.294026498206006792e-01 8.757576739005790145e-01 4.750537358771940166e-01 6.465086869394067737e-01 -9.164280434971794342e-01 -1.058908793648651869e-01 -7.043072307077820060e-01 -5.167897253091939813e-01
6.506718449025172823e-02 7.833239712712414260e-01 3.749450101204303554e-01 -1.644287654476488392e-01 4.700426194889293363e-01 -8.637053993116352579e-01 8.835001904554897756e-01 -3.434295974353618330e-01
2.195584782384776279e-01 -2.753281516548211627e-01 -3.352394897176955713e-01 6.874115769675235299e-01 3.313809872723250116e-02 -6.836289492011895508e-01 9.157660998398282626e-01 4.195508281876085821e-01
3.824826073926308467e-01 -9.690242828785706752e-01 -7.641502702527773749e-01 -3.846288095264494000e-01 -5.059105237930694443e-02 -5.916841051636596571e-01 6.436416031041565233e-01 -1.568564014533850859e-01
2.944427136666036837e-01 -1.332937721536229247e-01 7.569884903339132443e-01 4.348424511255595259e-01 1.344496812650113338e-01 -5.510907623468797034e-02 3.363448218511406740e-01 -6.660203422987149846e-01
9.599747950510089112e-01 -4.098457955056853397e-01 7.585162408104888510e-01 -3.177033748821491699e-01 2.340529922013407926e-01 -3.532745978328990510e-01 8.637314217726372867e-01 -5.667899430640233049e-02
-9.121474591490952299e-02 4.076705032762539815e-01 8.276044831706637073e-01 6.552180091279686813e-01 -1.078144261863012154e-02 7.397748060470910048e-01 -2.436196198819229330e-02 -2.758541495061890281e-01
