-2.220709112065435420e-01 -8.374657890218357714e-01 7.001712085237596916e-01 4.278113289663980634e-01 -9.740245004983010269e-01 2.530966456416590127e-01 9.958504380366626219e-01 5.560127709878164293e-01
8.678920096594768818e-01 -9.944637014830532973e-01 1.046946648487883103e-01 -9.256805662291456294e-01 6.715914371576017228e-01 3.407500489075434569e-01 -8.673527475369671169e-01 -4.986948203017123049e-01
-8.005054099798243339e-01 7.936961309514110052e-01 -1.173798752811803237e-01 1.293780547331695452e-01 -2.058087943700539491e-01 -6.892892933608782968e-01 9.653111392136628499e-01 -7.627169899770007699e-01
7.034532365556582789e-01 -6.017703713048150327e-02 3.096042233826128420e-01 6.057151612131608243e-01 -6.373062211267501720e-01 1.190282351213323153e-03 -9.229769025854901443e-01 -1.262360552618972953e-01
-1.986899583385826062e-03 2.046563463953114947e-01 4.574766642537162475e-01 1.776446267692670666e-01 4.470069181285190041e-01 2.101327639913996848e-03 -6.560337195439975844e-01 8.216695946332854827e-01
4.545288238536828729e-01 3.897552026051975815e-01 5.270331818750140229e-03 8.346192732382091695e-01 4.155521536321775677e-01 8.290310504109887901e-02 4.723258049214087428e-01 6.839635411913524976e-01
7.603718960970116125e-01 -1.481751991040842764e-01 8.587207685227831178e-01 -8.607132433235396007e-01 -7.226299837927205871e-01 5.499050844453299280e-01 -5.995439569417702064e-01 9.683817570280073284e-01
-1.274889821947995383e-01 -9.768542803866142599e-01 3.547831460737724818e-01 -2.195752983936474223e-01 -7.087916763848554069e-01 1.965304860524035302e-01 -5.463144835941955435e-01 -6.174649721879710285e-01
-6.454318117186232939e-01 2.737761124166000481e-01 4.539355078318298986e-01 -8.886343734117789772e-01 -8.678150823327688279e-01 -1.791485628917206530e-01 -6.470837980198020922e-01 -5.493904468848189726e-01
4.697280299214483534e-01 -6.561691229899011546e-01 4.652333397263217485e-01 9.918507175274269283e-01 -6.065508571426070361e-02 8.606682274413965938e-01 2.967966252867166865e-01 -3.676481291524389405e-01
