-1.949018466995717791e-01 9.421736951406001204e-02 6.757861845807151546e-01 -2.220929638488351454e-01 -7.707498662207681317e-01 -6.510874955721188684e-01 4.225756766187547253e-01 5.513777068785792324e-01
-2.080997292464459303e-01 7.488248440925133753e-01 4.111594698127438718e-01 5.395659399465060346e-01 3.968507908225982206e-02 -9.861670908411648284e-01 -2.851925315259440374e-01 7.097978198830139362e-01
1.297576753487643675e-01 1.059602516637161429e-01 -4.706660117384251496e-01 7.792711674623709062e-01 5.612611610000224349e-01 -4.201237816810152736e-01 3.174273894590222689e-01 -4.832124686880108211e-01
7.112867328430736436e-01 8.896247091113722583e-01 7.481392944646523269e-01 -1.862445645415049533e-01 9.480940684736551827e-01 8.126935879876131530e-01 2.907341781907799572e-01 2.017227469859153022e-01
-2.520125883553507862e-01 4.646525631614817353e-01 1.247120337302582982e-01 8.852180421834827673e-01 -2.807118558968544342e-01 -9.591147433160316371e-01 -7.698764080869073823e-01 -1.900562504046070522e-01
-4.291530860653569590e-01 9.601295499575348558e-01 -5.371117599497441386e-01 -8.578434687945919457e-01 1.429685911127553943e-02 7.884566280381728465e-01 3.735497691204379134e-01 -6.190655932097797187e-01
-6.846859713600801367e-01 -7.311422447699253979e-01 4.676358008610970174e-02 8.140105997632953727e-01 -3.670032850639977084e-01 -7.639546771067913244e-01 3.410524951448168363e-01 -1.985497983567223734e-01
-7.513954033953809120e-01 1.892690018603992996e-02 8.345121575232103961e-01 9.150378331808721732e-01 -3.425878565549180799e-01 -4.825755213327467263e-01 9.838783459617819194e-01 9.894248224381696488e-01
3.219915269733955032e-01 -1.165946087143936438e-01 -5.741911913529063050e-02 -9.554568484913223969e-01 6.621063966542970469e-01 5.575635926787430030e-01 -9.124395359572790021e-01 -1.514519161551608484e-01
-7.158336727078868922e-01 6.385641744501537875e-01 -4.174407859181257230e-01 -8.985620004575967101e-02 -5.336263321258170045e-01 -9.461193125978546448e-01 -6.684450637696848219e-01 -9.486447059087070866e-01
