2.583556655165344385e-01 4.681680077799663664e-01 -6.898647238051074382e-01 -3.064563812131475551e-01 8.977699793148123941e-01 -5.446027843725858020e-01 -2.856954428389797407e-01 3.934590067169525529e-01
4.957193725091313397e-02 -4.845653975874590902e-01 8.662994409821558328e-01 -8.585324029884418007e-01 9.346579140429187582e-01 6.396786077676375193e-01 -1.898134839619702863e-01 7.494439641970389587e-01
-5.509162900872268676e-01 3.177168639882308465e-01 -1.131724870140700112e-01 1.175363081300186963e-01 -4.228906494945656735e-01 -2.006688350349716821e-01 9.200817805346004352e-01 -5.311147528284916319e-01
7.945401296726086748e-01 5.223654915273310273e-01 -8.956484480411788240e-01 -8.022542086071848821e-02 1.206339082984295707e-01 -8.426915845816995709e-01 -5.659160487901910841e-01 5.621862270850064291e-01
2.415870694706654387e-01 -9.493502039739871723e-01 -1.813060542405804387e-01 5.357875473848794368e-01 5.590905104511851853e-01 4.650450114096078558e-01 -4.001001264939454405e-01 -8.479997735093247613e-01
-1.131635568704438821e-01 2.178727199813055293e-01 -1.457373432321351636e-02 -4.253154920658561711e-01 -6.998734746299530851e-01 -1.186590556011006825e-01 -9.717589774855328599e-02 -2.258536907411712313e-01
-1.001557772256633783e-01 -7.244421542493268973e-01 -7.792988968197078758e-01 8.586402318347996498e-01 7.582609198092631342e-01 9.429347959933529477e-01 -9.271844342070760803e-01 -9.566714397600444286e-01
-4.217207645704226238e-01 -6.936705654462684834e-01 2.558367978705142765e-01 -6.285208869060852077e-01 2.566150775285971353e-01 -4.342673276325308418e-01 2.561119164311840279e-01 -8.224294665849307684e-01
3.705784601329575878e-01 9.383345074181863588e-01 -7.769442715580876513e-01 2.179709103261309178e-01 6.699508195408032662e-01 -1.090312979215226630e-01 -8.309157242392413156e-01 -1.562477680995062457e-01
8.567648876378626266e-01 -7.437795280452390578e-01 2.205595412063092731e-01 -4.504060234847691024e-01 6.597227249793189419e-01 3.363883976843387025e-01 -5.198859113571430157e-02 -4.761487550603600294e-01
