9.754685071945143893e-01 -8.475954773940854725e-01 -2.228038818497035667e-01 -2.904443025822791569e-01 6.911081916690489102e-01 3.247791075615760192e-01 -2.548679930733448451e-01 9.013297983466583840e-01
8.905258486639962001e-01 -9.630089895663132005e-01 -4.585567152584941741e-01 3.881799378736743300e-01 -9.053850784609145386e-01 -5.427677289487764511e-01 -4.717188528994391561e-01 4.473256323549454905e-01
3.915109438516406470e-02 9.984700062360474249e-02 -5.184073644851014961e-01 -6.655172441969803288e-01 6.092583868502883249e-01 2.910568903995991441e-02 -4.507526061694178132e-01 -9.305555918882486566e-01
-3.618151117013945761e-01 -5.871202270623299135e-02 -4.259200612449109968e-02 7.383120361047925684e-01 3.716688199609492482e-01 -7.470005979776825900e-01 -6.677733783242119081e-01 5.479384804650007101e-01
7.674907287847243520e-01 -1.049008546025480548e-01 -8.129670002092257430e-01 1.649433924699497123e-01 -5.111066984594605511e-01 3.670865724020089260e-03 -5.250740413890346847e-01 1.030932801570736412e-01
2.576350626745143035e-01 -2.763060446208940313e-01 7.801887203820090377e-01 -1.065843698907813497e-01 -8.510777599375769498e-01 -5.244175633732557351e-01 8.630812815034654140e-01 7.261605501638008775e-01
-1.976387387023670339e-01 6.446346832328415655e-01 -7.521567905564447987e-01 5.567837423975954270e-01 5.750956272820246795e-01 -1.442076631058573088e-01 7.605087339678007208e-01 5.348720375756583767e-01
1.404961247367084720e-01 -2.555129611899333852e-01 6.923838653022615919e-01 -7.892461102432213327e-01 7.668076330392521456e-01 -5.575050717963037084e-01 -9.648902156401715224e-01 6.183604151953174810e-01
-3.926391011601806369e-01 3.004621676767991190e-01 -9.039224667904790511e-01 9.606466218609042151e-01 -6.206197703259757059e-01 -4.449815263451586400e-01 6.912045769084997904e-01 -9.269295666440728887e-01
-6.830294382850501389e-01 -3.362687820884315837e-01 3.893404806071920632e-02 -9.430989417286217424e-01 -8.580335304540966934e-01 -9.110255427057476485e-01 1.974813613781116750e-01 -6.395918514472143102e-02
