7.712880848034171510e-01 -6.172905299760662601e-01 3.435743589039566004e-01 1.410252950822055151e-01 9.397815121680848094e-01 -4.413211369585559041e-01 5.448431094096137794e-01 -5.891400397762724950e-02
-2.540635082677065171e-01 -9.762353304169315571e-01 -8.466408424689284562e-01 -7.684027064471536939e-01 -8.416781827452850528e-01 6.563156965269230092e-01 -6.279225798032350703e-01 7.670243027403451652e-01
4.895104293723298028e-01 8.654678549823791034e-01 3.578301925214910639e-03 -8.184344885895296073e-01 7.366966614818990511e-01 -7.602735886737976845e-01 -3.179653390163339477e-01 1.926990220589976932e-01
9.455876738770456758e-01 9.109483503508877256e-01 -2.037809398081915635e-01 8.865588581470742469e-01 -9.545185384503662718e-02 6.506685347945448950e-01 -7.985762130553202276e-01 4.813453839053922767e-01
2.099299173944138008e-01 3.842187003366186460e-01 -7.020946532545302432e-01 4.765977787619106731e-01 -9.723167235296090727e-01 1.379918581482009188e-03 -6.573891117941599305e-02 4.724739409947560365e-01
6.718734884351567072e-01 -5.100485001878072300e-01 9.132466252016036012e-01 4.772656605286740295e-01 9.300210708254508241e-02 -3.855865405523291045e-01 8.792796331023660095e-01 -5.803142675552050989e-01
2.161717064220023410e-01 -5.273934312875778740e-01 5.054827421399854526e-01 7.226203833481823491e-01 2.471829608417588364e-01 3.841807353737483055e-01 -9.750159194044274447e-01 -8.544276289708507832e-02
8.057967754530370730e-01 -6.404884389926350785e-01 8.780885272666760777e-01 5.412924886264742774e-01 6.956612372307016123e-01 -9.065599018571404155e-01 -2.703324431983074039e-01 9.447279983065071107e-01
4.548345445596462255e-01 -1.208022403283464108e-01 9.719851610743714954e-01 2.693029034357359297e-01 -7.670874214869154439e-01 2.493158006788436243e-01 5.004465984030685988e-01 -2.862481169013326721e-01
3.366718436664806191e-03 -3.108000769670427044e-01 3.417620316952099113e-01 1.908987209274182195e-01 4.317757104691406500e-01 5.487837901697711906e-02 -3.804879150085516137e-01 -9.336603673683920857e-01
