2.540816978070499221e-01 -9.001370190076118938e-01 -9.712774445685912195e-01 -9.835647424020825813e-01 -5.406083328085966588e-01 -7.850386118608578823e-01 -4.161094644421856614e-01 2.806202470104466329e-01
-9.610042885384977307e-01 4.903585871659086326e-01 -5.829552020084103336e-01 -3.326045959676111607e-01 2.752783671085790029e-01 1.964802201657707137e-01 -5.272147123692130233e-01 -7.359486969185362604e-01
-4.822565982202131618e-01 6.701237863275921747e-01 -5.805771059298034942e-01 7.530444143646011224e-01 -6.208448383957776429e-02 6.054545660095511650e-01 4.053510358588041651e-01 -3.932626874346931700e-01
4.155668882494920613e-01 4.525283308613088362e-01 -9.475213470685530659e-01 -6.515920306350924118e-01 3.369183632539882733e-01 8.508820579793361372e-01 -7.065869736789305300e-01 -4.717151706416911061e-01
-6.308181958950822565e-01 7.708649625942838313e-01 -9.537715989566117880e-01 2.563201379946857816e-01 -9.593691194364386554e-01 -6.445148783094631906e-01 -6.354315739466660506e-01 2.782979615166127907e-01
-3.757920484173482567e-01 -7.406103917366824163e-02 3.387620786471330359e-01 5.337102485023570431e-01 1.582439249284759430e-01 -4.979808879041820457e-01 9.311248236552693847e-02 -8.566750964010210190e-01
5.763840130703947739e-01 1.114411358367928262e-01 -9.573691938338939611e-01 -1.879672610045812764e-01 8.072279761058220870e-01 -9.780614475213833536e-02 -5.968199520336223696e-01 -4.322307457324265911e-01
8.960885338856328097e-01 9.630864221856920704e-01 -3.664687436285924971e-01 -1.745117290897222340e-01 -6.261861436424509542e-02 -5.667068410000979384e-01 5.463665037230391874e-03 -6.683465418479554998e-01
-5.826473815492141384e-01 -7.045094092290313803e-01 -8.547621131521536686e-01 6.874274546980485567e-01 7.148482326268443821e-01 5.802353421939665523e-02 3.344810902556272225e-02 8.212857733203311472e-01
6.396223280800945599e-01 7.203696935527865719e-01 -4.971920072478406283e-01 -5.139698152239846607e-01 -6.897153910531725884e-01 2.668127226834611232e-01 3.588321272351757685e-02 -6.376134469146688133e-01
