-6.454514842406575692e-01 -5.591644029594482479e-01 1.792554786872391226e-01 2.994944541577659880e-01 5.470322928992814582e-01 -3.581276984043564315e-01 -3.280479194114207520e-01 4.290132221945386348e-02
7.536037623664040286e-01 4.804415504690693339e-01 -1.702341276000547410e-01 1.874543838002726837e-01 -4.156923771825911107e-01 -8.178951922135424546e-02 8.947394414219389525e-01 2.457213966987932263e-01
-6.906851677127110456e-01 6.466507823820375478e-01 -6.496127943159100138e-01 -9.025012429132894809e-02 3.665899694711893808e-01 -2.486202527173426713e-01 -4.397938367891682798e-01 -6.683707218669094896e-01
-9.581477856876328136e-01 1.763175055542045566e-01 5.949570071951988393e-01 -8.469589904348677756e-01 9.308185068042362786e-02 -7.592325135520989754e-01 5.961695374889661725e-01 -8.980929124806882324e-01
2.005746492133979597e-01 -5.353737276210526197e-01 -7.555788673846743908e-01 -1.452248306439267722e-01 3.647666480190843163e-01 -1.267411399131261884e-01 8.323549386333901623e-01 9.394920430607647255e-01
2.000103896317544372e-01 4.823068605193165936e-01 -3.709437961901378422e-01 1.346560790839952393e-01 9.567810631952626821e-01 6.274113229891946641e-01 6.479959636448437976e-01 2.936487021955396237e-01
5.792567896264320115e-01 7.550748795853658990e-01 -2.973964522686676215e-01 -2.166149251369491324e-01 3.497096436969193700e-01 -9.507375454972859519e-01 9.936529369225652886e-01 -6.291625278472150473e-01
-9.556701790187431822e-01 -3.070000342104177715e-01 1.339376342729674541e-01 8.621164468872692943e-01 8.930201203702750057e-01 -1.148291987007470372e-01 7.106650181885432183e-02 -7.541872509136737790e-01
-6.653242716215079788e-01 -3.618133023927045944e-01 -6.955181476362197746e-01 -3.343349671266979684e-01 1.581906148338889651e-01 -7.179911854512064373e-01 1.223816558451267245e-01 -5.593233529764634060e-01
1.908223239690007844e-01 7.402337045339211219e-01 -8.198134974462565339e-01 1.661106028522918443e-02 5.435616955833615371e-01 -2.462720708831804828e-01 -8.806387841720484388e-01 -1.930148272142826471e-01
