-2.906963721838968784e-01 -9.618706047918146318e-02 8.392566170124760028e-01 9.372840257994754509e-01 -8.005211788735722145e-01 4.135946493313935601e-01 5.273875916873236314e-01 2.796310791151501718e-02
-5.822493559218049342e-01 -2.878806653121179782e-01 -6.963306537052382783e-01 1.834900364269229645e-01 1.769120261227263846e-02 -5.968922336581119481e-01 -5.455260265541670428e-01 4.049067736296900755e-01
7.652592011827794583e-01 -3.225017396419411764e-01 6.154840226220297250e-01 -8.126531507998357995e-01 3.085604638003927036e-01 -5.887699298460757902e-01 8.342028808936046147e-01 9.972041084738303418e-01
1.685085177332317219e-01 4.937897217048945464e-01 -9.707907982860342067e-02 6.256655028864099855e-02 -4.898607645567820690e-01 -2.261482824902079081e-01 5.339683304674935904e-02 7.076213319915358735e-01
-9.627862562246543021e-01 8.037353124767587786e-01 5.767081516685401699e-01 6.216492116804623880e-01 5.828364953987241748e-02 3.948452890780596025e-01 -9.909101155741748546e-01 -9.703807247646889511e-01
9.388318929117649425e-01 -3.480691923297749568e-01 -4.301554434169625463e-01 -4.012812521111706054e-01 -1.784646314243274468e-01 -4.838345422978225230e-01 -2.321592967001395724e-01 -1.644863066821571351e-01
4.514067118522242517e-01 -1.302506279162354286e-01 8.968433447981465356e-01 6.069302391270550157e-01 -7.571051866229943084e-01 -8.895997706584557463e-02 -8.476525659269171786e-01 9.267636797566112250e-01
-8.788604955125878249e-02 2.254985064878085588e-01 6.735436948398982882e-01 -2.905366555716626387e-02 1.207006698920465304e-02 6.573566413872138359e-01 4.466220291587184033e-01 -8.931865436301853478e-01
-9.480289469842180239e-01 -3.532505080822374577e-01 5.667246658635667345e-01 -6.225746637381399662e-01 7.851372630103783390e-01 -3.202079653119862535e-01 6.514773809679537120e-01 1.773574131095165818e-01
9.874717883453889566e-01 4.732323083412333098e-01 5.989552622610432309e-01 4.725040480086764028e-01 -3.475637814256924418e-01 -7.461340563098715073e-01 2.956575338376490336e-01 -9.700835799232192524e-01
