9.347166730566813797e-02 8.012946287942173118e-01 5.011872075271082139e-01 9.553738403330445106e-01 9.482019173278521951e-01 5.482254225672147374e-01 -9.086177892326576799e-01 -3.218702601190928103e-01
7.813507206446042019e-01 1.025673067260570726e-01 3.560219640328532442e-01 8.789818550506001138e-02 8.381629530477090473e-01 -9.101822300809307986e-01 -6.525885904811297156e-01 -4.512408655039230609e-01
-4.843949531623392701e-01 9.972478624048457529e-01 2.228222850397807431e-01 4.712326439798710798e-01 -2.295009980448521336e-01 -1.008565578040612198e-01 2.433254523496910515e-01 1.583280634762540551e-02
-2.191197040899470760e-01 9.758282278358838546e-01 -2.429908351763494512e-01 5.299849693801128581e-01 5.260073304337720135e-01 9.186169548076066338e-01 5.547034485282384964e-01 7.370552864033081963e-01
4.678933965790252891e-01 -9.907682658971472822e-01 1.482580822812191723e-01 -8.684937712207150273e-01 -6.232303106284864391e-02 -2.004060204634137143e-01 2.836186308935575440e-01 -2.368089817961092081e-01
7.398487723114308690e-01 -3.197530282633689325e-01 3.751969566355461971e-02 -2.532323374274756400e-01 7.882413679507889182e-01 -9.829986121200726679e-01 2.565690084654501657e-01 -4.048577824795203117e-01
-6.455951630435829980e-01 1.024846137555617265e-01 -3.244360937233849995e-01 1.158441765562612247e-01 -1.456478717906344311e-01 8.017587584326468786e-01 -6.572390262398066785e-01 -3.597412933370445209e-01
-3.749299188356758350e-01 -3.791298549745401036e-01 -9.287927806752362958e-01 -3.546871921842491560e-01 6.373152347980930443e-01 9.367968004264821680e-01 -9.500607884635237088e-01 -7.097408359788115462e-01
-3.855504330915038302e-01 -8.324561087129698222e-01 -1.365489134771415980e-01 3.514753519122353342e-01 4.488457984058531469e-01 -8.910167645399236225e-01 3.922447106038040587e-01 -7.893629675673186075e-01
7.959685748828337903e-01 -4.001107387359150724e-01 -3.661172933465275392e-01 6.006352912746744099e-01 -1.291845785222027754e-01 -4.095322880397502807e-01 6.815642972890900708e-02 -6.335918323963352083e-01
