5.330193814029171584e-02 7.554896517075664342e-01 8.166108884571283699e-01 -5.732758118095584443e-01 -8.187268312147255589e-01 6.428616978380017333e-01 -7.290937015465066562e-01 -4.195665739865401811e-01
-7.845509922674132053e-01 -3.014602399739985117e-02 3.059548345424274451e-01 2.563675108232366107e-02 -9.789692573135968523e-01 3.191684162914054657e-01 -5.447731243081295194e-01 -1.958283226701809099e-01
-3.550136584087415503e-01 -6.511662278403749227e-01 1.270412174012864881e-01 5.664839469997293708e-01 -6.245912233964843185e-01 -1.542906186875550034e-01 6.524568127371190851e-01 -8.313996485027397298e-01
3.580612717097644282e-01 -8.638747478927251144e-01 -8.290139689456079708e-01 -1.777804573997057158e-01 6.757415991716917425e-01 -8.897394209446338742e-01 4.415878241786288516e-01 8.119693215431469380e-01
7.073288214920436801e-01 5.527035559731541259e-01 -3.573833395293022352e-01 8.730784496097854230e-01 -9.909343983686034196e-01 6.346114405967462346e-02 -2.459651063124301817e-01 5.971454428542410930e-01
9.380544921859255147e-01 7.317637854048266721e-01 3.754873646484970795e-01 -2.495715086385628112e-01 -2.736698950566007760e-02 -2.174994844486348722e-01 2.579383138846869095e-01 7.743276178482474403e-01
-1.380715217065153766e-01 -7.880122012757562189e-02 3.574886719798289203e-01 -7.079534203327684239e-01 9.668130459671742116e-03 4.524418853025968801e-01 5.095855568174050276e-01 3.962016172604396758e-01
9.748419222398809758e-01 9.703965277149855240e-01 8.181560485853327513e-01 3.339148670384972650e-01 -6.664379888558189524e-01 3.506342769081458588e-01 -7.501095391481191754e-01 -1.515751983386455226e-01
-9.739987316331433220e-02 -2.088176361714468854e-01 -2.964459665224030704e-01 -3.917251369010059658e-01 -7.543156281743668146e-02 -3.608522896922854439e-01 -7.356824688381362609e-01 3.403969931578034736e-01
7.153962090132972573e-01 8.776891979008545341e-01 3.785592603115734978e-01 9.822529837321700708e-01 7.274176046554967634e-01 9.853152780004696965e-01 6.027344022493268394e-01 -2.029179170006354394e-01
