3.419321147890119761e-01 -6.540315192981174253e-01 4.020362350071320368e-01 9.464620931896199352e-01 -8.148353472246177009e-01 4.828453634724281240e-01 3.717820335924761910e-01 -2.657139673735366969e-01
4.366798601819321668e-01 4.817098903440282243e-01 -1.847352567584246152e-01 -3.701795478313927301e-01 -6.806332764050260220e-01 5.797243192123713307e-02 -9.672096346168790326e-02 9.025584916914151101e-01
6.179956203162311201e-01 -9.461162805946474741e-01 -3.559828897850736418e-01 -8.897959547827332116e-01 -9.957962261239852175e-01 6.176652939169071654e-01 -6.239499861496222710e-01 -5.011394687413917026e-02
-9.746543728963632525e-01 9.474345075929191395e-02 -8.857795489785820209e-01 4.146814235873732546e-01 -8.837692394021434694e-04 -2.486972123058770467e-01 5.034455931622265901e-01 -8.655661685463502675e-01
2.524339510520379193e-01 -5.040057107037401174e-01 -9.445823122792154081e-01 4.769962031646359790e-01 -9.517344165345207330e-01 6.567439414724784985e-01 -2.429187537057273527e-01 5.408209112866637636e-01
1.589326342198222886e-01 -1.206359737030233692e-01 -2.115107824157937966e-01 3.499740937724185041e-01 4.116730509550490247e-01 -2.628521372270409273e-02 -1.586419475904607967e-01 -4.484076247780655056e-01
8.942776892564425761e-01 -6.842050399734056487e-01 4.094286195651382076e-01 8.145765828653639407e-01 8.238956355333422188e-01 2.025257379227995980e-01 -8.447142323180361068e-01 -5.765121376003692344e-01
-6.978437021350154534e-01 6.270175295903099855e-01 1.160844158897129663e-01 -1.407296837539724343e-01 8.557605359437137071e-01 -8.562157649382269309e-01 -9.727835642383191317e-01 -5.672800904118224796e-01
6.800106734382360685e-02 5.002365447861301107e-01 -2.407612434610983954e-01 -7.527511098390027300e-02 3.443488075907448209e-01 -1.377694950503809412e-01 6.839711149668687984e-01 -3.381374628039410801e-01
-3.508526366667410468e-01 8.109208008727661898e-01 -2.538038308571857193e-01 -7.908561021640212463e-01 6.355289930209895299e-01 -9.691447352457507325e-01 3.088746301185496534e-03 -4.423787621434138728e-03
