-7.792907490567535511e-02 -2.669938210882734086e-01 2.295003826351815768e-02 -6.465814603071047273e-01 6.018706258439219248e-01 2.807884645074576468e-02 -4.425022630371011623e-01 3.962114662557219003e-01
3.959270683271187696e-01 -9.094840910861998751e-01 -1.055288895302455288e-01 -2.086814377531369669e-01 8.864232784252521480e-01 1.654120597287620509e-01 6.339941079298252458e-01 -2.376733931670038658e-01
7.179837578690484445e-01 6.694435232278337367e-01 -3.053183336226144018e-01 -6.526105142660585390e-01 -6.085520839939586590e-01 -5.714888603172685322e-01 7.918666569342382999e-01 3.880535498679460460e-02
-2.693692968837213542e-01 -2.996788182422522873e-01 6.024888659445100103e-01 7.616605919810275349e-01 4.531453217168970315e-01 6.554668582820988298e-01 -4.548662081417431668e-01 -6.070493459311814277e-01
8.762068949356778269e-01 2.586047111650069397e-01 -3.350135351960996655e-01 1.346709021943319762e-01 -3.143007040420264797e-01 -8.641364249722209845e-01 -5.934085285971364421e-01 -4.761199715142905298e-01
4.211044076143339865e-01 6.045967000475676034e-01 -1.406027374172200695e-01 -4.517968547163950799e-01 -9.042961292220499381e-01 -8.820299249293992450e-01 4.438078623884351703e-01 9.414643019848507599e-01
-6.537567833976989373e-01 -8.675543895304018704e-01 3.191010860891321244e-01 2.064560602993190663e-01 -4.304559640482155114e-01 6.902852381240360824e-01 4.130338355608942358e-02 6.765915317794441997e-01
-5.970580833714695945e-01 5.048930551107859710e-01 6.891996940442364217e-01 6.368571223246566326e-01 -7.685280252591921712e-01 1.372050866614655806e-01 -2.393904847045771334e-01 -1.704991107429372210e-01
-3.355151668656999320e-01 -2.839029716828345151e-01 -5.803395024132789182e-01 -7.779510089191556954e-01 4.578793372565326258e-01 9.039597730644024498e-01 -1.311487897350431808e-01 2.137352484557883958e-01
3.853161116151428978e-01 8.199548536624146067e-01 -5.011599276371738743e-01 3.047349548166655708e-02 -9.118158294537510589e-01 -8.508501040262224091e-01 -8.970317715660924840e-01 1.558450880852342291e-01
