-6.171671710111634734e-01 5.389101014759087871e-01 -4.943433410133533101e-01 -1.161229106452210669e-01 3.907150722378420760e-01 3.856576104526807658e-01 7.857915923551761495e-01 -7.013771273146685026e-01
-3.657506839348987349e-01 8.203825580094226133e-01 -2.044498699648462647e-01 9.396604780542026081e-01 -1.075151968827887661e-01 -6.366049166092224709e-02 7.447966465889617194e-01 1.820741241084771200e-01
4.575870511220085923e-01 8.123004186861519926e-01 -8.733131444366366569e-01 8.013095997210037957e-01 -8.988556266466742883e-01 3.219044325390976180e-01 -6.521145813005038150e-01 -7.843143432198653731e-01
8.107491457596087692e-01 6.151596915116552822e-02 -7.248733914893068508e-02 1.755600877373808544e-02 -7.010866350560949201e-01 -3.530915957238935921e-01 1.789479976107108961e-01 5.036151099653505270e-01
-3.362968985680327982e-01 -2.430102327007808150e-01 -6.979478320133445379e-01 3.996696617810060470e-01 7.580377571507705969e-01 -6.043683568634501402e-01 1.697308941980897323e-01 -3.342237669362722041e-01
-1.753198042469721329e-01 6.103794424802422292e-01 4.414162966924080056e-01 2.927929352909572902e-01 -6.574315378773682994e-01 6.135461146659946241e-01 1.611260036392834216e-01 5.683032036811330734e-01
-9.295680922551996517e-02 -3.329938644242669277e-01 -5.850054315376580494e-01 4.953816212186692436e-01 6.702928161031884713e-02 -5.456103391373252620e-01 -8.990696159413600341e-01 -5.358081323896075610e-01
9.517522450760940167e-01 -3.721364164565499344e-01 3.746521447681223638e-01 -5.404512374758874138e-01 7.377654201757701813e-01 8.945186300197123241e-01 -7.829630877433881864e-01 7.192581708978189603e-01
1.630299817307476751e-01 4.696350479060182881e-01 2.295838720046243786e-01 5.853700858310029176e-02 -2.319005047519184792e-02 -8.291178578496831708e-01 -9.733713215756518711e-01 -9.976521635557478174e-01
5.027883680805873556e-01 -7.239721590246350758e-01 1.995065560375861580e-01 -7.777687489294409229e-01 3.714589373106851333e-01 -2.205178524961337594e-02 -2.043543233169662354e-01 -5.253780198229169862e-01
