-8.739697299651791873e-01 4.669443520158411687e-01 7.663850792762454400e-01 -5.592372242710756947e-01 7.635778341047316786e-01 -9.053493571779827054e-01 8.828549001676790908e-01 7.467393764045584525e-01
-7.411732532972210574e-01 -7.354586215302199026e-01 1.504971493183306919e-01 -7.257778832668624336e-01 1.369118783332436973e-01 6.393273688741134553e-01 -8.518500446163925766e-01 9.961610101779303506e-01
-1.678147421035798281e-01 -5.384253550055624338e-01 9.576636262810558353e-01 3.445809366705268051e-01 1.240355974994038490e-01 -3.499374921958853246e-01 -7.591593517477221997e-01 -5.407667653146761566e-01
-6.197497676317651472e-01 -5.843239424028647822e-01 -6.411097109543972827e-01 -3.823177461469939864e-02 -4.890349983667143796e-01 2.943501803980652642e-01 8.078165557418905962e-01 -4.978998398541318871e-01
-1.424018055955054152e-01 7.209929980706295538e-01 7.150921224989550407e-01 -5.779467843109085123e-01 7.688825887305315021e-01 -3.654740528013702416e-01 1.968830669731795879e-01 5.381913980454287039e-01
-7.100817346251866446e-01 6.339796393117889117e-01 -2.219445502607884091e-01 -3.408920593798667742e-01 6.380618755492784011e-02 5.397258863410032692e-01 3.536955937972126041e-01 -2.553985703060905887e-01
7.893937878883272585e-01 5.809084889239786165e-01 -4.274987760517712232e-01 -1.161063767932226654e-01 -6.183268557948662369e-02 -8.139358777742959905e-01 -1.293267982181953712e-01 5.385046025510107359e-01
2.585764754995889536e-01 -2.613631658125814550e-01 3.281577909303730056e-01 -7.911930416906898245e-02 7.679319835959192986e-01 2.744075740932339080e-02 7.044883330963460644e-01 -2.934939253453840990e-01
-8.281459991809436705e-01 -7.441705370044870982e-02 7.431558564343210271e-01 -9.916349633402989916e-01 2.365323871893763030e-01 5.987293873742605133e-01 6.788640757846016172e-01 -2.644919191294490268e-01
-4.864188449518844770e-01 -1.282314889007429848e-02 2.640336367973481480e-01 -9.546781559569859077e-01 3.948887050812888155e-01 8.738533818772764583e-02 3.623141693497202720e-01 -5.182091906824464189e-01
