6.413551572484250674e-01 2.126725815974457312e-01 8.196601012300408495e-01 3.502626079839035178e-01 9.862371259591458106e-01 3.877464652830739933e-01 9.791036692688073195e-01 1.656412995044331815e-02
-4.795897325380311660e-01 -5.008075727851573067e-01 -1.056376122174245147e-01 9.430038406217580160e-01 -8.442245059217374781e-01 4.692385138508807785e-01 -8.199139414079303911e-02 -9.066362246113708334e-01
-5.099795431088223197e-01 -7.002165157436304188e-01 -1.090638841557409755e-01 -1.398718388638942045e-01 8.203006311261595851e-01 8.561117347861941784e-01 -9.163229218356268024e-01 2.480607780446193456e-01
-6.989968682703688874e-01 -2.644205655444893388e-01 2.100224603430711490e-02 -7.218228398726587169e-01 -7.414949213505894754e-01 7.179745323649753264e-01 5.874769641827808364e-01 2.890795735806361844e-01
4.521679307392334479e-02 5.161993429854880855e-01 -5.407876146166872289e-01 -5.053444175291945673e-01 -8.905665775351556679e-01 -5.475711298226755286e-01 5.223311141048803119e-01 8.461875852442888313e-01
5.644942727333979171e-02 5.887991887432242333e-01 -5.625075631830387390e-01 6.701613020749888072e-01 -3.324832365633394460e-01 -2.597405622539341596e-01 -5.585833222534719589e-01 5.248965634002535907e-01
6.856827861411585179e-01 1.508622320074937129e-01 7.521689024623732234e-01 2.817280158166848292e-01 -1.820190565903123670e-01 6.133275015112620299e-01 -5.168698206685575780e-01 -8.166810526732004583e-01
8.272996058475146075e-01 1.109121756543696158e-01 3.184708135288125685e-01 -9.157877778719765161e-01 7.944560218333429624e-01 -8.115843078930762289e-01 5.745117281679597010e-01 -5.166746304312841431e-02
-9.288517251021983778e-01 6.293638887615020661e-01 -3.847200450109080627e-01 -5.232681628583792932e-01 -9.917639124974957365e-01 -2.548949713929109517e-01 4.660376600220526022e-01 -8.124561796056504193e-01
9.926010349480478556e-01 6.019197322633800251e-01 6.678599870336041633e-01 -7.729563156853969108e-01 -7.390360318912490012e-01 -8.524042403883778096e-01 8.176242912841094057e-01 2.304449543883788643e-01
