-1.446233366620071070e-01 9.591012633054392111e-01 2.524831561708504868e-01 2.878668460629967285e-01 7.164450255655678834e-01 -6.895992527075329726e-01 -8.538070287561838612e-01 2.814213954052990907e-01
5.721557431011541350e-01 -9.742698022821281167e-01 -8.132297051795656095e-02 3.364454461799624152e-01 4.518515529912239259e-01 -7.554075654018190811e-01 1.894921602766435065e-01 -4.807984931602378165e-01
3.646205558346322650e-01 -8.295067640753694960e-02 -6.213966967096604677e-01 2.795134300353876444e-01 -8.359177756034210649e-01 -8.512669833662298569e-01 3.683180355127790850e-01 -6.293119303093797079e-01
8.414522481814394883e-01 6.924068471561375393e-01 4.347060276170591209e-01 -8.595918935044137843e-01 3.956190529169467673e-02 -5.889492144287313824e-01 4.210724670613650300e-01 3.163666094773343040e-02
5.884369927590487048e-01 1.239827246115290382e-01 -5.827140672696380364e-01 -3.503026825161468238e-01 5.757981569126429111e-01 6.208957749712586960e-01 1.456425846707334326e-01 -4.087893059634022386e-01
6.802486543203860592e-01 5.143843745127236744e-01 5.554253770676012003e-01 -4.536185992853223325e-01 6.079937884293054040e-01 8.756893136635413022e-01 -1.504372128328110847e-01 1.815003051228385456e-01
5.846681632614043611e-01 -2.075033721494357053e-02 7.449887434561688337e-01 -1.670296127736348168e-01 1.710291566530774965e-02 2.140016542026312862e-02 6.009580023744098831e-01 9.893112091150944032e-01
-1.993968818242615182e-01 -6.133483294883341763e-01 -5.902009168852211385e-01 -2.652866323972074003e-01 3.774963620542306497e-01 9.227116207332322073e-01 -2.028775364703836459e-01 1.563091243909888739e-01
-7.080588356398807015e-01 3.590701443429116235e-01 -2.291098328100518167e-01 -5.453305665978613881e-01 -1.361801233800290500e-01 2.472691580779977638e-01 9.005199787834428093e-02 -7.764330671375940796e-03
6.084736648003281623e-01 -9.523072690473759483e-01 8.001556645200160744e-01 2.020802564603534357e-01 -7.735229444562585766e-01 -6.426826451011329322e-01 -4.535190760615175343e-01 7.796486577439141197e-01
