-4.442282634439569389e-01 -1.378480153306762546e-01 7.829850230367290109e-01 2.169964492269089718e-01 6.833605695895881293e-01 7.964265223254238801e-01 -4.075584444171509446e-01 2.933890192240133921e-01
-8.878563868592266317e-01 9.542437645918335765e-01 -1.178768274931043525e-01 8.740527741440837772e-01 3.191144788657596099e-01 -3.580426144736004179e-01 4.614583617552918682e-01 2.268236240866114972e-01
2.730120455111002542e-01 -4.036015051766597139e-01 5.831409715973994157e-01 -4.575709717276748023e-01 -7.290978033613639830e-01 -7.242508963987299708e-01 6.254542079445621905e-01 -2.637599933525538454e-01
-8.464895572173440907e-01 5.211866053425451284e-01 -3.256238456887132759e-01 -3.628435237606766339e-01 2.415435489677844050e-01 7.822864830995259755e-01 7.901766996902350737e-01 -9.178743556190538389e-01
-3.174704419313394421e-01 -4.976382725282832986e-01 8.549158350161951692e-01 -8.302675921301605477e-02 -3.477901232341242821e-01 -9.222236078860546193e-01 1.195081794066077396e-01 9.579359278434340652e-03
-2.613495129915124338e-01 -9.690294572052811084e-01 -1.417458339088153441e-01 4.158986918153562140e-01 3.392619373830485507e-01 4.273416307209203513e-01 -6.590345650429070279e-01 -9.080455312125239598e-01
7.428387271557626015e-01 1.823613163204189647e-01 9.651468015755109153e-01 6.282785192584188216e-01 -2.082390136688405669e-01 8.213587279028546906e-01 3.242165125420666261e-01 5.872464080067600900e-01
8.901147051672950727e-01 -6.137632945733590972e-01 -5.530875978328464448e-02 -9.794404696955820722e-01 6.503561258080690077e-01 -2.943227655696256662e-01 -8.560259233248257438e-02 -5.150049083993335497e-01
5.517240769655851196e-01 1.458272410847329947e-01 -8.829391197444234063e-01 2.560432184914749332e-01 -8.108159866051767306e-01 3.665892403138695244e-01 4.770610775515413682e-01 1.373234994819834132e-01
-1.794864065185020063e-01 9.262461938100896575e-01 6.018098250080075040e-01 5.808172848491865992e-02 4.117956097636656931e-01 -9.892697463064785701e-01 8.151219239826157370e-02 -5.908471660720699958e-01
