-6.342478657282291099e-01 -7.910977167503261409e-01 9.451029957898255951e-01 -5.285806061468749650e-01 -7.090207658116283174e-01 -8.786551454332931499e-01 7.914161928759919640e-01 7.249553042835354955e-01
-1.426443170121201032e-01 7.359361860606352668e-01 4.507240588130430048e-01 5.508972898614910019e-01 -9.535390913119174972e-01 9.766818317378072045e-01 -9.814540757163634499e-01 -9.296539496911788714e-01
2.815854124619132648e-02 -3.607583953368833640e-01 -7.040874813650688235e-01 -1.078644942503879101e-01 1.105880352753578766e-01 6.270641448123273065e-01 6.919065997620581498e-01 1.069640978314057023e-02
7.106309984629373133e-01 -1.558875123954046593e-01 -8.965944197223456591e-01 -2.041249394363862102e-01 -8.929535129691830164e-01 -4.732187327858849990e-01 7.230226739443994521e-01 7.281571308628427275e-01
1.172900723141534485e-01 2.644301816192242693e-01 4.538181271783021664e-01 6.384560755577033397e-01 9.646458746748536317e-01 -9.707345548738173235e-01 -4.098681238704759977e-01 8.107377716835149073e-01
-4.815723651982493081e-01 3.618751497477037393e-01 -3.107683848137057225e-01 -3.050972307635559932e-01 -7.576015596508745009e-01 -7.641891758424856906e-01 -3.472898018993753055e-03 7.963458446875975039e-01
9.243174901249497921e-01 3.893065976687246632e-01 3.259494068256079125e-01 -8.732633451831686155e-01 -5.886217104143929291e-01 5.464355302200856190e-01 -2.441248211922679712e-01 -9.729229924624291925e-01
-7.329186329827213076e-01 -6.525699484915281623e-01 2.834107117119564201e-01 6.648986417899436230e-01 7.780479182955850614e-01 1.555204141173769372e-01 -4.264868387071636402e-01 -6.974779581845800269e-01
7.638365754744711467e-01 -5.730963107898390252e-01 5.409481105487097263e-01 -9.681499227146539432e-01 8.581985181931273132e-01 -1.609982188600496134e-01 -5.843717310143130561e-01 5.461638117913862889e-01
-8.506695353112352365e-01 -7.255247289271193889e-01 8.226995227874467354e-02 8.765874650678924240e-01 5.214760918258005695e-01 2.935945164267230734e-01 1.304802954799373360e-01 -5.256970480222100672e-01
