-4.178411532892274405e-01 -2.697139289766476988e-01 -1.293330114493518312e-01 -7.057501439276234745e-01 -9.745652327186222763e-01 -3.430415589185700220e-01 1.263039319081540324e-01 -4.941694771069520264e-01
4.929475792047020022e-01 6.142592337501147082e-01 -2.772623312130946260e-01 -5.164999937218706094e-01 1.247991068533260695e-01 8.167529993682336453e-01 -2.159378811871615067e-01 -6.607479076082554137e-01
9.622188847466972561e-02 3.731416772634588153e-01 -2.497569559015677676e-02 -7.960384861597660233e-01 9.839621502620021776e-01 -5.291840374907375022e-03 5.735894857201710995e-01 -2.413480459873535988e-01
-8.299052364299219775e-02 7.155583417623290199e-01 -2.610174364577646511e-01 -6.370331994890892080e-01 -6.215685387133089712e-01 8.374885741587347887e-01 3.867517198902592490e-02 -7.880707461175218143e-02
-6.240351889011224173e-01 -9.591791227865540392e-01 9.552406460449280878e-02 -7.251798787595813423e-01 -2.654134616935028834e-01 -1.693435173833734986e-02 8.060212670813773350e-01 -8.973478298427373101e-01
-2.289174446936852458e-01 -3.087991454904088773e-01 -1.986995569971552467e-01 4.187774439170055540e-01 -5.777443332626908123e-01 9.090211634927509721e-01 6.592322304446789349e-01 -8.100848642832019220e-01
8.179774165566224831e-01 8.993882102300634340e-01 -7.093529755332912412e-01 -7.772898834379866617e-01 -7.887625505406974380e-01 7.547985973670279236e-02 -6.309097385803912328e-01 -2.007442256426947846e-01
8.649971187570357767e-01 7.198710272956188039e-01 8.922922585032870835e-01 9.209362731508441424e-01 4.928508056749729693e-01 1.229296917553783786e-01 8.314142325332207761e-01 2.276382352205135184e-01
2.116321936216580823e-02 5.384210105546529679e-01 -1.918369302016771361e-01 2.761293179734338743e-01 9.297978342176009825e-01 8.590850448077627100e-01 -5.605115766944137601e-01 1.043645712150782501e-01
2.881352897304378935e-01 5.638205552082764527e-02 -6.867940341723823838e-01 -2.964730043052350439e-01 6.189214866603691689e-01 -4.290648692504106521e-02 3.222601236733617647e-01 2.170457495336111098e-01
