-5.049122955152554049e-01 6.727602376867010125e-01 -4.978552841414443098e-01 -8.155721797792376826e-01 -4.120998818077046266e-01 -5.227932888924879951e-01 -6.342273874366202158e-01 5.916733371048708001e-01
-9.076640059466516419e-01 -7.781506737316770117e-01 -6.830569203426972713e-02 4.101049652317971805e-01 -9.847662082271657624e-01 3.783978078896921282e-01 1.131379475602423135e-01 -4.375754590708149649e-01
-4.592287624605888574e-01 -3.795385563551663122e-01 -3.920088029103789840e-01 4.171073376474265793e-02 8.639218184567036829e-01 -8.564277183055479803e-01 9.746072830691066002e-01 -5.815039450063108628e-01
-6.279058731826556716e-01 -2.576843994644608671e-01 6.174751814900478752e-01 -6.408133385328373954e-02 1.837790138556589792e-01 -6.652928085867795271e-01 -3.003673676684066596e-01 6.618771964677390152e-01
-8.768671814788153718e-01 -3.350330730115500533e-01 -5.519892648510771327e-01 6.918379057094534712e-01 -5.638624178913940188e-01 -9.080206714015015557e-01 1.975083561475943217e-01 7.683681435355160794e-01
5.099346111682823146e-01 4.300288676801276022e-01 -6.600128345710600808e-01 -6.798686904894364336e-01 9.482271178800782963e-01 -4.991166051186723962e-01 4.081924388819080374e-01 2.465785047934148100e-01
-5.088260427804613961e-01 3.055287280499481284e-01 -5.803772536548053029e-01 4.049048159041985784e-01 4.442154631402686071e-01 -9.249200405269486502e-01 -3.705837735827068880e-01 9.486355911528883134e-01
6.464610765103768752e-01 1.192632058388787275e-01 4.500302960275903708e-01 4.110004263117454926e-01 -8.477766802371207167e-01 -8.782790089110714682e-01 5.276030879807591667e-01 -8.341433886297908717e-01
-4.659126198833787313e-01 -7.604134736098289160e-01 -8.919182270831949033e-02 -4.930180501705647700e-01 3.076777981564213782e-01 1.513266672333557494e-01 -5.995503459711004624e-02 7.839620713626036519e-01
-2.172253111691431204e-01 6.395917335339222909e-01 -2.114897806498472477e-01 -3.743016148289961542e-01 -9.896130009388561799e-01 -2.674348884091535261e-01 -5.445354138215667827e-01 -5.307851146524589225e-01
