3.419856582380680354e-01 -1.390592645025257035e-01 -9.984322993177301431e-01 -6.612615835738482328e-01 -4.665453060934965368e-01 1.136474152868496290e-01 1.417582400368151418e-01 4.783360706681134555e-01
-8.668107546556691467e-01 -9.507211823821526409e-01 3.997462967342497731e-01 -1.411948851070119471e-01 6.176732670994811158e-02 1.898380040345233333e-01 1.384789818356120250e-01 -8.987661424518456066e-01
-4.014204060479340530e-01 -2.349306854070045691e-01 -5.707000177877330493e-01 -3.226439310405426752e-02 7.981133404089351124e-01 8.099040491834406108e-01 6.668049270657916416e-01 6.372633634905569000e-01
-1.902053853655469862e-01 -6.182547411971948126e-01 6.868430590950147518e-01 4.029464607441879398e-01 2.492180789363946936e-01 -1.559101913125238159e-01 -3.645210391596069854e-01 -8.174225173822327051e-01
9.796756141782556604e-01 -1.632882129776975777e-01 3.789387468466314246e-01 7.779337619063619869e-01 -4.839114618594575479e-01 8.568390572606741085e-01 5.299415037454953126e-01 -5.057011806055111691e-01
-5.931577276603254845e-01 8.429581629164684120e-01 -8.473502224961348972e-01 -2.870447701598071166e-01 5.638737695716165010e-01 3.679612287460567455e-01 -1.968105823743742100e-01 6.933330485132671583e-04
4.676538632442397425e-01 -1.081459727321401054e-01 8.782346971050525308e-01 2.168377607254392547e-01 -3.884929250525976929e-01 4.968752136237084560e-01 4.314823018379325692e-01 3.798719083347312786e-01
-9.242029605147517035e-01 -5.427679791838335710e-02 8.440305790471616110e-01 -4.804418021299123875e-01 -9.565217432388495311e-01 -3.654713075685729340e-01 -8.998353225646114062e-01 -6.340277982224156172e-01
-5.317756707588241483e-01 -5.847502072504400239e-01 4.418343609176922371e-01 6.163127173470981379e-01 7.424603003818475155e-01 8.160141777286111786e-01 3.505906665581028925e-01 -1.518241236527835269e-01
9.326567902541915700e-02 -9.383049400937557571e-01 9.569112703861397673e-01 -3.324709369192622166e-01 -7.529682255828111792e-01 4.815481833458830074e-01 6.269446761440318205e-01 -1.279390115649456927e-01
