-3.159442932221279143e-02 -8.160474156925021649e-01 3.818383243358949297e-01 8.338029981567229854e-02 5.815291113144609447e-01 -8.173350943923685108e-02 8.820263213762584709e-01 -3.874699016459381973e-02
-1.639943735864255459e-01 -5.830901188693655701e-01 7.068175764592177224e-02 -5.656900787262639785e-01 -6.404382170032092425e-01 7.998727389313429192e-01 -1.027454572931270071e-01 -4.658974143765515219e-01
2.527255525017786386e-01 3.271251609055010334e-01 4.559248324706730582e-01 5.129595058057381252e-01 7.025042977459019511e-01 3.091551652123809557e-01 3.464941622958359613e-01 7.424395862553090364e-01
-6.502733403113196697e-01 -1.985671813374425554e-01 -6.657320584566439603e-01 7.648855422848082064e-01 -2.349093169946605553e-01 3.429406721435868111e-01 7.030093987338701389e-01 -1.050280715264373388e-01
-2.752414326033083558e-01 -5.599787062942218618e-01 -4.924758258098180796e-01 -7.170009001863582032e-01 8.458944005070898609e-01 -7.893150152137695663e-01 6.330741836688695834e-01 5.979808277132665495e-01
-1.757781001166709434e-01 -6.654838467322108375e-01 -8.022258539608593253e-01 2.465608853449825499e-01 1.235256391321779557e-01 -9.134531965289036659e-01 -7.153828665855386237e-01 -5.765275317400413435e-01
8.537105865365102186e-01 1.829130056687906514e-01 9.956712816890989082e-01 1.071688144891114192e-03 9.484557219891769364e-01 1.217265131456932714e-01 4.019846921668206452e-01 5.845814412450101027e-01
1.169402286138634395e-01 -6.935721975124553573e-01 6.349530993606167240e-01 -5.510317769026582546e-01 4.658524895320292902e-01 -9.448568485947754780e-01 -8.451379876954028258e-01 1.532074215313625754e-01
8.686008453941220786e-01 6.064687324576130134e-01 2.441599019323883457e-01 -7.710101134066160711e-02 6.220359350666655462e-01 6.882878682043047647e-01 5.164711624081292918e-01 7.323471741281084579e-01
-9.707947273463439775e-01 -8.988706392229399711e-01 -8.859601797535849865e-01 7.412915729017661715e-01 -8.786361239209425911e-01 6.089855397566228401e-01 7.752932194540220756e-01 -5.896382398660104940e-01
