-1.478610760878962260e-01 -6.092261073758473700e-01 -4.408756536883597921e-01 -4.307751766138001592e-01 -5.603883204702990728e-01 -6.430050751347882176e-02 3.360319320726117276e-01 1.635363175328572449e-01
-3.051849545131668506e-01 -2.456946811360520844e-01 8.948058616406442400e-01 2.545439698139952966e-01 1.330279994028167323e-01 1.902392821070957307e-01 8.836256036323615337e-01 7.522776412255929301e-01
-1.468970650755838658e-01 -2.062138791493388634e-01 -6.592604271845403652e-02 -6.621111911295141095e-01 9.983746739556960126e-01 5.210276880176809566e-01 -3.302127644426966491e-02 -6.226685452439477686e-01
6.451140230644281104e-02 5.541683895317950359e-03 2.494250172506251584e-01 -1.306088536764016261e-01 -5.347974885873876261e-01 7.875269195078820061e-01 -8.566714598079829823e-01 4.623243801926739671e-01
-6.832683797587126850e-01 -8.967781573689919128e-01 1.046963748329008403e-01 2.799985849084873912e-02 -4.943622291117197864e-01 3.916500568752825373e-01 -4.617578064776133306e-01 -7.441098726524719709e-02
8.006981061478297690e-01 5.526069280601642042e-02 -8.486424958764060555e-02 -5.619833769961752878e-01 7.367384991234675606e-01 8.861666311309612798e-01 9.707847415093222576e-01 4.096177037088211126e-01
7.496156177041033430e-01 -3.384897522962906358e-01 -7.207105722411866200e-01 -5.287595144295413885e-01 1.400358176369715935e-01 1.885488904530085996e-01 8.522111447782969584e-01 7.870139602803951639e-01
-5.812762016878738613e-01 -1.136686407670877141e-01 5.350855223808768102e-01 1.427631207880226683e-01 8.775141130907826437e-02 4.962157986250501640e-01 -4.503130085336364274e-01 -6.645620114729637873e-01
-7.348375738690344772e-01 -8.993431265001625707e-01 8.306049805126061170e-01 -9.005670359925843638e-01 9.776271049304103844e-01 -9.707554350444933533e-01 1.126510449587512230e-01 5.534087510556560119e-01
5.143714985657465988e-01 -5.192924801543374880e-01 5.321757844466030729e-01 -6.920278762602847245e-01 -9.509641200366125702e-03 8.490855830034085283e-01 -4.122906285946785765e-01 4.365453295856902560e-01
