9.386161934855761224e-01 1.066899188078509475e-01 1.072098909555150303e-01 -4.517068262518519894e-02 -9.258905483442103623e-02 5.148836641640530676e-01 -3.021249275349846553e-01 -6.577257586511573439e-01
-4.861479785812652388e-01 6.213779222525888102e-01 6.520145161276733603e-01 -4.599870829540417816e-01 -4.002982241441328526e-01 4.703132336961393101e-01 6.911503405196219862e-01 -1.355942659698301522e-01
9.235024247330341218e-01 -8.837721789652732696e-01 8.022227263400498742e-01 -7.216806019005763684e-01 5.502140413654026396e-01 -4.386488625519053830e-01 4.141696398600167583e-01 4.600560506589108645e-01
3.808637641909720095e-01 6.312506565276723158e-01 4.123698443239716127e-01 -2.203030759841235753e-01 -7.531334309859971654e-01 -9.832850773504495656e-01 8.710882947180802471e-01 -6.433413878935347885e-01
-6.076724435276390501e-01 -1.005368817031759843e-01 -6.720931197329589324e-01 -5.732402855921712170e-01 4.130836175589653880e-01 -1.609993248248782205e-01 1.140977004459284849e-01 9.334133480140804906e-01
-3.324555545273268908e-01 -9.964248223399432280e-01 6.169100466013746065e-01 2.555575048157106011e-01 -8.773482993185368617e-01 2.326481619877587281e-01 8.246176006310990125e-01 7.884502441338738787e-01
8.521990439085445068e-01 -2.841451253159674728e-01 7.083959554305567785e-01 4.052823738394424335e-01 -8.491542860628478184e-01 9.837502817543344324e-01 -2.777329405441106847e-01 6.668637994262938129e-01
6.851669019715540543e-01 2.972977238669867184e-01 -3.145128913679722249e-01 6.860421843316779622e-01 2.775271256894307204e-01 -6.336698562513014554e-01 1.070429313729897025e-01 3.115442047818126614e-01
1.082978601704038812e-01 2.906841244535920410e-01 -8.720580993889446297e-01 -1.939610249980794343e-02 1.722295214560445320e-01 5.792608175036795259e-03 9.476997083149101275e-01 6.031880294585658664e-01
5.613891249964948482e-01 9.015076465123219585e-01 -6.955567918625049639e-01 -8.501834716170177941e-01 1.990770675936606171e-01 3.305190045630514994e-01 9.239031463543112555e-01 1.950351441383375573e-01
