1.935541925023500642e-01 -2.945207333171753206e-01 -6.701461905507508643e-01 -2.133117152495860314e-01 -7.781545224903565483e-01 -7.841592579281069231e-01 3.850442863400478366e-01 -1.334764193256416931e-01
6.775495998870106895e-02 2.218153235543240953e-02 4.891215680651317399e-04 9.370529214964609110e-01 -9.516768200498513242e-01 -9.355993092179515358e-01 3.629749798038561792e-02 6.760271467054046468e-03
-2.942772037503376126e-01 -3.520523047965153918e-01 4.132908699239239425e-01 6.777938813055648382e-01 8.343271820710034259e-01 -9.127218622622168542e-01 1.056722092522301981e-01 -1.731555119009535737e-01
4.212970414216434811e-01 6.300891334283937883e-01 1.927646484442786523e-01 -3.368462989544467323e-01 -7.253541809634485027e-01 1.986135911501052398e-02 -6.392120841907680262e-01 1.090385605475701070e-01
-9.811882777623681662e-01 -9.214977519316873700e-01 -9.074506216381350576e-01 -7.032950091279452920e-01 2.891798053530054702e-01 5.791176506872421914e-01 8.584457102266933592e-01 3.222806826468045394e-01
-4.197927895761777162e-01 -6.310529762311467561e-01 3.457080237110090604e-01 7.364395765975719765e-01 -3.446190495095935447e-02 1.642761055180517182e-01 8.324881799710155406e-01 -3.016036289735606335e-01
8.283163479073305524e-01 -2.981072074351731604e-01 2.146659864871340861e-01 -2.184239860910743847e-01 -8.384966702547369533e-01 -5.841925496182003297e-01 9.468895026981409835e-01 6.142464852303333167e-01
7.872289421201923432e-01 -9.526327077741298943e-01 1.031729356949249166e-01 -9.546635978410011880e-01 2.705118585394599151e-01 9.431350247214982385e-01 -5.462872220647896349e-01 3.271117490776345171e-01
-7.233362628999959743e-01 7.502842923728239022e-01 8.586723408021024184e-01 -9.230899361926636626e-01 4.980901816060274712e-01 -9.351057476734150331e-01 1.166958504845780897e-01 8.736337979529995579e-03
5.551948043833339064e-01 -3.513718458506469577e-01 -2.966232258035772507e-01 2.569588958936572798e-01 -9.004932316089808708e-02 -1.306853051189191817e-01 3.279017450510768317e-01 -7.407884163796216725e-01
