-7.055001452362632541e-01 8.089592500025495347e-01 4.366659472951626153e-01 4.918484203688167078e-01 -4.915164886496719010e-01 -3.083518912011529167e-01 -7.037457876587946970e-01 -6.821178119785220595e-01
2.850070941451128270e-01 -2.621384840631448832e-01 -4.432077232142659362e-01 8.160624960878573031e-01 -8.009902913148927439e-01 -5.720039839234132284e-01 -5.865422379865705693e-01 -9.074394671466308182e-01
7.174912597029763361e-01 -6.450837001120293124e-01 6.004438708554227233e-01 3.429771189357602168e-01 8.358205793809236894e-01 3.519300086886434364e-02 -5.420557077779160071e-01 4.927380020305032193e-01
-9.736709665343339370e-01 -8.140120228150726778e-01 4.581008666620807190e-01 3.853206710371150923e-01 -8.056794705076955054e-01 3.746874873637495718e-02 -1.856433320164272427e-01 6.828228103822286954e-02
4.652684301880638529e-02 1.165333276464670664e-01 5.887247112786402337e-01 -6.945046991381047530e-01 -5.158360409380846612e-01 8.657784687723881767e-01 -5.814772926318558799e-01 -3.885462632878398104e-01
-7.854745126419067081e-01 -8.007540720650454524e-01 1.092661992270806959e-01 -7.748548982710377064e-01 7.615892027680435383e-01 8.139235120303387472e-01 -1.227264815591018188e-01 -8.703379981959384892e-01
8.068720976927603594e-01 -7.100997261871728750e-01 -7.787383546085819841e-01 8.789130105153764028e-01 -5.081113743340273103e-01 8.294040728753566682e-01 -2.189372036551013867e-01 -9.555467604966427775e-01
-2.799237502471021433e-01 9.123128116912315733e-02 6.418096255784608850e-01 7.629824929639315023e-01 -1.796239840400855048e-01 1.880138889751115094e-01 1.027299617206314242e-01 -8.961752609847879469e-01
-5.893460042116742681e-01 7.235748330960656283e-01 -2.382422289737602394e-01 9.209200753675617079e-02 4.162806607066937836e-02 -6.193501837517128017e-01 4.658202342024990728e-01 3.931521125443593334e-03
7.394205250068062174e-01 3.795428431453282681e-01 1.317784309930734032e-01 8.594031001332589348e-01 5.735379973021141886e-01 6.834285346924551252e-01 8.520089130137360467e-01 -6.751634814701710230e-01
