-9.768731062596354153e-01 4.550658995131273699e-02 1.341653016459987136e-02 1.831915996805220104e-01 -2.473921274086703370e-01 -8.565803685194424144e-01 -4.922087293005061870e-01 -1.528634773803672076e-01
-4.720824077944554276e-01 -6.467052186834436611e-01 3.179129883144700131e-01 5.236981353336693790e-01 1.075205787491466669e-01 -1.792479048007908915e-01 4.852135615583563766e-01 -5.108265641691291936e-01
-3.037720549997213748e-01 -3.366979413533472965e-01 -3.335315194990433607e-01 1.516733798274052525e-01 -1.027873861460952831e-01 -5.955644112479971941e-01 1.905977455187946035e-01 5.620850750504284843e-01
9.170736571375464052e-01 -9.161600988370091070e-01 1.561261495410766198e-01 -2.275755909779324515e-01 2.221501617285914776e-01 6.225878056669593708e-01 3.228192636973539198e-01 9.346501176025905355e-01
6.336700332762912335e-01 -3.487129490084701633e-01 -6.898474643499425962e-01 -6.942265294676817078e-01 7.921484482198479782e-01 7.576801279320526383e-01 2.466577573378567756e-01 9.572832020232253658e-01
-9.645277587439904377e-01 -6.038194408644774747e-01 -6.397012796496330811e-01 9.405672234263346976e-01 1.347333391432141703e-01 -4.835703859672091376e-02 8.351919407464252210e-01 6.165003910477973026e-01
-5.844616035969585344e-01 8.921130767270981643e-01 -6.405409497566021404e-01 -5.676992050638896004e-02 7.101092204735877100e-01 -5.615672340958381970e-01 3.179478805658040308e-01 8.165444951965508125e-01
-2.472230996561115557e-01 9.008785996834696164e-01 6.425229197629453992e-01 -9.232761803678848356e-01 -1.560441122689057991e-01 4.131638680375826489e-02 -3.559336751843307223e-01 4.032258700380579874e-01
6.350898216018996401e-01 -2.764838780416933872e-01 -8.882564745207781609e-01 -4.593495430523431011e-01 -7.915629531530554708e-02 7.873828715175466009e-01 7.406988321893102079e-01 -6.249174911318946535e-01
-3.603222605795257660e-01 9.012322515649460186e-01 4.362665926857032250e-01 9.439964525110340343e-01 -8.256160524397861966e-01 -3.669692797473160795e-01 7.401687564031804722e-01 -6.881921100956118753e-01
