2.995009057026809529e-01 2.792181232775969857e-01 -1.007047074324765035e-01 -2.525434173824794293e-01 -4.375037541706539024e-01 -4.832038407593135521e-01 8.112016014222944715e-01 6.913939562038959874e-01
-8.547066602998842910e-01 -7.311954013201062974e-01 8.397405970498710293e-01 -7.621761571848448824e-01 9.826969847884348130e-01 -3.572237264073283569e-01 4.346567899397699719e-01 9.872117790635257517e-01
-1.660957481397011826e-01 3.672196700084222609e-01 -5.119654244162081813e-01 -4.069048852097312263e-02 2.037293455303330614e-01 9.518395721090575634e-01 6.674580154532203657e-01 -1.159294198088061112e-01
-4.157874828269214618e-02 4.303586123791023343e-01 9.199811351453832664e-01 4.228541030012025193e-01 5.621675852048071409e-01 -9.594423107667935380e-01 7.132975721726373397e-01 -4.635264787263611019e-01
4.196950425152550235e-01 4.297482576724065417e-02 1.882446274522011631e-01 5.393704852604783717e-01 5.015861330919537675e-01 -1.533505664280525593e-01 2.941848222142242619e-01 9.860528117302131967e-01
3.694667620323475177e-01 -8.027934679909980442e-01 -8.472931959141867253e-01 7.163794514279997472e-02 -8.128610571023431319e-03 7.894631364045328059e-01 1.847943229777004870e-01 9.389356451792676417e-01
-9.508221982012265983e-01 8.850092130690576653e-01 9.134939864822491096e-01 -3.047156995392825696e-01 -9.442440955617759091e-01 -9.000716765544918285e-01 3.242131732931383681e-01 -3.069520059315267169e-01
5.471947571716686554e-01 -5.373162319190605274e-03 1.089061208930066638e-01 1.846047075461356712e-01 -1.169668194060073940e-01 -8.753853201274246487e-01 -7.303264447182447050e-01 3.209937650512628693e-02
5.279110020395840763e-01 -6.657087688208114251e-01 -3.819084913228900646e-01 5.493818102039895734e-01 2.443324285020531672e-01 -2.295018137006941128e-01 -1.043724182792218347e-01 5.993320088424458625e-01
-1.711787769289914163e-01 -5.453357674515106890e-01 4.315390753207948293e-01 7.836509323483085154e-01 9.740145984895798303e-01 3.076437264353013568e-01 -1.622612274834618340e-01 3.811990855426823366e-01
