-2.732896105512550022e-01 -4.723653669021214974e-01 5.390351635855430423e-01 2.360765032102256633e-01 3.903429198478760576e-01 -5.320831315519343185e-01 -7.495119081432395358e-01 -7.587193507274312410e-01
-1.900319753763783925e-01 3.098636814097532888e-01 -6.532184922181587527e-01 -4.096536893673774493e-02 1.001874548214050087e-01 -2.002103874427978436e-01 -8.100241174225140117e-01 6.389866020252694678e-01
-5.459145948891264144e-01 6.276268542572354114e-01 2.876236351230880839e-01 -5.051772984246105658e-01 6.993553817843678466e-01 3.265753117717020704e-01 9.579814579528751484e-01 8.661420637387033938e-01
7.477032438728858921e-01 7.962751991623757686e-01 5.271428169671432684e-02 -8.201712239242167080e-01 7.908595713438915098e-01 -5.541106824827650712e-01 4.490184996166857179e-01 7.535704775332785488e-01
-2.974097764902821073e-01 -9.393528237023183181e-01 5.164535321854448746e-01 1.668580920112239241e-01 -1.314942881383611706e-01 -7.310144478676994240e-02 3.035108696770889569e-01 3.206813211919514739e-01
8.926892515673250372e-01 -6.522099817143738321e-01 4.031540238841304635e-01 1.546763984693688698e-01 8.384993320835838482e-01 -2.232054218120471667e-02 9.940753018692849441e-01 -4.552384174662071903e-01
-8.136527488154483567e-01 5.701395477428472525e-01 -9.810123445146252674e-01 -3.657989436503230607e-01 1.182723373359455543e-01 4.788948603038531981e-01 1.862063562287694651e-01 2.550152161328473888e-01
3.554590004027915473e-01 -6.041421752870974604e-01 4.973408731757158474e-01 -4.496901408126905419e-01 1.871522633162017168e-01 -5.903002596258821733e-01 -1.287440526608945035e-01 8.604976319499284543e-01
-2.334354651800736313e-01 -8.585011433559261995e-01 -4.635848792476253699e-01 7.895361202072650464e-01 2.148655573114020001e-01 -6.575170679361508341e-02 -8.253341755631065091e-01 9.185489944638947080e-01
-7.060225685487184766e-01 8.474640576454737229e-01 -6.059858463263549933e-01 1.012902477934147782e-01 3.030878540602945925e-01 -4.735507666491329815e-01 -3.778392936513637057e-01 5.685703247699740448e-01
