-7.912466828769781912e-01 8.113725859083185110e-01 -1.577299200277217928e-01 -5.384085799345821322e-01 4.937534751073990869e-01 -5.948237535471021520e-01 -6.739166026264915565e-01 9.167909428040770248e-01
-8.028649186786376291e-01 8.854663367335944280e-01 5.187381771537336039e-01 -8.644484139360641972e-01 -5.088103396242562582e-01 -4.727247380284287370e-01 6.348534837977226619e-01 -6.247941729990773574e-01
-8.625134903939837283e-01 -7.241054561292163960e-01 -9.758554116384829946e-01 -6.465457462442922854e-01 8.994961561846912534e-01 8.549151404598818171e-01 1.679572848875818813e-01 -6.082415165200865115e-01
-4.374663514293031241e-01 -7.158019824608081727e-01 -8.123706547564712999e-01 7.282501001780223859e-01 -5.610463518978017206e-01 8.012010991383737846e-01 -5.804270028448019758e-01 -9.455242049944254656e-01
-5.934386844340884259e-01 9.229416775126775274e-01 2.986192497155015779e-01 -4.133267885019324961e-01 4.290345044664454210e-01 1.223387864824614368e-01 -7.222961426165714904e-01 1.978835501459419444e-01
-9.835746097691155931e-02 -3.907643416233992362e-01 7.435530283907749727e-01 -9.312855670710142864e-01 9.701395945945618937e-01 -9.952158316388577397e-01 4.314865742576483587e-01 9.000708055846191602e-01
4.889193353750007631e-01 8.986960654961209105e-01 9.515688082714086615e-01 5.994146055398346107e-01 -7.911088175290483804e-01 7.643797949198196662e-01 4.690329684503620200e-01 -1.399199486543636350e-01
-2.699514678930274858e-01 -7.376170686707639312e-02 9.045908493227410307e-01 -5.771458084886800233e-01 -4.499924457764206132e-01 -4.801479400307073764e-01 4.730001237091063793e-02 6.256682747263098143e-02
2.183826131235300227e-01 5.813964446099648686e-01 -1.647365569857877077e-01 8.341433257703931847e-01 7.929588762838470917e-01 2.333825588883413626e-01 -1.591910179968187844e-01 6.191128471114737408e-02
-2.593600984849440128e-01 7.221258243719539394e-01 2.705040116157291230e-01 8.550610461277872165e-01 -9.406173276209530698e-01 9.775163049763917478e-01 1.958290654466385838e-01 4.186786697607971508e-01
