4.593375633317524631e-01 -4.871515017675938086e-01 -4.061312482307108951e-01 8.416026112212615651e-01 2.430141803511520759e-01 -8.127665479392800485e-01 -3.662475721766715875e-01 -4.777831317353722351e-01
6.663939618310510404e-02 4.837128417394076507e-01 -6.613401324870222808e-01 -9.512994659015769905e-01 -1.346317905652925084e-01 3.193417938396485578e-01 7.076600156343513248e-01 8.241110752582707644e-01
5.975403316728233882e-01 -2.990760197101789419e-01 6.171135652958184004e-01 -4.251722277912166614e-01 -7.838421263748742707e-01 3.582835764809970680e-01 -1.804759165628839757e-01 5.644299989190491029e-01
-9.765581050868452628e-01 -9.829888731686873271e-01 1.682436805551394965e-01 -5.383029670041339365e-02 8.252841390690390799e-01 -7.518153057473049294e-01 -5.468238373812372988e-01 1.007262516404745512e-01
4.376323646843292003e-01 -9.412571581642417140e-01 -2.626157430463855746e-01 3.599913061780810608e-01 -1.617206966859168205e-01 3.571975046031199419e-01 4.473515092232094315e-01 -5.298553407235706558e-02
-6.780666765404648189e-01 -8.537731494121201248e-01 1.044675768333895860e-01 -6.823731794013494500e-01 7.296062472340025806e-02 -6.046624562464057995e-01 1.686505264236251023e-01 1.561311777649891930e-01
7.076618581837283983e-01 6.182295171226970254e-02 -9.849614563243440646e-01 2.681106615405761673e-01 3.249844947271358642e-01 -5.084500828368698766e-01 2.270323896558170684e-01 4.073433645257789060e-01
2.564218547067584897e-01 9.338251637034207242e-01 -4.184727558831606853e-01 -3.647636781185230603e-01 4.970154917006284201e-01 1.075067342401767601e-01 -7.742105152476526087e-01 -7.520812733412269857e-01
5.274460371195490715e-01 3.912241557395232938e-01 -2.987436015556383939e-01 8.025728943740713106e-01 7.999728498834293156e-01 1.760396245478259569e-01 -4.574076672323483805e-01 4.526844050185614421e-01
-5.200764447939942858e-01 9.647613986387000296e-01 -5.209275401335520250e-01 9.118530379447808976e-01 -5.488197130718548422e-01 -4.206900492877310160e-01 1.089439458555996332e-02 7.755956337322400529e-02
