4.878903189444554478e-01 4.170676219026792086e-01 4.187207113102489053e-01 -2.688285266565086928e-01 -5.637069488760795277e-01 -6.879762258741997094e-01 -9.129518426364240380e-01 -8.857251955163094603e-01
-6.887019837693868496e-01 2.434272751879953400e-01 -8.100732682296993836e-01 -6.025953431866981624e-01 -3.308405003475261008e-01 -6.900893162591419383e-01 -6.689215643449910598e-01 -9.627695217219880419e-01
-8.283142068769899780e-01 -9.906425573439416876e-01 -2.124822786207607450e-01 -9.732646849991837268e-01 8.139522920809034723e-01 3.364992573351506255e-01 -9.943635919816578017e-01 -5.565086694899950004e-01
9.461098161648751059e-03 9.850739123840452915e-01 -9.959410351844988352e-01 -4.166094021203361475e-01 3.219782407593396734e-02 -8.616298706613130243e-01 -5.264901717146670546e-01 4.183479551226496618e-01
-7.979757612934144095e-01 4.835702139660069676e-01 7.065222487756148695e-01 7.308461721385191012e-01 6.165215444765808073e-01 6.681090911225378015e-01 -5.426003249566515585e-01 -8.429216614796690710e-01
-6.430803525915433916e-01 6.134364333577611017e-01 4.704941604329215821e-03 -9.213808654370749807e-01 -4.283903699426234724e-01 -2.769993032802395838e-01 8.795504583250222108e-01 -6.232578682188147923e-01
6.298862470124082513e-01 5.722588905410579407e-01 -1.405634162433930801e-01 1.348450779985894687e-01 2.409623335124591037e-01 -6.677638762350626145e-01 -8.550783872493665783e-01 1.409679350128132391e-01
-6.275150072076218777e-02 -9.709276924343559489e-01 4.036153004678793010e-01 9.006332288433473998e-01 2.261929394671058358e-01 9.000455911597695646e-01 9.570873653127409675e-02 -6.143727215619034787e-01
-5.722359666880216800e-01 7.337802224038718624e-01 -1.038884208938646303e-01 2.099263914831039912e-01 -3.695435164369755832e-01 -3.406335277425713848e-01 2.413546475346495246e-01 1.404272540056414886e-01
-2.943320604308905519e-01 1.885832385596635241e-01 5.348052371458351661e-01 -4.619447212510960910e-01 2.477708878305531215e-01 -3.449707443098675164e-01 -4.318566784150477122e-01 -5.031547554399473654e-01
