3.563590140497092662e-01 -7.196325202127644705e-01 -3.216905229649213993e-02 5.004726427538308542e-01 -8.051165106557702789e-01 1.843975172143652586e-01 5.603155844843772382e-01 -4.679301464249210341e-01
8.037638989709419146e-01 2.094242748657886288e-01 -6.655747639180908948e-02 -6.495216178319340727e-01 -8.014036713574694826e-01 8.936432095008364218e-01 -9.474407066599992433e-01 3.268431074725894891e-01
1.855311779171375797e-02 7.427452926706501479e-01 9.344696988711738150e-01 5.118928201335906092e-01 -4.845011812557451503e-01 -1.321304127288887020e-01 -5.171267645888260045e-01 6.208033150163083658e-01
3.079355421282472527e-01 -3.934850240223641826e-01 -1.479850288740391928e-01 1.880772209590471089e-01 8.024977821205685480e-01 2.237817208720500606e-01 5.203955835368021532e-01 -8.771152240705184511e-01
4.379967226495851129e-01 -5.727869325465178019e-01 6.894323051748882936e-01 -7.471301422142895277e-02 -4.033750889308933552e-01 9.716816033231727712e-01 9.807256625979019482e-01 -3.072920986177885005e-01
-1.966007471614632518e-01 -5.646441276968026113e-01 9.245944442584987932e-01 3.663615244340003851e-01 6.400136277057268952e-01 -6.468648033409154507e-01 8.857344716668724693e-02 9.711535233285688573e-01
5.107994234156854052e-01 6.566565463838469618e-01 7.177266830153075095e-01 5.501028090088002642e-01 3.132539344254332558e-01 1.886946430665763508e-01 -2.792551621037444587e-01 1.830059254398066493e-01
-1.633034065281684377e-01 -8.882600367070094816e-01 -7.395141625079890701e-01 3.196785042282566103e-01 4.831431595742698981e-01 4.062960946158884479e-01 3.402682932455731724e-01 -2.855552810304304856e-01
-1.836140980582134929e-02 9.533732532733938392e-01 -2.015486853251973187e-01 -9.408020422404650418e-01 -7.444261600210273500e-01 3.287686378274556898e-01 -3.190542731457570724e-01 -6.344709802689527667e-01
-7.538841889246541417e-01 4.870927896832861759e-01 -3.617172753805004692e-01 6.964306813763259107e-01 -5.704765210547879661e-02 -5.097575609978135525e-01 -8.652269857009406984e-01 -7.596299333411320465e-01
