-3.365600321269126560e-01 -9.446689776941308292e-01 -2.258661831272621434e-01 2.132763669170674170e-01 6.873544191588323304e-01 -7.533258345646673959e-01 -3.886591640982617335e-02 9.928087880437275192e-01
-6.500664510259794859e-01 2.651586327099386686e-02 -5.417382961526235885e-01 9.635596275234106223e-01 -7.371578397919358316e-01 2.699759650369026875e-01 7.905240633694643471e-01 4.417618736118551492e-01
-7.843377054703284390e-01 2.119924107033639427e-01 -3.871243012572449516e-01 -9.501499025030624157e-01 -2.772659478282228918e-01 -5.031949579658534510e-01 -3.474556012370015878e-01 -5.846010973784205866e-01
-7.675074707711231348e-01 -7.892811346952255391e-01 8.222463074005021966e-01 4.343961191157472701e-01 -9.090060907024428705e-01 -8.762337966806630352e-01 -6.874716541299465966e-01 4.240662554932903561e-01
-2.617470867176494576e-01 -1.837431031370500012e-01 8.833543854260919037e-01 7.119455148926188137e-01 7.193372341447838991e-01 2.635229100741736108e-01 -3.236743533634631742e-01 9.081904204654134283e-02
2.232697417748950031e-01 5.984259889966174750e-01 -5.980310566580977483e-01 6.585602229059135393e-01 -2.154058240818343961e-01 -7.736625671444450347e-01 2.635663719567933327e-01 7.513907301511921766e-01
-9.829049934030562596e-01 -5.009083389397279706e-01 1.471501396184937693e-01 -8.617910542716211708e-02 4.449008498419668722e-01 -5.127177938243396849e-01 -3.441779814813596960e-01 1.786777035034643468e-01
-2.441891894239309746e-01 1.127378376317778041e-02 -6.127014222819329170e-01 -4.577195981634485378e-02 -7.775461231573181919e-01 1.628219339115040132e-01 1.608348540697552842e-01 -9.894195129375593645e-02
-2.790712946671594086e-01 7.130009169033910688e-01 -1.360298096526448841e-01 5.679980226127006038e-01 -6.734800485050267405e-01 -7.850457417499390189e-01 -4.667695225341093046e-01 1.050316187219153541e-01
-6.939614401966802681e-01 -5.159605469037518155e-01 -2.816524407541780572e-01 7.999902762675532575e-01 -5.697294551242788607e-01 -7.025648561489985511e-01 -3.009072060556805539e-01 8.715314630418835584e-02
