-7.539892898646627373e-01 -6.243051029057895551e-01 -5.148465596154454538e-01 8.828281267921940234e-01 -4.308489770802947927e-01 3.750967255225909902e-01 3.503130650414336689e-01 -7.427501047388243016e-01
9.121313021130557086e-01 -2.228050677450179595e-01 -5.261441170484524310e-01 -1.251333381347028428e-01 -2.617457926516069122e-01 -9.692463715202841446e-01 9.879903324216554594e-02 -8.916972081815814910e-01
9.236233096352617356e-01 -8.650035063270036240e-01 -7.997048493039553563e-01 2.102482964906615681e-01 4.908972149399577489e-01 -3.845899433600383777e-01 -8.691423828730473478e-01 -9.884677329912274768e-01
-8.927644868727704353e-01 -9.027521585421305339e-01 3.261340905069360918e-01 6.841756221973815943e-01 -8.162705920779369517e-01 3.584897535357940423e-01 -6.994004073375559294e-01 9.668964495944771809e-01
-8.404278775725344541e-01 9.423939150837716827e-01 1.533076988793615758e-01 -5.937542281896108776e-01 2.455614855620318338e-01 9.359374491546565977e-01 5.583719455553712852e-01 -5.438421525967529480e-01
-8.747330965205586395e-01 -6.345555233914195181e-01 -9.738650537961648368e-01 1.699857871409085064e-01 -2.364445801293828531e-01 5.163777772659376986e-01 6.797794177786569136e-01 -9.793413171629894443e-01
-5.113850539564772646e-01 -3.180890873209307745e-01 6.139096502884733297e-02 1.430917226261945174e-01 -5.724551329237277386e-01 -4.116915855849891948e-01 -4.388588482969508764e-01 -3.974922920002121884e-03
-7.736719216859253567e-01 -7.510742443692706161e-01 2.484461373350610458e-01 -5.411562030552679037e-01 4.145487112918713191e-01 -2.044879766648948216e-01 -1.158641809887939189e-01 3.309887426580890857e-01
3.269931341396417057e-01 5.919810644832113056e-01 6.796948605996762094e-01 -8.615774738954047329e-01 6.005420153389058324e-01 -7.223973967127337303e-01 -4.967454398006247995e-01 -7.857753246408758496e-01
-3.332037250678596685e-01 5.972554248794825771e-01 2.464585552422118297e-01 -5.751009411682934669e-01 -7.462979715578370588e-01 -1.114069624648055257e-01 9.795932016189645708e-02 -5.337706350434565650e-01
