-8.061373340582211888e-01 -6.285611312836227871e-01 1.293651883545585690e-01 -3.221070689541869481e-01 -4.025211512025643756e-01 -7.905968347123177864e-01 -3.779607473491795044e-01 3.639680195748786762e-01
4.199020632479049109e-01 -5.268568497890115943e-01 -8.858917271485098333e-01 6.230042521465335437e-01 7.712712846621683216e-01 3.383640389990134612e-01 -5.801627333509009610e-01 3.706665498380057322e-01
5.776688548928718969e-01 7.017110429307700237e-01 -2.111199082462122956e-01 -4.395988216219115507e-02 2.164478648378276304e-01 -4.411296548717467125e-01 -2.019863153963750158e-01 4.956857997726789034e-01
4.802959280730929592e-01 1.271568782529577391e-01 -8.815480534165041071e-01 -8.364214768016728918e-01 -9.823458153108624025e-01 -7.752398399517592686e-01 -9.210913886031613096e-01 5.373509065995094591e-01
-1.888863039387136400e-01 1.273203038905759144e-01 3.487617909575333464e-01 -6.653878794833723020e-01 -7.659766372470400153e-01 -2.507665542364985178e-01 2.136512546696816006e-01 -5.686698632729632052e-01
-1.681778307761150337e-02 5.068622709242194269e-01 1.863571031934880828e-01 -9.476516874124560896e-01 4.510212190443985136e-02 5.772654562238288545e-01 -8.778873061228968933e-01 -2.719575533107156939e-01
5.612041172899646657e-01 5.108432704012004777e-01 -9.880453432231870448e-01 8.084095317183417340e-01 -5.497895517245430241e-01 8.314149760931845989e-01 -3.670170743538041513e-01 -9.155930671201528703e-02
-4.731363901950960127e-01 -6.934124345963545988e-01 -3.170334623818547026e-01 8.362551339414348028e-02 -1.343581312201869160e-02 3.639840480698277592e-01 9.208191380432784179e-01 -1.523725307033938492e-01
7.840367596125061844e-01 -2.324609934801962208e-01 -7.033357082205848876e-01 8.913434625844427472e-01 -4.713034650212719612e-01 7.848064691191556363e-01 9.163108989416737238e-01 7.647102715117115590e-01
3.648140578850023186e-01 -9.766647255394336202e-01 -3.949022961587720371e-01 -2.796505812643279576e-02 -3.185342640949162529e-03 -3.418590328630144448e-02 -8.756600249416581772e-01 -1.657007944165349578e-01
