-4.219475881310068566e-01 -7.071600082946087884e-01 9.749462447440742086e-01 -1.403804298864099742e-01 -6.327621650219132921e-01 3.229759553022502061e-01 8.326430488059277657e-01 5.270610817839362916e-01
-2.591761149638616146e-01 1.526515493317437411e-02 4.885118127816934219e-01 -2.627333707111025873e-01 2.526742946126618872e-01 -1.988069379014218985e-01 8.474926409168430652e-01 4.403359228787318003e-03
1.364514155721361366e-01 6.613391378038768753e-01 -4.245107488614205948e-01 5.290349718954987512e-01 4.586188829999835459e-01 -1.872079442521179526e-01 5.311668830829043841e-01 3.889953985733038966e-01
-3.488676426591208468e-02 -7.506699786453914225e-01 -9.625240898264542100e-01 5.171788089723161619e-01 7.552400732316462140e-01 1.180902683355291583e-01 -7.060780811508036159e-01 1.900236160829960053e-01
-8.311447931475619555e-01 4.962574727944697450e-01 -7.334336484947914236e-01 9.613981575786123557e-01 7.048890321569580841e-01 -8.628069570464165228e-01 4.934254482227153904e-01 -7.832758715099481517e-01
1.892128265235726303e-01 8.130351443881784768e-01 5.885896862256534412e-01 1.579770093433143785e-01 3.974960786149801528e-01 9.211129073441997051e-01 -8.855119531894881657e-01 6.429508036264137694e-01
9.297845947588403437e-01 6.682275640057162569e-01 -7.395860173902804036e-01 -6.759172194350195895e-01 1.806481769235124268e-01 -8.045638180391325722e-01 -1.688161094221212188e-01 5.959884126786891834e-01
9.307921223298878388e-01 -9.738353830960255753e-01 5.720714098514596557e-01 -3.441504746403345472e-01 -8.629926794184250571e-01 -4.101532003073460331e-01 2.951762411707894440e-01 -6.713123622357923814e-01
-1.511261138764627976e-01 -8.952497279943731900e-01 -7.308159866666232851e-01 -2.532488191650845710e-01 8.646704263873437046e-01 2.488643352428772104e-01 9.896543477373538344e-01 2.896265949317904376e-01
2.167680597746299842e-01 -2.174532964183597539e-01 -1.890606621929116216e-01 -7.424170141156030134e-01 -8.491504716122368901e-01 4.535036035808048815e-01 -5.093463902418191580e-01 9.013133038806488972e-01
