-7.045778802848401412e-03 3.441661029819875761e-01 -8.756489686650168469e-01 -6.944364983623019238e-01 -7.432222541835582508e-01 -1.019708949498070449e-01 -7.749692468675115631e-01 -4.907978991507544464e-01
-7.658697593188656949e-01 1.143369255032928855e-01 -8.733794792716629285e-01 9.559362333872425399e-01 4.947712778501398567e-01 9.730563919196923983e-01 -3.528813897814861988e-01 -6.850553368149387978e-01
-2.328717129527966279e-01 -5.865792500577491353e-01 4.257071864386445803e-01 8.279566379634364370e-01 2.181136759804802594e-03 2.635977358312016072e-01 4.737168277401582195e-02 -9.613213867190653072e-01
1.309866125114620417e-01 2.858505048110915325e-01 8.075604840445675947e-01 4.610646792534967009e-01 -9.063595551301688591e-01 8.843123888808737121e-01 -4.001682279018767829e-01 -5.576015726977474607e-01
-3.493910918560270140e-01 -9.026313694908114638e-01 -8.832425303761484159e-01 -7.717099171999959317e-01 -2.760701837526131630e-01 8.314328679771920694e-01 1.970592240483914903e-01 9.773971094652744718e-01
8.864222249482860416e-01 1.638243174409492742e-01 -7.760714122161105344e-01 -6.415923938325247544e-01 3.213656959078037278e-01 8.408585475714211999e-01 -5.875517726883101588e-01 3.060074921271176418e-01
-6.115078969277831789e-02 -1.955487048298047981e-01 -3.726176066939954623e-01 9.837856460031118022e-01 6.523006830453819127e-01 -8.912538242245104936e-01 -5.995540001946002562e-01 -8.701928475146432085e-01
-9.962500548540385026e-01 -2.692863454643876775e-01 -8.934628888252924561e-01 9.339772895940829933e-01 9.484078680472491918e-01 -8.408296243841955064e-01 2.812205323277150448e-01 -4.030015521272134471e-01
6.062131967884623052e-01 -7.260982658651915500e-02 2.649886483456849184e-01 -1.489426388162604642e-01 8.339404611739036355e-01 -6.833285471650056841e-01 2.824337689566798204e-01 -2.413852493561794432e-01
7.330941836389972543e-01 2.803654843441718558e-01 4.838520721158829918e-01 -3.532510764104070944e-01 6.622278996179082888e-01 1.830794398922461763e-01 -9.834598011357005287e-01 -8.089583955259673775e-01
