1.962930243441411982e-01 2.095165143060353508e-01 7.572959565349388633e-01 6.056540124452824969e-01 1.171216284269591679e-01 -2.595480020090794593e-01 -7.320262875916634382e-01 7.579067082024903979e-01
8.495873674234610817e-02 -5.762103298231733284e-01 7.799309253091011307e-01 3.962025838686413781e-01 3.504055617978050208e-01 7.144291183048130378e-01 4.019029408781344959e-01 -8.078356835722857454e-01
-5.524282036294962950e-01 -3.234929065162370776e-01 6.614535460661583599e-01 7.121236800688637292e-01 8.792259878866319767e-01 5.251381842405422606e-01 1.901697364992127604e-02 7.617126616972327291e-01
-5.145285298291051301e-01 -3.125512675736847878e-01 5.299325725291936795e-01 4.337224220668414176e-01 3.686917630990829142e-01 -1.440023474882645704e-01 5.594077577223299791e-01 -5.339955903042195029e-01
-1.427411257090656083e-01 -4.437752938208374687e-01 9.600678697144615636e-01 -4.623012592196018566e-01 5.543938616374559647e-01 9.516077499515624982e-01 -9.660415970051545731e-01 -3.020631064743959371e-01
-3.195460120877393617e-01 -2.231595462215756331e-01 9.463459964622602527e-01 -9.351471165179490175e-01 -8.952021693613541053e-01 1.347159265207553691e-01 9.801046632550851623e-01 3.189568058825156260e-01
7.086865386104128639e-01 -1.675085586618751954e-01 3.473195663381245524e-02 -8.412633086022200946e-01 -3.966225195609964782e-01 7.707208672490757362e-01 9.577248721821154387e-01 -9.693882948726018078e-02
-6.338747263906110430e-01 3.953663684856691951e-01 -8.868439523763438359e-01 3.544410238221749054e-01 2.499807174816117694e-01 -8.240740098628709376e-01 2.782596526597902464e-01 -1.030385212171269771e-02
9.121379990196465393e-01 -6.142371239361850144e-01 -3.915738415432172825e-01 -4.980234652014110530e-01 -2.172316094055819491e-01 -8.717762413554852596e-01 3.387051823241300497e-01 -4.033990227185759725e-01
7.963183394925674730e-01 -3.069674286365604576e-01 -1.749234764744016513e-01 -1.957024524936277210e-01 -6.332259937092781232e-01 2.809841227632581262e-01 -8.242015717872914760e-01 -2.262145079533308678e-01
