-2.961278371454678648e-01 3.168209988698518220e-01 5.102963459746630015e-01 -6.354262508240848817e-01 3.276185785786858151e-01 -4.642722699621404381e-02 4.133362467100709647e-01 -5.797314602419580964e-01
-5.381972011470812500e-01 6.789118016482462714e-01 -7.650630178392441305e-01 2.753123413754334781e-01 -3.969714915796569432e-01 5.355349479294626569e-01 -3.782542742829728688e-01 -1.395501884147520855e-01
7.195825319910229556e-01 8.345744530448102605e-01 -9.831766822129739403e-02 -7.120022582164517999e-01 -2.390717882666730798e-01 -6.484889061450775927e-01 3.449773437174648016e-01 -3.479647880414373784e-01
-7.541720934524278608e-01 -7.498321663472806708e-01 -8.027806580353205046e-01 7.539297211851991865e-01 1.843217040011233543e-01 8.511576269520377824e-01 -4.545506972920112521e-01 6.717178128094403178e-01
-2.639868497611204123e-01 -9.108163975315719529e-01 8.354779573599657727e-01 -6.337037890543764096e-01 1.832446302832611007e-01 -5.591496040873729090e-01 7.906177957058013739e-02 4.656727560090936358e-01
-9.050612076789996685e-01 -9.540297337807555067e-01 9.781103816510965387e-01 -8.958301570945446102e-01 6.946193008197638630e-01 8.219724706009157167e-02 -4.255033480832837167e-01 2.405368430181125117e-01
-3.407838891154129080e-01 -9.786174704652972345e-02 -8.830786071612479748e-01 -1.694519537303529333e-01 -5.084796438446397282e-01 -8.854191307612577777e-01 -2.275718469474421468e-01 4.548474888795821514e-01
7.345244233938552636e-01 -7.191290385501298843e-01 6.161080172093840179e-01 -1.543769873046372254e-01 -8.657492638019483877e-01 -6.757882347849144544e-01 -8.088956682533687825e-02 3.910474058139443709e-01
4.900538159060032761e-01 1.427077884645995276e-01 -2.374400322789926854e-02 7.466575950238387716e-01 5.825742075505861983e-01 -1.460582001904049410e-01 5.065648649882081855e-02 -5.814893832870997592e-01
-2.167348284767249833e-01 1.379830860345072630e-01 1.210547045563645785e-01 -1.917313973608445465e-01 3.199812213095527547e-01 -4.146051254892160198e-01 -4.525548247981820982e-01 7.736443866092030941e-01
