3.525996361836361004e-01 9.166360694081776561e-01 6.297950359786645969e-01 2.416172341125146783e-01 7.561386850862217290e-01 -2.731450673783948346e-01 -2.880094663132968247e-01 -9.694139054489407936e-01
-7.190918410818614159e-01 7.313743635454212910e-01 -5.283263679544272229e-01 -3.616682446771917192e-01 6.081966000472398548e-01 4.400052409748700377e-01 6.449148186499775726e-02 1.677752749671859167e-01
4.296867510419613012e-01 4.478362324266991212e-01 2.752650713555166995e-01 6.171913918605533844e-01 6.967224366268989222e-01 -2.795591838981821287e-01 5.108721522009695981e-02 -3.391931738301252608e-01
8.768109446328415935e-01 -6.076474049536606525e-01 4.439116784614849376e-01 -3.311151920759642930e-01 -3.291307429920657945e-01 6.148244820874118055e-01 -5.067090140156484956e-01 8.655956858527320552e-01
1.381685717609779651e-01 -4.496195556408744132e-02 2.932291531897310843e-01 -6.181670248400017442e-01 8.809344736509574503e-01 -2.183774145176160530e-01 8.827317392442772803e-01 3.812160464673328697e-01
-2.296884924790305593e-01 4.241038222305479888e-01 -1.021779759814636090e-01 -3.334212063134533999e-02 9.673759059952629080e-01 -8.612157460374931794e-01 -4.071540745594410815e-01 1.119051404888287138e-01
2.194415875780164615e-01 -7.028129054978000667e-01 4.460390034823167316e-01 5.222129783172237971e-01 7.892837064122335544e-01 -3.260885574274374754e-01 5.145925644621129891e-02 -5.173582768637965401e-01
7.787022319538006165e-01 6.416230622115224325e-01 -4.307948642481944646e-01 1.837982866599534582e-01 -9.403769885180834898e-02 -6.719219296667011676e-01 -3.938790587920943942e-01 -9.681360448556910470e-01
-6.164292495949430517e-02 -3.541034773391673607e-01 3.648933119077257814e-01 -7.201814154544210478e-01 9.438305189597011591e-01 9.282737662373132803e-01 -8.905781355114206210e-01 7.076302677344497027e-01
5.057744985425982609e-01 -4.197589490982365223e-01 -9.627811874878808851e-01 5.976965621582319699e-01 -1.849313999428980893e-01 -3.540682297640824761e-01 5.401769278113166539e-01 7.366538156618513966e-01
