-2.662512570124424549e-01 -7.208777009514324430e-01 -5.661367090776892042e-01 1.136392548151354820e-01 1.604485871381540196e-01 -9.221666126601375524e-01 9.770289973292975994e-01 -3.320017013957985430e-01
-6.220940995411297081e-01 -8.328877057134840278e-01 7.160410209847227758e-01 -3.423087498372265891e-01 2.798409742046623627e-01 1.462491332805140321e-01 9.678053972416775785e-01 -1.240290568752644429e-01
7.999162607095113842e-01 9.173746852107371730e-01 -7.352440782632514438e-01 -2.528733715051472153e-01 -8.456779616392329224e-01 6.587742964304958981e-01 -1.329830733923764718e-01 -3.369041317436527461e-01
-3.972438490516543297e-01 -3.834313665748696476e-01 -8.092651161305595142e-01 -3.025399896659766164e-01 5.035304109401013140e-01 8.674086795104309910e-01 -7.915879901363802595e-01 -8.337640990576409283e-01
5.711632337621472821e-01 9.347111771206242370e-01 8.498486077132885175e-01 -5.980540883575742317e-01 9.798395725284037017e-01 7.037119775956184320e-01 5.248107071974941196e-01 2.879711988403865774e-02
-6.814827652943316050e-01 -9.191849750645706418e-01 1.091821628678180112e-02 -9.437726257134317898e-01 3.979532368079710114e-01 -4.632966234467827960e-02 -6.663890288322047439e-01 6.918852557980381679e-01
6.682938786158083566e-01 -5.676975537573203390e-01 -6.046207911844185823e-01 -2.287463180208753055e-01 -8.811433591815893696e-01 -4.536482075767473976e-01 -8.882126163718444545e-01 4.565572141999658662e-01
2.434755575911042857e-01 -4.920913803990556445e-02 -9.493885003349595841e-01 -9.243190182885219208e-02 4.908264199323244537e-01 1.999493603434054911e-02 -2.342105696472138732e-01 8.420015636056383812e-01
7.546635859010808467e-01 7.597235320992785645e-01 -1.620115157220605173e-01 -3.646568948344424133e-01 9.869777045912129232e-01 5.308199469573910978e-01 -5.044767066020212631e-01 -6.434335134840825088e-01
2.472115240184602492e-01 5.321374722885165998e-01 8.568101802966272551e-01 7.565678010691589961e-01 -5.191972402344744442e-01 -9.054438687407131425e-01 6.045639748345612574e-01 -8.213319526632578693e-01
