-1.272608402708745867e-01 -8.562460191816891886e-01 7.127412740025562687e-01 -8.528975908913078996e-01 -9.741098774273548866e-01 -9.987202993016270902e-01 5.489880715144361822e-01 -4.400247555883756156e-01
-1.350052837829098795e-01 4.197089413618146914e-01 3.638913588616987660e-01 -5.335920060422376654e-01 -7.168624678226909186e-01 -4.764921491230100781e-01 7.025887724604074069e-01 1.029889084288140300e-01
-1.204382010707027995e-01 -6.078920275038226517e-01 5.813328415680949490e-01 -2.885225578964603077e-01 1.852663650694141850e-02 -9.990846602845466773e-01 3.747482706353015836e-01 -7.558890210873212556e-01
1.967110687173969641e-01 6.990186677163836571e-01 -5.371027667276544459e-01 -6.691165103746143927e-02 -4.383800899404641793e-01 1.176111993493900165e-02 -8.213725341436113325e-01 9.626858182318154267e-01
6.015112400146538363e-02 -6.260291504465433921e-01 6.578943309526272820e-01 -8.204100732295704912e-01 6.957412068525654636e-01 -8.970748648479269782e-01 -9.789659670045280926e-02 -2.700457398435596179e-01
2.105744507285063349e-01 4.591857257770668443e-01 5.712403860927450783e-01 -5.694939126835163457e-02 -3.128002204189899160e-01 1.042426265373586070e-01 6.391482848143019702e-01 -3.337544466773050278e-01
5.616752767232142673e-01 -3.854851831239327620e-01 5.216709758736848279e-02 -4.108036789833890978e-01 6.792101036892543853e-01 5.873801175053177115e-01 7.508771630424753152e-01 7.968989586657970747e-01
2.854375615430710944e-01 -4.363976832281992735e-01 2.729075009671804164e-01 -4.434470157331784623e-01 2.378932992262094981e-01 5.215561161975479365e-02 5.624824438579900665e-02 9.108041029887932183e-01
5.337748953339236380e-01 9.436197562321930743e-01 -9.954182244149596404e-01 3.609449774798931809e-01 -9.211359316206524372e-01 3.807572519880690898e-01 7.994622226290117872e-01 7.452512543716198756e-01
8.161952746872658260e-01 -2.498001838161689747e-02 -8.449720818506301079e-01 -8.662161291145660247e-01 -1.256617511385014208e-01 2.240975603602606281e-01 -9.420906873115741931e-01 8.119699364121868435e-01
