1.720974895386087056e-01 -8.388053250033167263e-01 -7.935880765750562560e-01 -8.065611305086555216e-01 -2.505128721838101313e-02 7.084044354712109026e-01 4.677184361832376069e-02 -1.281793194392799595e-01
-4.958378733642665459e-02 -2.172239502724395699e-01 8.836680441825417454e-02 1.665306544271529798e-01 -6.164470004551652060e-01 5.236983732187807661e-01 8.412890556181154000e-01 -1.336931841217583461e-01
-3.667410264706973955e-01 9.476720201156907386e-01 -9.252563274851208774e-01 -5.761485755284365684e-01 5.147404096892853609e-01 -5.018417242641113329e-01 -1.547917784658525697e-02 7.529529296692323292e-01
-7.743606401120566307e-01 9.144800004892164047e-01 8.854617953665957497e-01 2.410086984085544337e-01 9.609039033225741377e-02 3.900320419757132839e-01 6.728749505117328500e-01 -7.988998285743438288e-01
7.470703259558115761e-01 -1.608657399213222483e-01 5.560335877442015295e-01 -7.107469901421077374e-01 -3.624630783205695650e-01 -9.787767126294359965e-01 -8.082396881287410295e-01 -1.027521261997204061e-01
-7.077932903738286541e-01 4.472740897469271726e-01 -3.364526967459189333e-01 -1.185968238641785799e-01 9.961738783896596505e-01 -2.742927007304214460e-01 -3.282908375625122055e-01 4.611288905046355691e-01
8.957409894127685845e-01 -7.984837283091423821e-01 4.847657886712284370e-01 -2.569554480358027249e-02 -2.275423757053165463e-01 8.285177696499850253e-01 8.242899872254247917e-01 8.955899320714293399e-01
1.172282349804678603e-01 -2.851513936941614258e-01 -2.655505093422978469e-01 -5.900630179678791887e-01 6.154835265555071988e-01 8.721620350184489112e-02 5.773866150219479909e-01 5.105532004076860364e-01
-9.618808117697812410e-01 5.935296521148150095e-01 -2.177729784373112487e-01 -1.798476348235356070e-01 -6.986962703638452954e-01 9.974095974775116780e-01 6.005794932247163764e-01 4.543265135990968151e-01
-2.239518632030512713e-01 1.057130356485340705e-01 7.484928048578778359e-01 -2.869238604444088736e-01 2.104538912861673161e-01 -7.264262990076384430e-01 -3.293786907782436657e-02 -6.078353393190647491e-01
