4.518576390168715928e-01 2.333211250568580919e-01 9.580115868274021729e-01 -9.876566363336625187e-01 4.353230583066736159e-01 -4.373073278262038510e-01 -4.177175164723894163e-01 -6.574819387940198379e-01
6.245897386013266050e-01 -8.523445178160906632e-01 6.989203048025964815e-01 -7.515671052884356218e-01 2.639223914682495842e-01 -3.934662100653236738e-01 -3.178266697324974022e-01 2.394897476953554705e-01
-7.440406350159600724e-01 -1.672192409555450787e-01 -1.985828830911215981e-01 4.283120667024875594e-01 -5.139990335794584198e-01 4.871308411254826609e-03 -1.484837630566666622e-01 -9.309040515168818253e-01
-6.738343758000959749e-01 -8.013461061741991021e-01 1.056293679182978007e-01 -4.605234773460677999e-01 2.300690864436736316e-01 -6.433646740841558742e-01 -2.874668743169905838e-01 5.096101607767136166e-01
-7.100243442951736927e-01 -5.535308679386561348e-01 2.810814737874682834e-01 -7.572561251089597878e-01 -5.421139190933308427e-01 -9.632059248559243780e-01 3.825175566404837024e-01 -4.009751753726198409e-02
-2.773532228675161804e-01 2.081712318803803363e-01 4.058834532862167777e-01 6.174054060976639224e-01 -2.769014819966530982e-01 -6.007840583183610139e-01 -7.470325056349909065e-01 4.281535525902748773e-01
4.984167769155867234e-01 1.618105412202288651e-01 -8.979668199371617643e-01 -9.828393106925530365e-01 -8.793035067624406231e-01 -3.778760358753121551e-01 8.678512710794805685e-02 -2.928353015431586215e-01
5.595644902744585369e-01 9.545231409055545679e-01 5.922718093184047294e-01 4.959134454516127555e-01 6.580882302202140099e-01 6.060639784987877920e-01 -4.332360418140557279e-01 -8.742776037368551467e-01
9.663877293457090456e-01 -8.145805211340162444e-01 -9.289571588451650541e-02 6.730994437321280444e-01 -6.533751921208958979e-01 -2.476236114669780886e-01 6.460265939598528462e-01 -6.315307993540866249e-01
4.937934033812971801e-01 -5.649738236538213165e-01 -9.252536964671780328e-01 1.922059133916131923e-01 -4.633149649689889404e-01 -2.076342449984573957e-01 6.618081092699961143e-01 1.914749303625375987e-01
