1.362318741009356238e-01 3.326896309801141705e-02 8.022278762537007335e-01 -5.794389068634373530e-01 -6.987540707227135606e-01 -4.470682410474220436e-01 8.350019798632601908e-01 3.149140900313622815e-01
-7.148521924396307181e-01 9.242075368444162553e-01 -5.691802190895938196e-01 4.548726847757182945e-01 9.892719192481365109e-01 -6.522267793439562311e-02 7.527286512795623441e-01 -6.032372658008269273e-01
1.460442787829727695e-01 -7.434322175739798144e-01 -7.298470825910079451e-01 1.749560469139916918e-01 3.579382020488817151e-01 -1.815771433399859802e-02 -9.609274544325412393e-01 -2.451502739616591153e-01
2.733222675316804295e-01 -7.370471633187580807e-02 5.079752292923200852e-01 -9.494982419215913794e-01 -9.966081921393821208e-01 8.468828140110371550e-01 6.916340431998786453e-01 -6.830528138059535070e-01
3.336703509512473076e-01 -8.528013479208294001e-01 -1.244882499457256042e-01 8.527657421935352922e-01 -3.463220954697139309e-01 6.047074161175669538e-01 -3.612568416581640740e-02 -7.137007516998834511e-01
8.875906479696262785e-01 9.012738953929810837e-01 -5.019136053381556550e-02 9.068891182847569343e-01 -9.396416869314005993e-02 1.435909157039878536e-01 -9.130307834768327524e-01 -4.715537662348507908e-01
4.954651835073839994e-01 2.701044387974511629e-01 3.601385490033792713e-01 3.791447019787019812e-01 7.147858478857860298e-01 -9.328489652287053069e-01 -6.335635691606102959e-01 1.936794952847540330e-01
-5.132992274827532508e-01 6.059897009147534597e-01 8.359973682818653273e-01 -5.961205058023377745e-01 -4.980873502453402324e-01 -7.963446602296755383e-01 2.511477465085252270e-01 -3.894354999719620292e-01
5.747000817131522332e-01 5.613556099130174726e-01 -5.286205314125416166e-01 6.343792575807265521e-01 -3.643414300316545340e-01 3.787004135620446466e-01 -5.206314493907027163e-01 -5.953761624560833798e-01
1.718377689950774112e-01 1.979765698492137460e-01 -9.344168754962016710e-01 -7.731712211112815591e-01 4.566954030013659072e-02 8.940035587921422167e-01 8.686779562971609359e-01 -1.787992633673605170e-01
