-5.435099227281088297e-01 -2.592183012037745371e-01 9.665449835448760574e-01 9.561046806971100764e-01 1.474047974286176732e-01 -6.509208791998417620e-01 -2.172001147805606713e-01 -8.625858434373101513e-01
5.987354570664373821e-01 -6.110906558179176606e-01 3.528075912512702583e-01 -2.612491827460936555e-01 -5.489162239529241649e-01 4.360555325433557172e-03 -4.570640302482831263e-01 -2.678137112440479584e-01
-1.820059508702200901e-01 6.868784776845620055e-01 -2.161626107468639368e-02 -6.876603017168161358e-01 4.694107557080786641e-01 -9.846706190049316909e-01 9.539780790780991726e-01 -3.132473897085699122e-01
4.892248601242468187e-01 -7.500912564580859421e-01 -8.629391464176041637e-01 -4.570093487438369184e-01 -1.289122968663778401e-01 -1.467443028633501623e-01 6.461750630788105632e-01 -1.037621733127314094e-01
-1.703475295214371688e-01 1.489581146483149876e-01 -1.035717895365175778e-01 4.561975713718227077e-01 1.422884786344966734e-01 5.747888638981000220e-01 -7.552696955638016352e-01 -1.597577247236645626e-01
-4.193002133560819189e-01 -3.530131526634541217e-01 7.273114494726808932e-01 6.434145355848468473e-01 -4.087247135494949113e-01 -6.519046378169757183e-01 3.536868759454390165e-01 6.618668163387748660e-01
9.550411790856705441e-01 -4.695568818009061562e-01 1.745636471693501335e-02 -6.888830931336991092e-01 -5.269988770255453758e-01 1.633903552855864305e-01 9.880404436204706098e-01 -4.233529899320354062e-02
5.111633591848188107e-01 -6.294182194204216430e-01 3.426766005931627390e-01 4.336090310633879952e-01 8.503342163233267303e-01 -4.301752689236169047e-01 -7.035912393813548160e-01 -7.390983983790566647e-01
-9.063308863428849449e-01 -7.534371998315134711e-01 5.963096715658577907e-02 -6.769182333724423906e-01 -2.271947998530039481e-01 8.998912871241568912e-01 -5.000428687957476637e-01 -9.611183583592426416e-01
9.803245552601251855e-01 -5.967991067161719787e-01 3.542181244103588256e-01 -2.951013950173877465e-01 -4.659137004596880516e-02 -8.836233425271780018e-01 -2.894106966933724934e-01 4.800134132470592618e-01
