-4.779634729591106801e-01 3.027895723989024734e-01 4.204767599729879457e-01 8.450528785150330791e-01 1.511833890957228199e-01 -1.625834926016012094e-01 -3.560988973544640945e-01 -9.492924849439812185e-01
-1.650538633997449267e-01 -2.769990023243562582e-01 -9.089792547877799667e-01 -5.775401612840189713e-01 -8.075521778953929086e-01 6.676472266388084886e-01 -9.528682108433494946e-02 4.278190213040551360e-01
2.636019850195900904e-01 2.943519265818670405e-01 -1.851102056166871179e-01 6.384456387041756997e-01 4.995932078393974241e-01 9.105333585677346520e-01 7.696410396862529701e-01 5.203054787471750320e-01
6.640570886195371614e-01 9.992299656602638969e-01 9.465520628237344969e-01 -6.847463071561346037e-01 -2.610798477706053333e-01 4.149816912821300274e-01 -8.794792134314963761e-01 -5.919792443257729797e-01
-4.565482262322286822e-01 -8.987543383854101897e-01 8.110472580601395531e-01 -6.116743378437854428e-01 -1.570798113530891271e-01 -9.514928839101648439e-01 5.749308727468573910e-01 -5.985618561049421693e-02
-4.070959378882785806e-01 2.000646089206317146e-01 3.774059370505589150e-02 9.955097388972691252e-01 -4.926040747434234923e-01 -4.349342985961108798e-01 -6.370138452284435093e-01 2.643300642076282791e-01
-6.323408964593721926e-01 -8.951997735187049443e-01 -1.552681814924470327e-01 9.678000551251626504e-01 -7.060741981298106484e-01 -1.814475397242960586e-01 3.626568617887149237e-02 -9.039643228777283213e-01
-7.967956805648628293e-01 -4.904759970426675331e-01 2.460639763673191371e-01 5.820251836797105671e-01 -1.039893142797927439e-01 -6.858970516482703061e-01 -4.633321922061683917e-01 -2.607218846543897239e-01
5.011621785795530304e-01 -7.681565899054108026e-01 2.524176784115714778e-01 -1.890596099842367650e-01 -7.393100170975541729e-02 -5.782550551394358695e-01 -8.188148771799810266e-01 -2.250702449491281953e-01
8.232298018918637883e-01 5.685582495789378576e-01 6.523173771763903783e-01 -1.609750242430711964e-01 8.342974145237029848e-01 2.368541958858279006e-01 -8.571657250229320901e-01 -3.126174219002411103e-01
