-6.489657519160312305e-01 -9.701461904921404589e-01 8.679874515410750391e-01 -3.654867820115368371e-01 6.680952068195427085e-01 -1.958170446792617536e-01 7.688792850597561124e-01 -2.234350377888214556e-01
-6.994835828000733891e-02 -1.192433212559074196e-01 -1.954844983328207775e-01 5.198126523453037162e-01 3.988299248520856821e-01 -9.530840903617174842e-01 -6.422870550058408234e-01 -7.116331850673209836e-01
5.081742005163196740e-01 -7.846438328204781154e-01 6.955999055290709165e-01 -3.059678974383595040e-02 5.988583571472427813e-01 -1.534910433436023069e-01 -4.857487740149779576e-01 -8.997115201600229817e-01
3.639027300834754008e-01 -9.739959967314195666e-01 -3.213009035189773321e-01 6.301607197446124076e-02 -4.478958136875890172e-01 4.707117605506419000e-01 5.245806903804797194e-01 -8.990624291773730015e-01
-4.134962912538076019e-02 2.819019272025704570e-01 -2.170078388706582206e-01 -2.203156865572726275e-01 4.785559948524380491e-01 -9.247071661634989059e-01 -4.546213489490940063e-01 -1.952848895711354338e-01
-7.871591327290079487e-01 3.371753035387103914e-02 7.304812406882577047e-01 2.926485819765853869e-01 7.259759014011757383e-01 8.872961155298701996e-01 -5.298431724232055551e-01 -4.342669427410013050e-01
2.370746795108857885e-01 7.626681829929913281e-01 -7.061573272505401455e-01 -8.917460757777635472e-01 6.091796954157266963e-01 9.717982325479745942e-01 8.902050673582158069e-01 7.966141819358834031e-01
4.560902594493370099e-01 -9.128054117995385575e-01 -9.181329419361357047e-01 1.068555539567686008e-01 -8.706618126736727081e-01 -3.211618486411378370e-01 6.876511979450845580e-01 5.582203041028710455e-01
-3.603182752728733007e-01 -6.840467933951277502e-02 3.668431294668359488e-01 1.561455828450557526e-01 -7.053412984693296917e-01 8.462766016744749376e-01 3.741114928964244246e-01 3.372574356190694012e-01
-8.632259836111013662e-01 7.408848292986804918e-01 3.560018144525973760e-01 5.830681804506632204e-03 6.058086348235764973e-01 -3.549026375544830358e-01 1.039791098923221746e-01 -2.938037720353079418e-01
