9.972767591588933556e-01 -7.755633608689782577e-02 6.215136527038103154e-01 -8.708832723159283251e-01 -5.811398684236135370e-01 -8.576148061191624095e-01 -1.396383742129099215e-01 4.793545759726496325e-01
-8.938936824175072182e-01 -9.272217437615120073e-01 8.785316586274500850e-01 1.677219262072822126e-01 -6.424653936581974367e-01 2.468196308211156875e-03 3.622482943895832808e-01 -3.734925778003714836e-01
5.779859969638123651e-02 -7.396949651168278628e-01 -6.357025717449760194e-01 1.547343084720504969e-01 4.509898509155689794e-01 -6.741870980642516997e-02 1.302195642007455412e-01 3.899650319768057649e-01
9.331502489723257909e-01 1.319678204283913914e-02 -7.770563045607006281e-01 8.005445273154456753e-01 -8.601522860159349637e-01 -2.187120860236302367e-01 -2.553342944877248222e-01 1.678523721714948458e-01
6.997355346515632402e-01 -6.281577632231780672e-01 8.556932837850108609e-01 -4.334954811623246140e-01 9.270738128351387886e-01 -2.072942909796173794e-01 8.949376400568616052e-01 3.902331608486453440e-01
-3.768499907656717163e-01 -5.111654989398921600e-01 8.007493930937632509e-01 -5.825828571797115885e-01 -1.421204483235332106e-01 -8.931204166563357916e-01 9.904563732060500669e-01 -2.804486051412218295e-01
-2.934326282924217821e-01 -9.101064071822766444e-01 3.744789519693680901e-01 -9.802674533262489831e-02 2.808846771211770399e-01 5.933554039279558268e-01 7.404362252539054001e-01 -4.627512700240812293e-01
3.244305549036290426e-01 -4.721133158216652692e-01 8.151048498399213749e-01 5.010910438527187427e-01 1.352777734485386407e-01 -1.230343418844455083e-01 -2.569639841372983735e-01 4.325713507303106109e-01
-5.548237358692542642e-02 5.018732769274294458e-01 -9.466720249258258058e-01 -1.999997089510086035e-02 5.233500863267259717e-02 -7.137011623370868030e-01 7.163267451918764461e-01 1.528062014565825244e-01
-6.952247634956867373e-01 1.291066973453578459e-01 -3.995302369865401104e-01 1.167845339371798019e-01 3.819556779686272829e-01 -1.508435248603379186e-02 4.747897370116425098e-01 -7.052423759389863100e-01
