3.945656166367010886e-01 -9.206247202347390690e-01 -8.881234026404394299e-03 -2.700385317356328585e-01 8.916932108512052313e-01 1.109229075369133621e-01 -7.662977819940661739e-01 -4.933507804668568753e-02
9.430845262267442131e-01 -7.596961073613219817e-01 6.788665120038022138e-01 -3.131745451053677964e-01 5.431385413525344763e-01 6.595866405708608049e-01 5.051189189423019865e-01 1.532990060803325338e-01
6.435216869134370299e-01 6.674013422286095842e-01 2.313657370157078397e-01 -3.829713661715812290e-01 -4.836573620733579659e-01 8.114600017793653919e-01 -3.090642445142026684e-01 -6.960989808629776121e-01
-5.425418627293008278e-01 4.865134963274146962e-01 4.335764944191833337e-01 -7.569305393533474202e-01 1.334825977448474976e-01 -1.958258532759249437e-01 7.747584761703110168e-01 4.665736173638812545e-01
6.612995884631933663e-03 -1.566602399397902801e-01 8.151676824604097149e-01 4.902260335584969209e-01 -1.652035119800838725e-01 7.724732394317932460e-01 -7.980354074748661208e-01 -1.872218473058699928e-01
-6.205152694327669138e-01 5.046121820810534064e-01 9.873456385833931925e-01 -6.260543955892428070e-01 8.794701531199640154e-01 2.747284815786841250e-01 5.971112427738718420e-01 -8.289562117085298443e-01
-1.736804503469180361e-01 -8.159853658373064089e-01 4.013353700645074795e-01 -5.688746127735710978e-01 6.376506597240452212e-01 -4.161880268112483350e-02 -3.122808650067045999e-01 -7.613976457881321824e-01
-8.992504122556230772e-01 3.779204292899782658e-01 -6.242012303225064063e-01 2.917017649124367118e-01 -4.248342889192329164e-01 8.771777639958930894e-01 -7.597202819810344732e-01 5.235376913586979875e-01
9.955957968086648346e-01 3.825314136840469725e-01 -8.303545849273166191e-01 7.430556991874390782e-01 -2.363792297047728752e-01 -3.497681069891771521e-01 -4.433953683764668696e-01 -8.104937946066814725e-02
1.935026454677222230e-01 -1.924983319452444608e-01 3.964542557114945076e-01 8.385821377501423424e-01 -6.424542013391976170e-01 -1.445075307348393512e-01 -5.915161668705839482e-01 -2.866138032791385459e-01
