8.785196840807278917e-01 -6.963506541912765080e-01 2.192516490976834653e-01 -5.770784099281576207e-01 -9.237691801415999215e-01 -8.797857397731745355e-01 3.909326130707486691e-01 -9.523108178694745796e-01
-4.467271174784115395e-02 -3.075615874263486482e-01 5.622539071617138617e-03 -7.381036080859335602e-01 8.734144276311139876e-02 -9.014543004488893008e-01 -4.990764410369257220e-01 -9.494350995133176152e-01
8.710113014474929471e-02 9.893414368628685729e-01 -2.774824338228991660e-01 5.912166538182819231e-01 -1.428422949378200801e-01 -1.633775482727692907e-01 9.639350477327512934e-02 8.031574300809705136e-01
2.483631096972269692e-01 8.439019444881876719e-01 -9.467617544500841475e-01 -5.868726889944846370e-01 -3.418214411396232055e-01 -8.657021984433503903e-01 -8.355123741743761823e-01 5.286108153514090802e-02
3.717719050213306176e-01 3.193524396856428638e-01 -7.467036894061458430e-01 -2.576199169977728687e-01 3.001678958783986495e-01 6.645531764576018130e-01 -4.972823485673947275e-01 -6.351381644300460039e-01
5.480318069593426156e-01 -5.719080381108194722e-01 4.818687042145926025e-01 -4.864675992201201726e-01 -1.584892497263468147e-01 4.444346922281736667e-01 5.042709705476273729e-01 -6.332624881993964561e-01
-9.130351755116281609e-01 2.129485340922629977e-01 7.724509538982937684e-01 3.351745584867609207e-01 -7.663189468714199926e-01 1.884132568802665553e-01 7.424245780410179130e-01 -5.773155661653135429e-01
8.452738336715923673e-01 6.207573199931106789e-01 -6.305663239880607840e-01 -6.844950188856673279e-01 -5.994788532289527794e-01 7.380788206877098023e-01 -9.554304939364499649e-01 4.889788802748264995e-01
-9.930833080553385095e-01 5.473257277151493128e-01 -3.186589956763399289e-01 -8.469496466345340924e-01 6.641658169645117127e-01 8.136317551458160935e-01 8.924420746421690698e-01 3.060052647561548600e-01
5.165298078463878007e-01 -4.452725078689154792e-01 -5.515202231364111363e-01 5.866511496086230792e-01 8.421834620075487887e-01 -1.208027645698368513e-01 1.906649925259422673e-01 -3.083480895054422355e-01
