6.764567428213019706e-01 -1.584292454990059440e-01 -3.674532936909813419e-01 6.459490416439996885e-01 -2.158638519084821183e-02 -7.251102628070205114e-02 3.205134065438257629e-01 -4.515462387000985789e-01
5.870985485884789856e-01 8.685378970683632627e-01 4.771377796283751138e-01 8.337629414172598175e-03 1.547064205649193447e-01 8.838621405715811896e-01 -7.487190678996968884e-02 -4.290372568316087598e-01
2.803696862646876120e-01 -1.398010604224908526e-02 -9.291439652584503328e-01 9.751313850945972916e-01 -1.422018745873134815e-01 -9.686991722985520692e-01 -9.251624386164762903e-01 -7.801740230485201266e-01
4.086176861404897664e-01 3.808695738230971628e-02 6.607307790868890418e-01 -5.458652881792898093e-01 3.043019801299329252e-02 4.546916980738457958e-02 7.675581381937934822e-01 2.117382508089751258e-01
-3.582420879256233981e-01 5.765220051085364616e-01 -8.497111202070328773e-02 -1.839265087735069137e-01 -1.089942181026801737e-01 7.473144381621306120e-01 -4.934355944163471008e-01 1.886979027343707038e-01
1.603166230975128226e-01 -7.615765752514995768e-01 7.132769247099755017e-01 -3.000459042686636213e-01 6.035859736594926250e-01 9.135722170399225295e-01 -1.009879236894826171e-01 -8.371371947012535841e-01
-7.805787812303504047e-01 6.105857771771461273e-02 4.707228996150358835e-01 -9.534106046199568585e-01 7.422232752770436814e-01 3.802941855416082095e-01 5.106351465376854915e-01 -8.012242997837113467e-01
2.786473694303339688e-01 8.592661269723149697e-01 -1.605141667184208920e-01 4.624953469917290061e-01 6.004490579256631655e-01 -3.435276723525626519e-01 -2.936154409185121050e-01 6.152756998326542881e-01
-6.350157248635668328e-01 -9.112059389089146588e-01 -9.363125496257871383e-01 6.768557071788112722e-01 -8.819727846486689060e-01 4.598432184157650315e-01 -4.079482921817318974e-01 -6.444957558136741316e-01
-9.163941073817278848e-01 6.556782204397295644e-01 -2.382137363206711100e-01 -5.734683334158587886e-01 4.954103959786082534e-01 -2.348287121300214331e-01 6.409919324388164696e-01 -2.429477683887060202e-02
