-9.913490160331717149e-01 5.776367371456927469e-01 -8.278970465475141705e-01 1.087659924199753103e-01 5.483803071802364482e-01 -7.909370704999749702e-01 4.781704642061639365e-01 4.646508260316388750e-01
-4.927500505869741865e-02 -4.494597249219807189e-01 -8.203342255998207211e-01 -5.545136084226134354e-01 8.330981171863307555e-01 -3.042406818512868316e-01 -2.812656504368777899e-01 4.658586526781125503e-01
-8.669457062428227445e-01 2.648112725577118631e-01 7.248228341139075770e-01 5.847858593789954096e-01 -9.925593439501481097e-01 -3.890928572985816736e-01 -3.329335442682297419e-01 3.041824742102972046e-01
3.414719609786345256e-01 -5.586280643941798907e-01 -5.129027946741959720e-01 9.848330269556901939e-01 -7.182168993156425874e-01 6.687587478510157446e-01 -2.839165350774262020e-01 8.764778775955530676e-01
-2.882024015864350641e-01 -1.922718757413897084e-01 -7.312558869025080899e-01 9.505998567502087493e-01 9.951654851535129964e-02 5.436576761183997686e-01 2.527180355503206854e-01 -5.292372701597045648e-01
3.256999806262435015e-01 6.254162450422013908e-01 8.352876013935344179e-01 -1.347855366113641651e-01 2.554254323673643690e-02 4.903195394020702924e-01 8.313831042057984178e-01 -8.397762973980291701e-01
1.065490571705556277e-01 -8.438674951239359956e-01 -6.564442706294504326e-01 -1.282138867616859912e-01 3.955492214166060894e-01 -7.399238400348342459e-01 -6.722797570285981017e-01 8.677493019975652810e-01
-5.660125548255989791e-02 1.257834637401122890e-01 -6.436071259557585300e-01 -4.720810424743757672e-01 -5.378190725170706177e-01 -6.393678468790999769e-01 3.920350815435393876e-01 1.728360812784952572e-01
-9.595389047012525818e-01 7.627897684984608073e-01 8.072865673170250833e-01 8.233306395537425271e-01 -9.824825945502677627e-01 7.797301619576000320e-01 -4.480774236979250258e-01 8.567118898167174201e-01
-2.990979010193084431e-01 2.592666452850589387e-01 -3.173175870189599568e-01 -6.667777192287149823e-01 -1.944616903125926388e-01 3.003867458794275969e-01 9.555188865664221431e-01 -2.546027913349491190e-01
