-1.745738485001104845e-01 4.741971467069974189e-01 -2.448414498250774951e-01 -2.202987577763297899e-01 -3.801456718607516549e-01 -8.693236110530331295e-01 7.974971860808293123e-01 3.547007084513464914e-01
5.025030990310797030e-02 -3.328168057643170474e-01 -4.891157543535797902e-01 2.713706496827115178e-01 3.097231581150297064e-01 3.056702349139905905e-03 -5.459236596215553128e-01 -4.814830824485580862e-01
-3.564727731828187807e-02 -7.938763792283571874e-01 9.734351035477437630e-01 4.532626600415035067e-01 -9.170890605538568607e-01 8.890467328820164106e-01 9.870243932620466065e-01 5.628949889513350513e-01
-2.590637860381259650e-01 5.724882183098238819e-01 -3.701702700701083870e-01 2.558063661929157462e-01 -9.572452532681841042e-02 -8.393666635259335873e-01 5.302545017093085455e-01 5.900103770939160164e-01
6.123793905700170015e-03 4.167599111104685061e-01 -6.404080897075972167e-01 2.119839185201710663e-02 4.384613931857499480e-01 -3.925834727855965767e-01 9.666476240263144337e-01 -5.697292513189733398e-01
-2.518773830354643639e-01 5.391507507052271109e-01 6.121181152572019446e-01 9.311241380945334267e-01 2.477687835813744410e-01 -8.074530698470678836e-01 6.349592901863372330e-01 4.150048828262429268e-01
-9.069098342850154815e-01 7.697795039352084423e-01 7.456537354539061191e-01 3.274888691182047396e-01 4.795857002185135443e-01 5.603838779223102584e-02 -8.010434569361446489e-01 9.686024359864986444e-01
2.778861508715122497e-01 -7.007800880991497117e-01 2.593519349677855246e-01 5.381848516559470941e-01 6.192584253627833046e-01 4.870003291217743779e-01 -1.542078175643346594e-01 7.190551632089672296e-01
2.464248388230512177e-01 7.823295953220354981e-01 2.718962161230167318e-01 -5.321588141778152981e-01 -9.202473159690094384e-02 -1.129677793554602072e-01 7.242220188496926170e-01 7.215135746420213714e-01
4.518580630188984149e-01 -9.668997267357219982e-01 -7.653889453309181690e-01 4.928926917627938220e-01 -6.634187276704974767e-01 -3.246740722715146799e-01 3.286971466397670127e-01 1.936212609557608211e-02
