-9.245450326961224263e-01 9.565725932266313514e-01 4.701000088710221014e-01 7.567775724109901958e-01 2.479068136829645219e-01 8.464398916939932516e-01 -9.198132711069573197e-02 1.712683930872112015e-01
-1.796791438570810584e-04 -4.924486070302138696e-01 -5.993713080212568212e-01 5.213281473540298805e-01 -5.934382799286650467e-01 -8.590719415615060139e-01 7.268500639941450903e-01 8.470959779198934392e-01
3.449124202733910849e-01 1.422198317190550565e-01 1.072035180751895744e-01 8.817765005874300677e-02 3.126577822466130030e-01 2.682443651810646479e-01 4.805500295080775697e-01 5.268196906480635544e-01
-3.758630500671578112e-01 8.340133799991689134e-01 7.898438941472230024e-01 -4.678467973414204284e-01 -9.254900649871236062e-01 4.399331240841781732e-01 -7.263983653783590011e-01 8.042256145391493138e-01
6.246504320521801823e-01 6.533242493306317122e-01 6.251877668134167010e-01 2.234370256453226400e-01 8.536103759517823519e-01 -9.136141255013940921e-03 -9.319219322260514637e-01 -7.975543447449406909e-01
-5.164644499512522913e-01 -1.789120336306029291e-01 4.301273628617354738e-01 -9.916108549160072005e-01 8.359969110139577886e-01 -8.588485770257050511e-01 -8.328433853064114434e-01 -1.850580214430701531e-01
7.290395156179914071e-01 -7.371439615104125043e-01 2.169820228843861720e-01 -1.711963243112528676e-01 2.136315014816072555e-01 2.499744595689523674e-01 -2.406938811813299495e-01 9.780092110017948315e-01
9.808980164538678714e-01 3.212003688370388410e-01 -5.765082575404851806e-01 -3.141494854351873922e-01 1.103497368077710483e-02 1.891682533051446402e-01 8.874138721819169184e-02 -4.147519431105053389e-01
5.302054096860160382e-01 6.846278101347413880e-02 4.033493323942034525e-01 -5.786513667399784122e-01 2.775655613838703406e-01 8.070854537359941627e-01 1.150788849173787209e-01 -9.313380410642300156e-01
8.596101199300556495e-01 5.634842828685817651e-01 -7.276044114135160612e-02 8.781553070975001152e-01 8.950536271366711372e-01 2.849670944162996378e-02 -1.856835009352451049e-01 3.282009660227076520e-01
