-8.000150070027620686e-01 -5.090967335660350201e-01 -5.223779967729098583e-01 -3.256224588246594553e-01 -9.239513824943430542e-01 -4.404419658935476711e-01 1.715413144182984517e-01 -7.060278427050681316e-01
-1.599048902042699005e-01 3.228590727146618544e-01 2.897443608765111200e-01 -8.462455423699490886e-01 -3.744493846082936894e-01 -6.831545285883078300e-01 8.911088391767743033e-01 -6.018800797793812940e-01
7.766200295930438813e-01 -3.316788375799972766e-01 7.960469116909050236e-01 -7.595924149211128462e-01 6.618569991111034057e-01 -7.842314671590879804e-01 7.877936818515882678e-01 7.339424931161169230e-01
-1.510163263203780915e-01 5.503992722437640595e-01 -9.315540368903552082e-01 8.286750225977936868e-01 -4.578218564025038351e-01 -5.798157518803483956e-01 -3.919395328638741738e-01 -6.371319306207317013e-01
-4.520275498081305354e-01 -7.498564869148904855e-01 6.269473301801766763e-01 -6.287441686553558728e-01 4.742460978930365112e-01 -5.319535725839343865e-01 -1.319244392828033963e-01 -9.716942882447765495e-01
-9.637266957939736312e-01 -8.703053679854988456e-01 1.899641256603870065e-01 -7.812649266682845095e-01 -4.210180898468203203e-01 -6.934447971914907694e-01 8.590156726276680921e-01 8.748077026311236182e-01
-4.663163297983026201e-01 -9.892167180258220061e-01 -6.978530743020598948e-01 -9.529038189591991781e-01 -7.670732736819638742e-01 -7.724076634564553956e-01 8.222882923011587408e-02 -1.301370197852567134e-01
-3.800944137960293734e-01 6.423564191807538126e-01 -6.136743806119981937e-01 6.235561889420586645e-01 9.870943445183479881e-01 6.583430738305793284e-01 1.589816557539367459e-01 9.128379761897462696e-01
-5.842121328933158608e-02 -2.652701655668314729e-01 5.671954525401399216e-01 -2.253906478775791200e-01 -3.204396986464896901e-01 4.321248239509112299e-01 -2.671503844216278623e-01 4.060305796310914594e-01
2.308487428272631981e-01 -8.327750493569698875e-01 -2.402832654581417149e-01 -7.077496059310472987e-02 3.111766434573430828e-01 5.332921041970049014e-01 6.192265006052162235e-01 8.628180904657845041e-02
