4.746568640417003770e-02 -6.287024342718445791e-01 -2.038112552240234354e-01 -6.565213063142327776e-01 3.117734900727779923e-01 9.005884655288529661e-01 7.621974214039950457e-01 7.049154827940025125e-01
9.081392387403390831e-01 4.898999469290656883e-01 -5.007890420778497997e-01 3.265249461934460751e-01 5.378556654126736003e-01 4.198846140735297272e-01 -1.402443422617105639e-02 -3.805006771461958426e-01
7.076931060081428360e-01 -1.253288212707668325e-01 2.233841860697991510e-01 7.577559705066709839e-01 -2.738707586886899303e-01 1.375039154995982837e-01 -1.396796808468419027e-01 -2.210294412304751877e-01
-1.733138592293317348e-01 9.150921834973175795e-01 -2.889867203279177232e-01 -8.800769958857990183e-01 -8.421781187701840032e-01 4.552721028337671783e-01 -3.408403850710495231e-01 4.457054607525927636e-01
-8.829967878529414449e-01 -8.334541470842049549e-01 -2.751929693612635841e-01 5.875655168389593008e-01 5.755339317171337399e-02 -5.944915160704786761e-01 -2.616123764703057741e-01 2.406723070556575639e-01
6.012101540087848583e-01 -2.277527500241749436e-02 2.829596650188457296e-01 5.417132479846511472e-01 2.406602385745806316e-01 -5.828956881986306904e-01 1.587552051949077114e-01 -9.673928818023842524e-01
3.002821439418708049e-01 -9.618151862971999755e-01 -9.316262985066938729e-01 3.411466790588473241e-01 -9.594163232598902358e-01 -3.153926909821707092e-01 9.635006748153216449e-01 2.393486339602830526e-01
-5.219061013779990876e-01 2.253970420626547622e-01 5.907396502960406970e-01 -7.407864923643578958e-01 -5.858927502165123258e-02 -3.855250718860658843e-01 3.072623905645792686e-01 2.112903268896721976e-01
1.900672245472465605e-01 6.634114268349260435e-01 -7.554565677849831573e-01 -3.799729876568005427e-01 -9.463216760482415779e-01 3.597353783070531552e-01 -7.896069870137354396e-01 -5.740904713579297880e-01
-4.687780534170260527e-01 6.507436902353114228e-02 4.921082542180714725e-01 -6.923061186071903794e-01 -3.326794497463008149e-01 -7.814477424459778110e-01 4.288840877295929666e-01 -1.982842268292044352e-01
