-3.790486821389782435e-01 -8.158571892096677658e-01 -4.593854380081927591e-01 4.889660980165406734e-01 -4.008402753034749910e-01 -4.933664849307639599e-02 -7.505246618550547311e-01 -4.724201625290462836e-01
-1.453177299078722839e-02 3.268957951683306717e-01 -6.840130509744946075e-02 6.158548526394189704e-01 -9.066516394903789688e-01 -3.796918589732019012e-01 -3.503322466453977491e-01 4.804968880376736529e-02
-1.999849966642077703e-01 -4.016516796994133998e-01 -2.561523087367836293e-01 -9.620376552171472362e-02 -4.221449454832626458e-01 -3.109732423447910676e-01 -5.214415102290970161e-02 -4.057999262107971905e-01
-7.086633107904227735e-01 7.118583910907367862e-01 3.912039866158656398e-01 -2.047871133698462298e-01 -9.695962376145497164e-01 6.630950637834407413e-01 -8.263625337061077936e-01 5.496342622968293234e-01
9.460048608869786602e-01 -2.577325897145514855e-01 7.355894512894978199e-01 -4.478582599178713153e-01 -2.379638455704944366e-01 -3.936083733015851571e-01 5.751139066534303179e-01 -3.257202459621413304e-01
8.488354843920187243e-02 4.163430109098185117e-01 2.581619005603568162e-01 -7.034266097716170840e-01 -2.915684402442821899e-01 -9.537441075469124119e-01 3.255852208084382138e-01 -3.234661825621336639e-01
-4.956266021892494766e-01 -5.902244480571130492e-01 3.217005957900735957e-01 -5.429387566379937358e-01 -9.769687930103483353e-01 2.620779447434724574e-01 1.270739419322524100e-01 7.511406719047033498e-01
6.568749266827287325e-01 -7.743456799377519406e-01 2.118971421588724535e-01 -1.876956316042610595e-01 9.251313376411252065e-02 -8.141112009321218590e-01 9.679567837439280176e-01 -3.637009261759651668e-01
7.104255245972446176e-02 1.962248517189715269e-01 8.818930916296014999e-01 4.091024781645804520e-01 1.781124224471475337e-01 -4.718702973172383963e-02 -5.081251527064043483e-01 -8.426934639292251727e-01
9.366802616180280872e-02 -7.486219137292073889e-01 1.485223398857755672e-01 4.676720271674110752e-01 6.825198810135615357e-01 5.552639472794984599e-02 5.305456391509921765e-01 2.339753893512581673e-01
