-6.142354873505186941e-01 -2.921389883163854062e-01 6.093473853633886161e-01 4.741953131014005063e-01 -3.659015377004828373e-01 2.202348297750551520e-01 -4.722206446470380570e-01 -4.192894812985739073e-01
4.941156345897248503e-01 -8.210592343304234930e-03 6.617110624250579498e-01 -5.717825537100100775e-01 1.394513663427807693e-01 -7.922088247806196026e-01 -1.765791864594781213e-01 9.790569186745459174e-01
1.631996510864524019e-01 -1.606881034120277718e-01 -7.188774004260944928e-02 -2.818859595614298108e-01 -6.655105746150480339e-01 5.830397145124666114e-01 -9.984956949580410246e-01 7.513032108492792016e-01
-6.349470696774384137e-03 7.093287739073783627e-02 -5.719041281646728425e-01 4.969436325441241031e-01 6.861537005184350502e-01 -1.107753019493165070e-01 -1.408965056114896974e-01 -6.855267742876480774e-02
-5.817251207834950311e-01 -2.175484514082111076e-01 2.053236499580384233e-01 6.966305556199170468e-02 -8.232522633498102760e-01 3.929486823189405342e-01 2.473565303141243010e-01 3.885203535273102915e-01
-3.610053049710821860e-01 8.827861274903368027e-01 -6.306073704128889457e-01 7.523446919989416060e-01 9.072377070474009209e-01 3.833675284579378673e-01 8.066296005554942639e-01 -7.471784727561048278e-02
6.519792923776486226e-01 -2.876047735795461691e-02 -6.662593400609535532e-01 2.427306931745247809e-01 -8.050661780873211715e-01 -5.560780472078530323e-02 -4.204926793588559253e-01 8.661625988323695680e-02
-6.086389919179577834e-01 -8.702936323748267089e-01 -6.671682341208113876e-01 -9.161239307766126938e-01 -4.649471448889634928e-01 -3.575265353500374221e-01 4.747007067902528910e-01 -9.858163812847586804e-02
-7.584389559547488613e-01 -2.288365524887343572e-01 -8.677630539963958611e-01 -5.982824902252339427e-01 7.389346605441802218e-01 -1.234970796584846653e-01 9.805651320187180886e-04 9.035458926784272204e-01
4.159142917806140094e-01 4.962152505790367041e-01 2.017053999922489016e-01 8.764430645277105913e-01 -8.758525307635882662e-01 -1.808833793847461902e-01 -4.199741161331647099e-01 3.165102925923537480e-01
