3.860117158670099968e-01 -8.766679835997490677e-01 -2.770799858455768039e-01 -3.655035550566816394e-01 2.907970243927593401e-02 -2.811598199386717845e-01 -4.989593241044634198e-01 -5.134708169126387389e-01
-5.282761474073824903e-01 -2.388191740867906532e-01 6.157726839161832277e-01 5.825613888957676956e-01 -7.649801310374355623e-01 3.963678508566144121e-01 -2.703709403606591177e-01 -5.673855318076117538e-01
2.667862365434610084e-01 1.742601905862222189e-01 6.884566624679822056e-02 6.582536735122002103e-01 -5.580334642943796108e-01 -8.781865351578161949e-01 5.022225166681155706e-01 2.121604617545755911e-01
5.406263224529199718e-01 2.340459327582853355e-01 -2.060417281066477813e-01 -8.909803346517686240e-01 8.248576773984301891e-01 -9.754614358629825066e-01 -7.631965901662856044e-01 -9.908800733577194375e-01
-8.720854367495332049e-01 2.687398726977425767e-01 -1.633382675721499755e-01 -7.835214437867366044e-01 -1.732779437077835993e-03 -6.045602880187630479e-01 5.807860563170579304e-01 -2.171433139511016464e-01
-5.715554113549177195e-01 -9.485744442572441315e-02 4.643749656090689903e-02 -5.805001941344793970e-01 5.829493862181680530e-01 2.275330997403703925e-01 7.426089453854736178e-01 -7.487997582643686201e-01
1.922176215199902227e-01 9.591156002041854034e-01 8.779766751147954906e-01 -1.790336599661035422e-02 5.543071479057231077e-01 -7.193471211889959083e-01 -9.947711234510201450e-01 6.485393360943967345e-01
-6.684620197204012015e-01 -2.271283364587219911e-01 2.867473770029016489e-01 -8.829706000261514642e-01 -6.829868223125126203e-01 -8.697664574780306079e-01 -8.464508009973710223e-01 8.043261508634875767e-01
-2.344272430136431495e-01 4.796252063554444778e-01 8.515404139510516224e-01 -9.178157357814813455e-01 4.389154841610458657e-01 -6.094694815749546191e-01 -4.875486865263334302e-02 -6.464034711009132295e-01
8.966465339301645798e-01 9.172110878955264113e-01 -3.089729631487285744e-01 8.171734851919667530e-01 -6.931868380590460177e-01 6.316443055625071690e-01 6.863683636131077126e-01 -5.741236735154022774e-01
