-4.469549186239489824e-01 1.809059688973204683e-01 3.403461878544251640e-01 -4.947914069175161078e-01 5.011261896975440777e-01 -1.791533427883009733e-01 8.803876914805952580e-01 -8.165547463535332007e-01
5.091901533832328131e-01 3.630648663996649539e-02 -9.663782452781053411e-01 -9.718914105600993114e-01 5.823015974594909494e-01 7.793570649381451609e-01 -9.146321399277224096e-02 4.951568371546299918e-01
3.684113407695719378e-01 2.191806790519497117e-01 9.212199762447583762e-01 8.512790467602202593e-01 -8.654775886285470676e-01 6.669741983655603779e-01 -5.927584043313844919e-01 -8.337897529732298807e-01
3.339190595155143715e-01 3.010478997865424500e-01 2.168622099216577226e-01 9.747577981010102643e-01 -9.581721622778622827e-01 -3.342332949369746231e-01 5.757321393165133472e-01 4.002743269593733721e-01
1.203143030305855454e-01 2.256035747204869768e-01 -4.396683150957647612e-02 1.387333367659646655e-01 -6.424118672118352968e-01 3.831916407515298939e-01 9.896360037171385571e-01 -4.306627374766873739e-01
9.952397413405507098e-01 4.230048902179137649e-01 -6.652492319107876639e-01 4.389960741402141320e-01 -9.800132136825818741e-01 -8.081617565439993545e-01 -2.808946286180273866e-01 -7.649476745107379738e-01
7.656187809774288588e-01 2.493938975235445721e-01 -8.376042849810190205e-01 9.277414845089948514e-02 -7.678651533311826594e-01 9.177273616878418583e-01 1.249267278957348903e-01 -2.883480876383426317e-01
8.491671873707447027e-01 5.466671659275590400e-01 8.022334316429675649e-01 -8.330426479737560452e-01 1.715219219431087794e-01 -7.671945588871320609e-01 -2.522734243116959707e-01 -4.918038136915086067e-01
-3.783194447461195598e-01 3.662232727397680687e-01 -1.896451009442829960e-01 3.178440307473355819e-01 2.106720633330225745e-01 -2.660869034614807838e-01 -1.755816998697381504e-01 9.781761674401012741e-01
-7.663266713618355208e-01 -4.805857770574806231e-02 2.706752996535419786e-01 -2.416731507409153323e-02 -8.580343886396231134e-01 7.060756036937925195e-01 2.942634358758948743e-01 -1.925476531749379383e-01
