-1.949802733651493369e-01 3.241319505351842878e-01 9.298125078310297553e-01 -1.272359886189722289e-01 -2.026799225211179944e-01 2.251604994420746131e-01 -5.955912653782129418e-01 -5.930347736688241778e-01
5.333649196393275282e-02 -7.359094494677158593e-01 6.382860274590336225e-01 6.323461393888221149e-01 2.373976381149409676e-01 9.294356815461051191e-01 4.809147701202762804e-01 -9.950758457212980357e-01
8.039147730485851628e-01 -9.053331611377368748e-01 1.494716563777267471e-01 -5.682526612608647110e-01 4.624669335808062609e-01 6.155078139264404946e-01 -3.245327168870548729e-01 4.673789478002872144e-01
6.893004227328438649e-01 -4.352093595413020211e-02 8.304745718102826135e-01 5.078621413484674108e-01 2.814704016792402008e-02 9.168842367283136507e-01 3.704603452288148802e-01 9.951997434689014987e-01
5.113891287449223721e-01 5.653436473821431552e-01 -2.729506591679897731e-02 -5.519196700328103944e-01 5.925751227097597607e-02 8.268271242374083396e-01 -9.242366954248850686e-01 -9.429930737373657390e-01
2.802731741642752183e-01 1.772817320885538006e-01 3.810715903395276438e-01 1.989036358515936520e-01 9.959074531275360354e-01 9.906288371961795569e-01 3.104942779157100485e-01 -1.654626407271488908e-01
-7.429105383603695767e-01 -8.133864929668659371e-01 -1.171040075607532316e-01 -8.220664253446077208e-01 -6.779276386621448935e-01 -5.684302679792516688e-01 9.838563023844955069e-01 -6.937082130445906270e-01
-9.705825821237359374e-01 1.836174347242407467e-01 -2.598215462363120398e-01 -4.081538445714818497e-01 -1.134096163315423400e-01 -1.857437376311497079e-01 -2.733576234508408032e-01 4.236429672461203833e-01
2.686393876633916822e-01 1.059066041755252208e-02 -6.027923286339100795e-01 -6.664485801906889773e-01 9.275437422929426745e-01 8.976959968819098190e-01 -7.721318094676266064e-02 5.553850451614805728e-02
1.456838641530169287e-01 -2.280338466159086419e-01 -4.941150037117583160e-01 7.116357872966467824e-01 -6.330010364565075154e-01 9.738048576588627103e-01 -1.278389995790634170e-01 -3.295041159737983616e-01
