7.157870469335343433e-01 5.189284261494560013e-01 -9.344630911410287677e-01 8.081416479382272922e-01 -7.524371767068132044e-01 -1.579413569065259981e-01 -7.036242986570240276e-03 6.259800552686822783e-03
7.802958205556371762e-01 -2.272734675726555409e-01 -1.687813554013148920e-01 8.819825834980163926e-01 -8.079203977475688525e-01 -8.687132260560777031e-01 -3.073177218022034030e-01 -7.023486311051938547e-01
7.889028564787110565e-01 -5.265219523424782277e-01 -4.914279943202599643e-01 9.494322038230036398e-01 -7.262653946829686902e-01 3.836811467053673486e-01 4.793219640589005959e-01 8.240814563817444593e-01
7.045463604590906925e-01 4.628569534099364891e-01 -6.085543069425989327e-01 -8.027022517098814092e-02 -6.277184289695509900e-01 7.835885004284059985e-01 -6.046804844283932834e-01 9.403673085655039898e-02
4.641585056744255144e-01 1.408790744763945835e-01 -9.558530044261339675e-01 5.217934594936988191e-01 9.740177325023067212e-01 -3.361487757165655399e-01 2.761831581848182005e-01 3.408639226021110691e-01
4.980083903629455300e-01 -8.581185242488524878e-01 -9.293727013973143158e-01 -8.557429759502064304e-01 1.118053887389724999e-01 -2.213747686855498387e-01 5.189534952046641614e-01 7.961053293779867257e-01
-7.404425188780854317e-01 2.705436732139259171e-01 9.796232314689770071e-01 7.035890559584505599e-01 3.428850898874333808e-01 -6.075845855679133933e-01 8.994561743314433144e-01 -6.569830585523939170e-01
-6.627776673739853575e-01 9.778834317121734010e-01 6.621434962218457621e-01 -5.278250234924786177e-02 -7.901213522739554129e-01 5.047088491156050960e-01 -7.950347552309344756e-02 7.221961099665834549e-01
8.421219657977370154e-01 9.332057163330078620e-01 6.955993521022683090e-01 -1.307008932147391000e-02 2.928076834268458217e-01 -3.911030379203739304e-01 1.304458534945607262e-01 1.342087831101297368e-01
5.773325375795781422e-01 -3.229681545801192932e-01 3.835923878237368356e-01 -8.826979845115330292e-01 4.334406275199227387e-01 4.915313394651614765e-01 -2.762566803911317148e-01 6.764686917927678067e-01
