4.041506121908058358e-01 -8.107219879721629940e-01 -5.348337389457940017e-01 2.498902889670533423e-01 -9.202976421403330498e-01 -7.751286077260455265e-02 9.190943439496579437e-02 9.990643469097548746e-01
4.146194896169630439e-02 -2.673338125590003500e-01 3.526146386183246495e-01 -8.646372242308402178e-01 -4.208867690726845190e-01 3.848206564892024950e-01 9.194442319470499392e-01 8.539563060948462958e-01
4.409905960764652910e-01 8.320981868331400744e-01 5.926780416976864529e-01 2.942564146856323504e-01 8.110206790622414008e-01 -3.879333885427733719e-01 -5.160256255871666919e-01 8.569855077194288295e-01
3.004936830721385288e-01 -5.046099737154694509e-01 -1.961976871163946257e-01 -9.294223956036697931e-01 -6.197488302289697604e-01 -1.704046843601736416e-01 8.570517752096764585e-01 -5.741464243285947511e-01
-3.781360176257888561e-01 -1.238204493833678921e-01 -4.713152473279182963e-01 -7.173968368122993766e-01 8.120025453802266480e-01 5.197383591499002975e-01 -5.068846139830287534e-01 8.651969861408566054e-01
-3.037259673909855628e-01 -7.179974763668777182e-01 -3.222957498034133561e-01 5.195855042703401150e-01 -4.227662088015728958e-01 -4.130004147538794967e-01 7.438361993759272650e-01 4.257665112960102860e-01
5.164561737448074563e-01 -9.090302168799611060e-01 3.391320627875402671e-01 -6.973074697642531738e-01 1.811803650610814831e-01 9.596236472742731838e-01 -6.982737522587547652e-01 6.013304358370108460e-03
-1.910302947126396589e-01 -7.210650486049445806e-01 -4.872146628513074340e-01 7.799629037125133113e-01 6.689074239925283383e-01 -4.816722880299872944e-01 7.408893770432460890e-01 7.685486714675213715e-01
9.585052220171970117e-01 -1.012959630823322410e-01 -5.116292876661352462e-01 2.628305606303142916e-01 -7.156668476765004616e-01 2.958409878672747517e-01 -6.519166925610302421e-01 -5.368791699416151086e-01
-5.573460832156496014e-01 4.991978514025183777e-01 5.371880417297834054e-01 -6.155245021940551897e-01 -2.549513771359339653e-01 -1.779813031546784163e-01 -9.271607342183147971e-01 -5.892970675356055121e-01
