-5.311562290126028429e-01 -9.941305000328648500e-01 6.338515679457390473e-01 -7.256748438943918522e-01 1.437341084216667841e-01 -7.657225143518697763e-01 1.969001426324628046e-01 3.403992044704022835e-01
-6.631298450202443018e-01 3.024836392013190434e-01 8.148112436122163516e-01 2.944355836169123553e-01 3.790566067393208449e-02 -5.442185182203036486e-01 7.950641941258647094e-01 9.477809217800015062e-02
9.122446473780847498e-01 -2.476035755712222564e-01 2.197186391217356149e-01 -9.444587987617079072e-01 9.167658095038673238e-01 7.433702374997301909e-01 -8.716678676284357330e-01 9.085665359214230019e-01
-5.458289434831542497e-01 7.123725997463612458e-01 4.462952462277396393e-01 -5.111698282712209274e-01 1.588363593431227905e-01 -5.013066556638514637e-01 -1.399958896169892775e-01 6.206867223732448480e-02
4.989196463506706536e-03 -5.669382618830827170e-01 -5.796585366792230687e-01 -4.396292119394544784e-01 1.449663319259566485e-01 -3.275554484044529424e-01 9.929814970343020519e-02 -8.665822851357680712e-01
-3.283742923718553364e-01 -2.793854709647909385e-01 1.674485853460199181e-01 -4.076360288195883808e-01 1.388684233425749870e-01 8.978470459270881943e-01 -3.196925057097810274e-02 -1.389368257671088625e-01
1.925957043823018910e-01 2.029165155065049131e-01 -1.245830529005516052e-01 -3.562322363139382997e-01 7.715232923697212808e-01 -9.918215620502441876e-01 2.724165744832223179e-01 -9.456509115996973858e-01
1.753598789020256454e-01 -9.488716880931487019e-01 -4.071411065582297706e-01 -8.090745454412264781e-01 6.528164270267677871e-02 2.024133542234978211e-01 1.013748175167361598e-01 -5.041741662827028403e-01
-1.260173953381660272e-01 9.035928849870844548e-01 4.860725318338157130e-01 1.738848361214198057e-01 -5.971480518568932361e-01 4.470756794412766855e-01 6.905704475376361895e-01 5.590471174497266826e-01
7.825655715403669888e-01 -6.890008429379570476e-01 -7.381847763194737677e-01 6.768462282917122597e-01 9.093349832453194725e-01 2.061114512239325958e-01 -7.459673257667258639e-01 1.324532777745011103e-01
