-4.738735423561128979e-01 5.251880082036204378e-01 4.967053689017477680e-01 9.755325401475922753e-02 -3.251879360816798403e-01 -3.407918982246131989e-01 3.962971356713778093e-01 -5.244332677781864405e-01
2.254098801784274464e-01 -1.037188944806810564e-01 -3.344053070358676827e-02 -8.163486260803598515e-01 7.943263929600297146e-02 4.828116796445305337e-01 -3.788489429153685251e-01 -4.968713819445857993e-03
-8.662108990656691709e-01 4.886715981726719171e-01 8.649489218683843461e-01 -3.736933370883017691e-01 -1.633330133384485183e-01 4.759416816194528277e-01 -6.645880581334566717e-01 -8.720974008309860803e-01
4.381451353187326703e-02 -9.475952406716077192e-01 8.784399744276232269e-01 6.462110135357896912e-01 -9.956335491246945946e-01 1.018387096583610596e-01 -3.446654518675089651e-01 -3.254184962371371448e-01
8.263543735767653331e-03 -6.605494897911998731e-01 -2.062425254715383183e-02 -6.591168497202433141e-01 -7.773375245944609269e-01 6.099851677310650366e-01 6.069936465188572328e-01 8.705057799658872941e-01
-4.005268714319765166e-01 -2.574003556081285726e-01 -5.583171925943153369e-01 -9.527584323829358937e-01 -1.298684730969124068e-02 7.913980417762611630e-01 7.826835844970991829e-02 2.720059639494554204e-01
-1.029038961660593277e-01 8.341243269432010443e-01 1.229437098325616429e-01 5.048217857358019423e-01 6.084058507047829245e-01 4.454361957117427551e-01 3.441719399628162535e-02 7.592471212398121949e-01
-9.689383388102141836e-01 -6.751365409071090617e-01 5.127257455776701445e-01 9.666412046073655784e-01 7.661693825825490745e-01 -9.363194510914600865e-01 -1.307623468499901076e-01 -7.772984854984545944e-01
6.130250359576965291e-01 1.734839323987253934e-01 -7.942922725527472583e-01 7.556373645391412097e-01 -5.328699887732777363e-01 4.686664834746079311e-01 -9.383268246378124733e-01 7.510303320603348709e-01
7.566474354482426445e-01 1.007642488259108404e-01 -6.247068936264472683e-01 4.711793526079288696e-02 -5.283746157991335846e-01 -5.340103109319334074e-01 7.504130825405896932e-01 3.623880901242393371e-02
