7.547528707658091029e-01 1.212030917327331370e-01 3.914934234972535787e-01 1.704056403120961516e-01 -9.626275697461330605e-01 -1.427466952511695641e-01 -2.642375026851575548e-01 -4.228241294121650728e-01
3.070756224250985600e-01 -7.858597373588704915e-01 7.696728066231754983e-01 -4.678788579666504077e-02 -5.747533126646087176e-01 2.810948722757582452e-01 2.277499078585272230e-01 7.397569385973126188e-01
-9.765560403395845412e-01 -2.271484512469932326e-01 -6.063808240312162923e-03 -6.674239535203421170e-01 2.183829400504189167e-02 -8.448439475186242387e-01 1.820799513971236294e-01 -1.948058145396427410e-01
2.780224200406020696e-01 1.382845037398472421e-02 -8.025241303101684487e-01 7.807090547999464558e-01 -6.566666832619063587e-01 5.800134835903802966e-03 7.273499541617092223e-01 8.024492340457671791e-01
7.326664762858698943e-01 -3.742222289212762121e-01 -7.219316747737987150e-01 8.413750680320180031e-01 1.205241287901177571e-01 -5.665639240751119132e-01 2.502990132822846547e-02 -1.258167998245740549e-02
6.473701917566008213e-01 7.248516715836910151e-01 -3.860470143170573465e-01 4.168594819707340804e-01 2.311246231800216933e-01 -5.647644798655235832e-01 -3.654407391993321763e-01 -5.597228477593922946e-01
-2.124328550479035460e-01 7.445489498337545253e-01 -2.230071597696725583e-01 -2.976565635956012201e-01 8.222741866412199840e-01 7.501836931464942460e-01 6.685866015269332774e-01 -5.555306127479116007e-01
-6.129511308440969142e-01 -5.719658865780123946e-01 7.626015234466005932e-01 7.956654173068398173e-01 1.191842298352019380e-01 1.346719759592422960e-01 5.885291055060382082e-01 2.673242268308158032e-01
5.312762980484175834e-01 1.831458831031846923e-01 6.250648330650394602e-01 4.577716558110167533e-01 8.465207578488986861e-02 6.148191287625284218e-01 -1.367000449606914358e-01 -7.493668930443593279e-01
9.589017217755044786e-01 4.614027476653002058e-01 -1.236500497455550462e-01 -9.197890196095235282e-01 2.832883831587946766e-01 -8.239888244797344274e-01 -9.781614578284472117e-01 -4.658580405818957271e-01
