-2.148672702783567257e-01 -9.107027373220568656e-01 8.343487700115181926e-01 -5.777378037586269333e-01 3.803911205958798725e-02 -4.190918757783197446e-01 8.354955784587820844e-01 1.428340406958508169e-01
8.968047996810737388e-01 -2.779647771673434686e-01 1.337386750389870649e-01 -9.639495370670965180e-01 -1.507573601406235753e-01 -7.832668521953169982e-01 -5.716622807709235143e-01 -6.109171754055333636e-01
3.238585214835421056e-02 -8.505972951434404017e-01 -2.417825946181506591e-01 -3.426390092967439571e-01 -2.523423352017104548e-01 -2.452685556826170732e-01 3.474836594855115202e-01 -2.452125276579919522e-01
-4.211739292183613870e-02 8.649636370055433510e-01 3.102055392400160372e-01 -4.910373432459920195e-01 -8.064471676989484195e-01 -3.323007662473127510e-01 -1.096067090715762138e-01 4.029990647528918224e-01
-7.435851057722846491e-01 8.724339895844277493e-01 -2.119358743603081408e-01 1.296923789031518837e-01 -7.225820822139028543e-01 -5.709896439295396586e-01 6.246432901794911619e-01 -9.297606092617718421e-01
4.162855209757772013e-01 6.297005745191321946e-01 -7.168764086028200921e-02 -9.956854785794095886e-01 5.659545578040094949e-01 -9.221306275115259687e-02 1.551074136624144284e-01 3.093464144284368000e-01
-7.412767194270191151e-01 3.515168624413338438e-01 -8.647958784071840821e-01 5.696342433968277774e-01 8.320735825781451211e-01 -4.914322102912109802e-01 7.849820232077366899e-01 -1.738304528376637403e-01
3.027977626560738322e-01 -8.266695327613637900e-02 -9.534268577141118417e-01 3.509778710822213377e-01 4.944126271958053653e-01 -2.650273592365535169e-01 9.502792509556563516e-01 -9.602176859579052426e-01
-3.731778043010309798e-01 -4.420725692410922836e-01 2.118223754857699870e-01 1.460953083394087582e-01 1.541688054334804381e-01 8.664994842602820047e-01 3.183865087114123860e-02 -5.066382916712086626e-02
7.246269001398353282e-03 -4.753555855436299993e-01 -5.519269293955166855e-01 -3.159800265925858387e-01 6.820786002623706601e-01 -7.320534518677390690e-01 8.862000090524670970e-01 8.904914224736948380e-01
