-4.947510080088124429e-01 2.882059150771989486e-01 -6.479010356782082258e-01 8.066452059922559759e-01 8.275152154694784823e-01 -9.336551095733924832e-02 4.902767170011730347e-01 7.934582485065819757e-01
-5.261626060756789958e-01 -7.870667607890191597e-02 5.153677652214883054e-02 2.184967723677753160e-01 6.618437252615272381e-01 -8.060740176263014867e-02 -2.825421466115749514e-01 9.076788622322129463e-01
3.670366449137165699e-01 -3.921063450885817758e-01 6.249034102388186795e-01 5.858442028172758942e-01 -8.797435631241308229e-01 -9.659053840900400090e-02 9.399077508458235641e-01 -1.117935980039392874e-01
-7.830770766499917102e-01 6.517388027105757153e-01 -8.699975431076045762e-01 4.877010590265229428e-01 7.233800180745459940e-01 1.039898608927272150e-01 9.209376411342320434e-01 -7.606929749921751416e-01
-5.752154757846179578e-01 8.046757190692703787e-01 8.571004087598750321e-01 -7.598685027176494966e-01 -7.091871867031986909e-01 4.890975441014169256e-01 -1.222035634235667523e-01 -5.408028485577323075e-01
5.564552497392383223e-02 7.901371699339816423e-01 -5.796393547840230642e-01 1.787372933025488386e-02 4.150246625392512989e-01 -3.375756953690018936e-01 5.887304449963817188e-01 -3.390571000809594615e-02
-9.310086063458289374e-01 -6.684407644580361296e-01 -3.078781766295715094e-01 -2.117753423940147428e-01 6.747284382181084617e-02 8.022184340090836585e-01 4.920611384194022442e-01 8.174499097093421707e-01
6.793066922512782657e-01 1.047173929978080231e-01 -4.077713725417142498e-02 1.819260163332918623e-01 1.982611506956415415e-01 5.868371496106037366e-01 -1.998953084765897614e-01 -8.421239188570326384e-01
-7.231342098428565901e-01 9.459162890462486928e-01 3.341693778511756197e-01 -4.375855913647903606e-01 -6.380247916234926819e-02 -3.340414027629767801e-02 6.196819064845850988e-01 -5.715575327050828047e-01
1.778650530310366129e-01 7.726581977420636793e-01 5.458869910385406587e-01 5.832328461454954205e-01 6.241735489235635814e-01 1.301075969853797698e-01 5.795707510355874170e-02 -6.149719222074994107e-01
