3.107533740600956218e-01 3.786307255812322303e-01 4.245785294062958126e-01 8.195208548326626818e-02 -9.004256444641325352e-01 3.214268352093854197e-01 -4.522405913127149901e-01 -4.401892093409500717e-01
2.816103482241192335e-01 -8.896075984841909090e-01 1.498395153343994313e-01 3.635244556356700407e-01 -9.631443426432717558e-02 5.687705284736974676e-01 -5.326890100064145539e-01 1.591520657864082811e-01
4.373831690021290353e-01 6.479834866611258182e-01 2.058737342453105246e-01 5.385320403452327209e-01 1.823146684985386123e-01 7.313721563369615097e-01 9.557411630379886169e-02 6.574395152579073365e-01
-9.838813322011692453e-01 -5.720279357207478377e-01 3.304599289957541597e-01 -1.942445656092017803e-01 6.207684332610214906e-01 5.329576586088404788e-01 8.298490765894517285e-01 -2.871136725844822823e-01
-1.259345715474071703e-01 -3.526144377437880895e-01 4.312555800841566533e-01 -7.865055000947454023e-01 7.738487116096708363e-01 -8.455366494837179836e-01 -1.945518534387615794e-01 7.892924176245248447e-01
8.798639585418577269e-01 8.831937700895600152e-01 2.460018936800176803e-01 -5.124927870385207473e-01 -7.557748558856074439e-01 -1.409243995006328465e-01 -9.348699744861965755e-01 6.888891128843432909e-02
2.710313281984402245e-01 -1.083123035088082720e-01 1.419018840815342575e-01 8.694410325483028501e-01 -6.615966581070691355e-01 6.129293864103375622e-01 4.916509767210532900e-01 -5.887598356324563742e-01
-6.360088303400923682e-01 -2.950537193960836024e-01 -3.525206295203364704e-03 7.372277570583845030e-01 -9.192909851056951798e-01 -9.133437352298330314e-01 5.294267873241149669e-01 -4.815428288469014717e-01
-4.897513432968638725e-01 6.056957042918520440e-01 -7.519920923269178825e-01 9.916766223562243354e-01 2.788294495322163336e-02 -7.482902296745148618e-01 -1.998022679272892788e-01 -1.146910738748507796e-03
-3.825129516686522901e-01 7.012960325107624460e-01 4.498591061358119259e-01 9.826536129053249358e-01 8.342638992163451395e-01 -8.513522652885385789e-02 -6.215059808325953394e-01 -4.351323099222936808e-01
