7.548576730019587178e-01 4.209765703813865834e-01 5.267222090241725496e-01 -2.519216169332731958e-01 -8.530715623701923267e-01 6.467945177207892193e-01 1.425200617762596433e-01 -5.436363798681878023e-01
8.961094642226130613e-01 6.813486597909224063e-01 5.238243264188566783e-01 7.596824708237555068e-01 1.776524742805225543e-01 1.727911164003823608e-01 5.335012206939042656e-01 -5.299688315530122207e-01
-4.901767754483712380e-01 6.000014787034613217e-01 -3.291196646784659841e-01 5.538121184018345300e-01 9.013190645295596770e-01 2.557990536081207189e-01 8.944536158322553554e-01 -2.407785833132194409e-01
9.060201026041547756e-02 -8.068182881177354826e-01 -1.397647388652139000e-01 -8.676256897797487433e-01 5.887462731612578271e-01 2.390164103557033126e-01 7.323313475341068912e-01 5.139322427595467424e-01
7.151337432083464396e-01 -5.360930962323806614e-01 6.231756211313062011e-01 2.120122648210989169e-01 -7.185499026379462695e-01 6.601023273221746646e-01 -6.558533308987952726e-01 2.434057959739264199e-01
-1.677910331081824413e-01 -5.184393730137297762e-01 6.304527295931339204e-02 -8.074905292806520141e-01 -3.112899706013287915e-01 5.150711613187721749e-01 -5.821014979868954775e-02 8.695344724331417474e-01
5.396100868401734196e-01 -2.944026804288792931e-01 3.977570526003182394e-02 -3.772948401059332824e-01 4.507180180263394842e-01 -6.013680954688960245e-01 1.924860041995790638e-01 -6.298387333805912647e-01
-1.594618613633471682e-01 9.693547404735898265e-01 -4.330388628847698929e-01 -4.722397703537757341e-01 -4.111372791239287228e-01 -2.744369294648989488e-01 -2.234017311759752822e-01 -4.974982574771966704e-01
2.310552150465094989e-02 -1.293016236893906878e-02 6.977815632339556817e-01 -1.825280738593459962e-01 5.031185080316282754e-01 7.694714090311656207e-01 8.144918338939288738e-01 -7.048462572065052889e-01
-6.630732589445464953e-03 5.202765033797636107e-01 3.116400682971238734e-01 1.721329494742152022e-02 2.004491131268348880e-02 2.505913484516484324e-01 -4.609257419115604382e-01 8.058737278874998911e-01
