-2.025004569578272573e-01 -1.407387659059440299e-01 -4.107661177471495506e-01 -5.301164599580523440e-01 8.666561630617983791e-01 -3.666860654052268575e-01 7.203382397000119841e-01 -8.473881261266225096e-01
8.872066716335669234e-02 8.592236783649536136e-01 -8.473727780218442973e-01 -8.075087958138498223e-01 8.322363779848047649e-01 -7.362143451267031402e-01 6.907687539494338225e-01 -2.875683825038966024e-01
-9.658446917972400847e-01 -1.363084704320873808e-01 1.716982079807269912e-01 4.506450118262295135e-02 3.294484289573285096e-01 8.431763629390809367e-01 1.335158465298933450e-01 -4.369024973576181026e-01
4.688119047549741403e-01 -4.467917142099564476e-01 5.043570036125517575e-01 7.399188121740496449e-01 5.936525894289497174e-01 3.121915181320478183e-02 -2.188234105461033252e-01 -1.909242301207001447e-01
8.678178818201469635e-01 -2.876909516288972402e-01 -3.622828490260152634e-01 -6.208246292503649677e-01 -7.055117257010929954e-01 -5.802182365602381875e-01 9.986158583827460244e-01 3.202135452993140063e-01
1.990523965696415765e-01 4.601976713119524387e-01 8.653814386832880956e-01 6.396979971262286568e-01 4.347249923858347298e-01 5.105198461914874919e-01 -9.844717268579603608e-01 9.129186235226007806e-01
-2.347783556524150050e-01 -3.811831571757107184e-01 -8.117270323549088396e-01 8.736072635713352241e-01 8.652060181927738736e-01 7.961322443082774480e-01 -8.262444338869514571e-01 2.843707733159361872e-02
-6.207068635753565378e-01 -4.005964175915190939e-01 -8.437071940498686029e-01 -3.374576803773898792e-01 -1.543268959230696957e-01 -8.822182085042684641e-02 -4.662034045976071184e-01 -6.433966799222803346e-01
6.149508730209227725e-01 -3.102919397656374034e-01 6.341094903836690388e-01 5.860890759383667881e-01 -6.741377354116464549e-01 7.798030059670886249e-01 6.283956186765571328e-01 -8.693041520706148440e-01
9.519997210973183410e-01 4.788744533890496591e-01 2.981578254276642248e-01 -5.228268149105950169e-01 9.841151554089508924e-01 -5.467541737573073934e-01 -7.667603001016869424e-01 -2.589874069387816391e-01
