3.317329241649495941e-01 5.147814230856684325e-02 6.102224421195383552e-01 -6.553451992907703971e-01 -3.204146444143178840e-01 2.297021299242290038e-01 -1.430693499154629400e-01 -7.665218386403593875e-02
2.351229121301834368e-01 -8.824248134125050047e-01 -8.973716594383531753e-01 -2.388139874952919239e-01 -1.758728624635670368e-01 9.855026932587063193e-01 -2.085613384360420763e-01 -7.896481411002527206e-01
1.307630538761002104e-01 3.516337539162170955e-01 -5.904569193204971533e-01 7.930041032229644404e-01 -6.825322158153215302e-01 -4.663066023926016879e-01 6.100167227526918090e-01 9.967027902944072260e-01
-5.587965889777155581e-01 -6.076364266152360916e-01 -2.441058173636678763e-01 -3.785533029744736488e-01 8.081311385476186437e-01 -9.603312494771580887e-01 -8.146838016905060265e-01 3.792328432027600726e-01
2.147935469960846611e-01 6.820801835748095954e-01 -3.701320532528791230e-01 2.218603980679616505e-01 -7.315819978916513477e-01 8.887665344889976726e-01 9.823777914138991374e-01 9.839978818080818979e-01
-5.702950498776366839e-01 -5.891211929771946743e-01 -6.567259129947640162e-01 -6.915854458329520060e-01 5.979223507897304390e-01 -9.408680631813604034e-01 9.862334183032281931e-01 7.034385883234217651e-01
-6.309440560321719627e-01 -3.713173633487165670e-01 -1.656133511485458065e-01 6.349679732363266993e-01 6.883356240105480417e-01 3.619813560450722001e-01 6.667857983042126957e-01 -8.373861957091721653e-01
7.562813063007953751e-01 6.804187623147051056e-02 -3.587670303481462764e-01 4.735192118881503820e-01 -7.084245074167063727e-01 3.247629064516839303e-01 -7.052646858813742536e-01 -9.459923479154426218e-01
5.051189455231965830e-01 4.566609597628690231e-02 6.415729645939614034e-01 1.812332651430139663e-01 -4.297643851115109381e-01 -9.340257683173978087e-01 1.462641282294834255e-01 2.745754941609364064e-01
-5.830873349237595260e-01 6.637285895684950088e-01 2.981936905181012953e-01 3.929907414462325832e-01 3.764308243969782808e-01 -4.002983624093086057e-01 7.429995899215890987e-02 4.525222885898063652e-01
