-6.283794870345293937e-02 -9.066403070220105942e-01 8.852098572906823559e-01 -1.721312253272520021e-01 -5.099853009000856474e-01 -4.365709144652423213e-01 9.398822024599462477e-01 -6.642317198742464512e-02
2.525902548014100635e-01 -8.513170570260708558e-02 3.345259159530120652e-01 -7.436467152477070908e-01 9.764598176891925441e-01 7.335136080191706487e-01 -4.627689880202072725e-01 7.376801580339851228e-01
2.670447307986876240e-01 -7.692285743377880181e-02 7.527832864933896584e-01 -5.208458407520439870e-01 -9.088385067177418009e-02 -2.561096857733637933e-01 -8.833806152215433194e-01 -9.013150233830999891e-01
8.324528198782159549e-01 -4.085814916333272429e-01 -1.436171390114788782e-01 8.195329627900855840e-01 -3.377459353492602290e-01 3.506159606991174904e-01 4.060383449959434898e-01 8.887992128602091313e-01
-2.423543542065487166e-02 7.954866363522443695e-01 2.370373880648746212e-01 1.532813307346414522e-01 3.281335598023342737e-01 6.393425965089738483e-03 9.766444588886886713e-01 8.396407203974052269e-01
-5.558113091083085600e-01 -5.851024467527023987e-01 -2.988587792888575123e-03 -4.339088266231823088e-01 4.796897708018306172e-01 1.702572012761760512e-01 -6.435164159316264509e-02 -5.181075293808414806e-01
-9.160017753658733497e-01 -8.272925370537755896e-01 -8.373667385576455402e-02 5.324329943797556641e-01 9.164877544109328866e-02 -7.762777099365469891e-01 1.475613430536892867e-01 5.820711560604219237e-01
-7.251537850416154285e-01 -7.784705960734943364e-01 -2.135326633284100328e-01 4.137890889266500061e-01 2.847621181613635422e-02 1.506459588775390657e-01 -5.659044883686978888e-01 -3.956731031371216734e-01
-2.417263325663741025e-01 -3.677438650985020985e-01 1.134652918822525169e-01 -9.020795967673900240e-01 8.383403812853851278e-03 -5.358111746445166634e-01 -8.588981691591053291e-01 -5.173188845753884380e-02
2.710752103639009203e-01 -3.084806860507502968e-01 4.969468748620951004e-01 -3.009572456150411135e-02 8.148271093972447865e-01 -3.333956338985180068e-01 -1.254366601346190713e-02 2.078702638381728640e-01
