-7.436609930703026450e-01 4.546732659738046411e-01 9.250106488457476850e-01 2.882245450467859627e-01 -7.846547377361876574e-01 -2.358666438583376657e-01 -8.146640358031569384e-01 -7.576940472131561410e-01
2.010023016494444370e-01 -1.433401817142008206e-01 7.997931880786361969e-01 -1.585490613899154244e-01 8.159434407651695587e-01 -9.111509035951192992e-01 -9.717011408063020994e-01 -5.900793400234578545e-01
3.231114208397993792e-01 2.727100988349568933e-01 -7.504109760702792897e-01 5.075055291336625363e-01 4.561897928326930085e-02 -6.418307257507678276e-01 8.032862855791531587e-01 9.198580444577528770e-01
-9.011809901536060874e-01 -5.318355028418149111e-01 2.953953559243711613e-01 8.388111652817578090e-01 -4.223037369980948696e-01 -7.232288833970419439e-01 -7.630554430114957487e-01 -2.778026159714239718e-01
3.267541422368689386e-01 4.965558949740285222e-01 -8.720605448160123618e-01 7.699286017196191878e-01 2.290398609773878214e-01 7.269768966331136006e-02 -1.298166599002057442e-01 -3.172548187654216090e-01
4.835212844470082594e-02 -2.066973711199735497e-01 9.864670939213548984e-01 9.719059451982361431e-01 -4.304633776271473700e-01 -8.685678083830239427e-01 -8.123946201311382787e-02 2.938180331478457141e-02
-1.052692183235228729e-01 -5.975610424883255334e-01 5.282834281146293609e-01 -5.378973949530978516e-01 7.495967163387762255e-01 2.353382595668520594e-01 4.592654584350706060e-01 -3.036931514441840729e-01
-9.112844280773590988e-02 9.362079387973771816e-01 -7.036257840333255409e-01 7.258489928676943315e-01 6.250569057576926824e-03 -1.779296508020953294e-01 4.208591467496347605e-02 -9.060552155231322846e-01
6.998460258071592666e-01 -2.763333368690141789e-01 6.296467801201695025e-01 -2.650316254103768365e-02 5.163174579741443004e-01 5.917059311817303158e-01 9.470009322804755492e-01 -1.970849575228772466e-02
-6.728529304557910873e-01 -4.901898962293695927e-01 -1.226409444639158242e-01 2.711242188875055970e-01 -9.007778373894612667e-01 -7.367599499005466068e-01 2.227067607624977352e-01 -7.227992273405494661e-01
