2
5
10
14
17
22
25
27
32
35
39
40
45
50
51
53
57
62
63
64
69
71
75
80
81
84
86
91
92
97
100
102
104
108
112
115
120
122
124
127
131
134
137
140
144
148
153
158
159
163
165
166
168
173
178
183
184
187
190
195
199
202
205
209
213
215
220
223
227
231
233
236
238
240
242
245
248
251
256
259
264
267
270
271
273
274
279
280
282
286
291
292
294
299
304
305
310
314
315
320
325
326
331
333
337
341
346
350
351
356
357
360
362
367
370
373
376
380
384
388
390
391
394
397
399
403
408
412
413
415
418
421
424
429
430
431
433
435
437
439
441
446
447
449
453
456
461
466
467
468
473
478
480
485
486
490
493
495
497
500
502
503
508
512
515
518
520
522
524
526
528
529
531
536
540
543
548
549
554
555
556
558
562
566
570
571
573
577
579
584
589
591
592
597
600
603
605
608
613
617
618
620
621
625
626
630
632
634
639
642
643
645
647
652
654
658
661
666
671
672
674
676
679
681
685
689
690
695
699
701
704
708
713
714
717
722
727
728
732
737
740
742
746
747
749
754
758
762
763
768
770
774
776
777
782
786
788
792
793
794
796
801
803
805
807
808
813
814
819
824
828
832
833
837
840
845
850
854
855
857
858
859
860
861
865
870
873
877
880
884
888
891
895
898
903
908
912
914
917
920
925
927
929
933
935
940
945
947
951
953
958
963
968
972
977
980
981
982
986
987
989
991
996
1001
1005
1009
1012
1017
1020
1024
1027
1031
1034
1037
1041
1042
1044
1049
1051
1053
1056
1061
1065
1068
1069
1073
1077
1081
1086
1089
1090
1092
1094
1096
1097
1100
1104
1105
1106
1109
1111
1112
1115
1117
1121
1126
1131
1134
1139
1141
1146
