-1.4729337018566004
-1.5438275337039782
-1.320264908374616
-1.556164619165535
-1.4261560619038738
-1.505315513973436
-1.6135403961193162
-1.6202257708267684
-1.4270297393930804
-1.5222986106994625
0.35462424848084495
0.3709696239760606
0.396642591669077
0.3966565091947055
0.39664192367535694
0.3966589443179582
0.3966591175248905
0.3966414966494672
0.39666087977227404
0.3966410540604237
-2.484849468629912
-2.745337312417585
-2.8813135148714304
-2.752552494796322
-2.31786637790333
-3.031942325185495
-2.707588997525879
-2.754007738411774
-2.647997373241059
-2.7901237987791787
-1.3401449900550215
-1.3375862038039843
-1.0367637699694956
-8.919872580071484
-1.1946754273864462
-2.248852776208094
-2.1338634315261023
-1.5055640560544084
-3.614294700734818
-1.8833863044208559
3.3124433487785763
3.127467636852412
3.502738308447034
3.2797913680617494
3.410664982741147
3.1102128882469757
3.0640110654394808
3.277950188636677
3.0141515131433954
3.1279964181119055
0.9951005846840313
1.1288999267178663
1.0919751564370788
1.541269524868048
1.0114779760654713
0.6620551546717042
1.5736088649466717
1.0450186979644194
0.8769496536971425
0.9671766507603216
0.7469648034088683
0.7473397421341051
0.747324756840662
0.7475927606603044
0.747405637626869
0.7458734108058217
0.7473247568403422
0.7467499134610944
0.7473310635099328
0.7469104447599136
0.006864282654426101
0.006864289238951471
0.006864289238951471
0.006864318444080983
0.006864319695962021
0.006864314561672094
0.006864318444080983
0.006864289238951471
0.006864289238951471
0.006864282654426101
-0.08842885153448958
-0.08842885153449193
-0.08842885153449193
-0.08842885153448894
-0.08842885153448633
-0.08842885153449218
-0.08842885153448894
-0.08842885153449193
-0.08842885153449193
-0.08842885153448958
-5.632735719309136
-5.552978122112797
-5.632733568286462
-5.632750752167173
-5.63274174197431
-4.507156373862636
-5.632737813017275
-5.632740390096444
-4.660141187919674
-5.632727974261061
0.13435919738528004
0.13435919738611368
0.13435919738611368
0.13435919738597507
0.13435919738623178
0.13435919738609176
0.13435919738597507
0.13435919738611368
0.13435919738611368
0.13435919738528004
-4.572288836679423
-4.452054707039195
-4.7689015914060615
-4.876541175749893
-4.372359103788569
-4.6364676858276255
-4.783995358256386
-4.739343920751753
-4.636442326202681
-4.881964268074603
0.8741130117995025
1.7529332326448266
2.1072583573353914
1.2223431744352655
1.0745340722587902
2.107485147064416
1.27600827147627
1.2222795738069736
1.0955009714557071
2.1074412930316764
1.9347737782700114
2.3579942993856706
1.7158904600150913
2.2574606531266435
2.1662502519594002
2.175735703111878
2.1204478372728577
1.7158801748955144
2.6462799867180924
2.609825056874166
-0.053494877569729635
-0.05349159543134057
-0.05348783902158863
-0.053496731625669605
-0.0501743165596488
-0.05349673167308321
-0.053493465167518614
-0.05349673174754244
-0.05348862497287952
-0.053496732259128946
-6.539646957098135
-8.62351357808965
-6.783577177094949
-4.8769252447848235
-6.401087884659423
-6.204501089666187
-6.419645116064681
-6.059114397552425
-8.029972552691437
-5.546113087933884
-0.0553087750703391
-0.056380009800505546
-0.05531068506436965
-0.05532636297105353
-0.05629279494222522
-0.05532463928085138
-0.05533412637198894
-0.055311334031467235
-0.05628405691671007
-0.055326865740254264
-3.0903357658011865
-3.6622316539285213
-3.504546838083794
-3.4767513752236225
-3.5129830663856376
-3.35364322585929
-3.3554646262229992
-3.139607152069857
-3.137620595539091
-2.9883257424853946
-3.112884418213187
-3.1129087971262286
-3.1128797180383416
-2.89980252850973
-3.112928417479666
-3.023606151749934
-3.112880739135167
-3.02362495756271
-2.899868516724247
-3.112836622068067
-5.607902475492074
-5.872879491740123
-5.784352184095373
-5.800733386616932
-5.607923866157757
-5.76751123705093
-5.607847980987791
-6.030807160182844
-5.872599379660511
-5.607841604474505
0.11340659447245982
0.10727188110730779
0.43147361814929935
0.18004759058873512
-0.4760966788030843
0.5596960658690364
0.11337946100942764
0.5597268066879852
0.6642436886512968
0.9918846209490988
-9.80378845280658
-9.67131420762058
-9.803798171117727
-9.803786195424863
-9.803947956816685
-9.803940532644846
-9.803952989890258
-9.803752130058601
-9.80383725528624
-9.803921805559652
3.550035176432039
3.550079124506492
3.5500477855857167
3.550082912101619
3.5500218089957265
3.5500293334260817
3.5500380726473684
3.550076170091063
3.5500312850204203
3.5500356647991294
-0.16171826205884846
-0.16171826205884313
-0.16261998294610655
-0.1617182620588517
-0.1626196184224739
-0.16261961842248196
-0.1617175560740968
-0.16261961842248465
-0.16171755607406685
-0.16261998294610178
-3.6158279489502076
-3.9754929635733687
-4.769180287410821
-3.6926678001601734
-3.3817110991764263
-4.564687661708084
-4.073203117281059
-4.046984370148295
-4.011884734685466
-3.668642138812535
0.6569203302654789
0.6616037586779993
0.6636711869590438
0.6615975916326969
0.6636716828364868
0.6536901108863161
0.6533960401254681
0.6615963228702127
0.6636753169150745
0.6536858716063625
4.324987915759171
4.001336842665983
3.8094950364773954
3.833589584045637
4.1889241211309916
4.175851544486338
4.492637927082262
3.4988338597314947
4.1921719856782005
4.360679336805893
-7.16354816435824
-5.774149653635478
-5.680139433405745
-6.8828455079330215
-5.776045990805937
-5.662851094317516
-6.664699487868034
-4.469932985906275
-4.228982822187862
-6.559461399376299
2.225471198596467
2.2253661336477495
2.2254068373654374
2.7533709075756674
2.2253040775811916
2.2255433439671144
2.3513315987555474
2.225547869323863
2.2254722008601133
2.225504195166429
-1.3780502680372702
-1.3253677412897675
-1.409809878840669
-1.4098217361054464
-1.3253585866928903
-1.4098119162740077
-1.409798822017505
-1.4097699180847898
-1.3779891788034115
-1.4098210661467139
-8.989355537107
-9.060475553558275
-8.884944516521221
-9.041640434106052
-9.70069229496025
-9.132802341952804
-8.88573081569261
-9.049352025539458
-9.537575942837506
-9.040169143318222
-8.009738280220326
-6.63345673115189
-7.28859075664567
-7.077270415282239
-7.546635542154799
-8.208752032821058
-7.894407132534425
-8.208953857108597
-6.386519439913998
-7.960974300592208
-1.3589278874137163
-1.3885145809959516
-0.8905570070421329
-0.5439260084489144
-1.2153646646658578
-0.543948315214367
-1.4031572120069762
-1.3340356643047888
-0.42577638154606195
-1.3516996136513046
-0.38308171706854943
-0.3809327732154083
-0.38635237577101933
-0.39528453750958925
-0.38633707221251345
-0.3863523757709812
-0.3863370722125139
-0.38635237577101933
-0.3809327732154083
-0.39529388314971914
2.910068943273518
2.786843681764262
2.8783507793232843
2.800694226057964
2.786847926556256
2.998173687494857
2.4461234497469975
2.9143011885410575
2.8904005285513397
2.8427521277892147
