1
8
11
15
20
28
32
35
44
48
50
58
61
69
73
75
81
85
92
99
102
105
112
116
122
128
130
138
144
147
152
153
159
170
178
183
189
190
196
202
206
214
219
222
229
234
238
241
249
252
257
258
264
271
284
289
294
298
304
307
312
315
321
324
331
337
346
352
358
364
365
371
378
384
387
394
395
404
407
410
419
424
429
432
438
440
445
452
459
461
468
473
479
482
487
490
497
504
509
510
519
524
527
531
539
541
549
550
556
563
565
570
577
584
586
593
595
600
605
610
619
623
625
631
638
641
648
653
658
663
664
671
674
687
693
698
702
709
710
718
720
727
734
739
743
746
754
759
763
769
773
776
781
788
790
796
801
805
814
818
821
826
830
839
844
847
853
857
864
865
871
878
884
886
890
895
904
905
913
917
922
929
930
936
941
947
954
958
964
969
973
978
984
987
990
998
1000
1008
1010
1018
1023
1025
1032
1036
1043
1048
1050
1058
1060
1067
1073
1078
1082
1088
1091
1095
1100
1108
1113
1115
1123
1125
1131
1136
1142
1147
1151
1159
1160
1168
1170
1177
1183
1186
1192
1195
1200
1208
1214
1216
1224
1225
1230
1238
1241
1246
1253
1256
1262
1267
1271
1278
1282
1289
1294
1299
1302
1305
1311
1317
1324
1326
1332
1339
1342
1348
1354
1355
1362
1369
1373
1379
1381
1388
1390
1395
1403
1406
1414
1419
1422
1427
1432
1436
1440
1448
1450
1458
1460
1466
1473
1479
1480
1487
1493
1499
1503
1509
1514
1519
1523
1529
1531
1535
1543
1548
1554
1556
1561
1569
1572
1577
1582
1585
1590
1596
1600
1606
1612
1616
1623
1625
1632
1635
1641
1645
1650
1655
1664
1666
1671
1677
1681
1685
1691
1699
1704
1707
1713
1717
1720
1726
1732
1736
1742
1749
1752
1755
1761
1767
1770
1775
1782
1787
1792
1799
1801
1809
1813
1815
1820
1826
1830
1835
1844
1847
1850
1859
1860
1868
